289.68,289.48,288.93,288.96,290.73,291.96,287.86,286.63,287.3,289.58,290.78,291.58,292.83,292.46,290.21,291.33,288.61,288.36,291.63,288.96,287.53,290.53,288.48,288.5,288.41,287.73,289.58,288.23,286.03,286.43,287.28,287.98,289.53,289.88,290.75,290.98,288.21,287.88,290.38,291.56,289.13,286.41,287.91,291.13,289.11,290.25,292.65,292.21,292.23,290.8,289.75,286.48,286.8,290.38,289.88,291.4,291.68,290.31,291.43,291.56,290.13,287.8,287.23,288.41,286.81,286.93,287.86,288.11,289.71,288.53,290.83,288.03,288.83,286.46,288.75,286.98,287.18,288.23,285.75,286.86,291.68,289.15,286.58,287.46,290.83,289.78,289.63,287.43,285.55,288.03,291.18,287.71,288.3,291.46,289.81,289.38,290.63,286.46,286.3,287.36,289.15,290.61,292.31,289.46,288.5,288.35,289.8,291.43,289.41,287.16,290.93,292.33,287.78,287.6,289.0,290.71,292.05,292.46,290.13,287.8,289.43,290.88,292.36,292.46,289.78,289.0,286.86,287.13,289.83,289.98,292.38,293.21,292.48,289.83,288.96,290.65,292.23,292.11,292.73,292.66,293.48,292.25,291.91,294.58,292.36,290.86,292.83,294.96,294.98,294.71,295.21,295.03,293.43,291.91,290.93,290.33,290.8,292.23,292.86,293.43,293.53,293.38,292.11,293.11,293.83,294.65,294.63,294.16,294.38,295.05,295.68,295.36,295.53,295.88,295.98,296.08,296.23,296.71,296.53,297.28,297.08,297.23,295.96,296.16,296.58,296.55,296.43,296.91,297.8,298.28,298.8,297.86,298.75,298.23,298.5,298.75,298.98,298.98,298.03,297.9,297.6,297.63,297.5,297.63,298.41,299.31,299.0,299.63,298.96,298.78,298.5,298.03,297.98,298.03,298.61,298.33,299.23,298.91,298.15,298.43,298.66,298.55,298.63,298.86,298.6,299.88,299.83,299.53,299.48,299.3,299.21,299.03,299.21,298.83,298.96,299.93,299.63,299.33,299.25,298.93,298.98,297.3,296.8,298.15,297.23,295.71,296.18,295.75,296.93,297.46,298.08,298.53,299.25,298.23,298.46,299.23,298.21,298.38,298.93,298.75,298.18,298.36,297.96,298.38,298.25,298.38,298.21,297.93,298.33,297.91,298.41,298.18,298.11,297.75,298.96,298.88,296.68,297.75,298.33,298.18,298.93,298.71,297.58,297.68,298.38,297.93,297.75,297.78,295.98,292.88,291.33,292.08,293.53,295.48,296.08,296.88,296.16,295.35,294.73,294.38,295.33,296.66,297.28,297.33,296.93,295.06,294.15,291.11,291.88,294.58,296.21,296.36,291.58,290.43,291.65,292.46,292.11,292.93,293.78,293.8,295.25,295.08,294.88,295.23,294.58,291.61,290.86,290.98,292.15,292.41,293.21,293.21,292.15,291.38,291.93,292.25,293.36,290.75,287.8,288.83,289.75,291.48,291.96,291.71,292.33,290.55,290.48,290.41,289.13,290.0,290.0,287.21,286.91,287.03,287.16,288.28,290.66,290.9,291.81,292.21,291.36,292.86,290.48,290.88,291.03
289.93,287.9,285.25,286.63,286.88,288.71,288.15,289.05,287.0,286.0,289.56,288.63,286.83,287.61,290.81,289.78,290.08,290.71,286.66,286.73,288.8,290.33,288.5,286.8,288.41,287.3,285.28,284.78,288.58,290.11,291.21,291.21,289.93,290.05,289.88,286.9,290.08,287.61,286.66,286.96,289.16,286.46,288.58,286.41,287.58,286.71,289.11,288.0,285.66,285.23,288.33,286.5,286.91,285.25,284.81,286.9,285.13,287.86,290.43,286.11,287.86,289.98,287.21,288.66,286.56,285.63,286.68,289.93,289.43,290.46,290.96,290.28,288.03,289.96,287.41,287.38,289.55,287.43,286.78,289.58,290.0,290.55,289.78,290.55,288.46,290.31,287.75,286.63,287.55,288.36,290.58,290.5,290.53,289.55,287.66,288.91,289.91,290.0,288.55,289.68,290.46,288.36,289.33,290.86,291.08,291.11,291.48,291.83,290.18,286.73,288.21,290.5,291.88,292.68,292.65,293.18,290.38,287.08,287.98,292.18,292.16,293.11,292.18,289.35,288.96,291.25,293.73,290.08,288.11,292.58,293.43,291.28,290.18,291.38,292.75,292.48,292.61,292.25,292.75,292.78,292.15,291.96,293.43,293.11,292.88,294.08,293.81,293.21,293.75,293.71,294.61,294.43,290.68,289.8,291.9,293.85,294.11,293.71,293.33,292.78,293.8,295.08,295.86,296.25,296.25,296.05,296.21,296.46,296.38,296.28,296.75,297.16,297.0,297.58,296.75,296.86,296.93,296.61,296.36,297.31,297.53,297.23,296.93,297.33,298.05,298.03,298.41,297.93,297.53,296.71,297.5,297.18,296.93,299.11,299.0,297.75,299.5,299.33,299.06,298.75,298.08,298.0,298.05,298.3,298.55,298.13,298.31,298.8,299.11,299.08,298.73,298.38,298.63,298.91,298.58,298.68,298.43,297.98,298.11,298.0,297.55,299.4,299.88,299.53,299.18,299.98,299.88,298.25,298.08,298.81,299.13,299.41,298.38,298.93,298.96,296.93,296.88,299.21,300.16,299.86,299.61,300.0,299.43,299.56,299.71,299.58,298.98,298.66,298.1,298.23,298.75,298.55,298.48,298.68,298.0,295.36,295.28,297.88,298.06,295.88,294.8,294.68,297.03,297.78,298.1,297.93,297.88,298.38,298.38,298.28,298.21,298.6,298.36,298.21,298.18,298.25,299.08,295.0,294.5,296.38,297.5,297.48,297.28,297.11,297.08,297.05,295.71,296.66,297.5,296.88,297.03,296.71,296.63,297.3,297.86,298.11,296.4,293.11,293.78,297.33,297.36,296.75,297.15,295.25,295.75,295.88,296.88,295.15,291.18,291.63,294.16,296.71,296.75,294.96,293.15,293.71,295.06,295.23,295.3,294.73,294.25,295.71,293.41,290.66,291.75,293.78,293.96,293.46,292.33,295.3,294.03,292.0,290.65,293.3,291.78,289.58,290.36,289.23,289.73,291.58,292.3,292.08,291.98,291.38,291.38,288.46,287.98,291.41,293.53,290.98,290.41,288.88,290.5,291.71,290.3,287.98,288.0,288.11,292.68,291.38,291.86,292.31,292.25,291.53,289.53
287.3,286.81,288.56,290.83,287.83,288.93,290.33,288.83,288.21,289.56,291.83,288.75,288.66,289.08,286.48,286.58,290.13,287.0,286.48,289.63,289.93,288.75,284.91,285.38,288.25,289.46,288.63,286.05,286.73,287.0,287.43,286.25,288.23,286.03,286.48,288.86,285.83,287.5,289.61,287.75,287.78,287.78,285.9,284.16,284.96,284.41,284.8,288.13,288.65,284.58,286.73,288.98,289.23,286.46,287.21,290.11,291.33,290.8,287.36,286.48,288.41,285.88,285.46,288.65,289.2,289.16,288.43,287.28,288.56,289.78,284.21,285.18,286.78,285.38,288.83,288.28,288.9,286.71,287.21,290.11,288.3,291.15,287.91,284.68,285.75,289.48,290.21,288.11,290.28,288.78,286.71,287.53,290.21,290.18,290.3,291.63,291.25,291.3,287.53,286.93,290.36,291.88,289.05,291.68,288.93,287.91,291.11,290.68,289.36,287.35,289.96,292.5,289.93,289.5,287.55,288.13,289.05,290.08,291.88,289.68,289.48,291.06,292.28,292.11,292.63,292.41,291.71,291.03,291.61,291.91,291.55,290.43,288.36,289.05,290.96,292.48,293.38,290.68,293.13,294.08,291.8,291.63,292.73,291.86,290.08,292.36,294.23,292.91,292.5,294.86,294.73,293.28,294.33,295.38,293.15,292.83,295.56,295.73,295.98,295.5,294.93,295.63,294.98,294.91,294.68,295.68,295.8,293.81,293.66,295.41,297.41,296.73,296.91,296.38,296.5,296.36,294.71,297.23,295.86,294.41,294.96,297.3,297.58,296.36,296.48,296.71,296.93,296.25,296.03,296.53,297.36,296.53,296.48,297.0,297.11,297.78,298.5,298.36,297.53,297.61,297.81,297.83,297.78,298.03,297.78,297.38,297.66,297.48,297.8,297.41,296.25,297.33,297.53,297.21,296.75,297.48,298.25,298.46,299.25,299.36,298.98,298.96,299.18,299.35,298.86,297.88,298.9,298.53,298.23,299.43,299.68,298.96,298.98,298.83,298.71,298.65,297.53,296.86,298.53,299.3,298.68,298.38,298.65,298.5,298.88,298.46,298.71,298.86,299.06,298.68,298.63,298.75,298.73,298.58,298.58,298.71,299.0,298.93,298.71,298.53,298.75,298.98,298.43,299.03,299.18,299.06,298.66,297.5,296.88,295.78,296.75,297.63,296.05,296.0,296.63,298.23,298.23,295.28,294.56,295.33,296.43,294.41,294.53,295.63,296.11,296.21,295.46,296.13,297.03,297.11,297.15,296.5,297.41,294.73,291.98,292.55,294.91,295.18,294.98,295.43,295.9,295.93,296.41,296.41,296.3,295.93,294.53,294.28,295.36,295.93,296.3,296.55,295.86,295.35,297.21,296.11,294.43,296.61,293.63,293.46,295.78,294.03,294.88,293.21,293.18,296.08,292.46,292.03,293.18,289.73,291.88,295.33,293.0,290.3,291.46,295.48,294.53,290.0,290.75,294.96,294.86,296.16,294.56,292.71,290.63,288.78,292.71,292.43,292.73,291.28,288.13,287.81,289.68,291.68,292.23,287.21,287.75,289.83,291.36,287.66,287.53,288.61,289.0,287.93,288.28
291.53,291.71,289.68,286.96,286.15,287.83,291.61,291.31,286.88,286.55,288.33,286.43,285.68,286.13,288.36,291.25,291.38,288.93,286.16,291.55,287.75,288.75,289.38,289.41,288.03,290.13,287.33,290.03,292.75,290.86,285.46,285.08,289.11,284.31,286.48,289.33,288.46,288.63,288.33,287.23,287.15,286.8,284.18,284.58,286.16,289.08,287.46,288.25,290.03,288.58,285.53,286.58,290.48,289.13,286.58,288.61,290.25,289.05,286.36,287.78,289.36,290.86,287.41,285.58,287.66,289.66,290.28,290.48,288.83,289.38,289.38,287.43,290.25,284.63,286.33,289.83,289.28,289.75,285.46,285.55,288.28,289.78,289.11,288.4,288.86,289.71,290.4,290.98,289.96,285.75,286.28,288.0,289.75,289.3,289.38,285.98,286.4,288.46,287.86,289.46,290.16,290.28,289.91,289.88,290.41,289.75,288.93,289.18,290.78,292.21,290.68,291.21,293.28,292.31,289.96,292.33,290.25,289.83,290.58,289.46,288.78,289.03,288.78,289.81,291.43,292.23,290.53,290.28,291.71,291.3,290.83,290.61,292.05,291.38,291.13,291.78,292.21,292.35,293.13,293.75,292.65,293.98,294.88,295.36,292.23,292.48,294.46,294.58,293.53,294.21,295.0,295.03,294.83,294.93,295.13,294.83,294.98,294.93,295.58,296.4,296.73,296.68,296.18,296.46,296.08,296.33,296.68,296.98,297.16,297.71,298.11,297.66,297.5,298.05,298.13,297.23,298.58,294.46,296.15,297.88,298.48,298.78,298.81,298.3,297.96,298.0,295.11,295.8,297.73,298.75,298.18,298.23,298.46,298.43,298.38,298.23,298.18,298.96,297.65,297.66,298.75,298.75,298.35,297.83,298.36,298.36,298.75,299.16,298.55,297.71,297.71,298.78,298.03,296.96,297.38,297.5,297.43,297.98,297.86,298.08,297.58,297.78,298.18,298.43,298.21,298.18,298.73,298.25,298.5,297.8,297.71,297.88,298.0,298.18,298.11,297.91,297.98,297.78,298.18,298.03,297.05,296.81,296.96,298.83,299.13,298.58,298.18,298.18,297.46,297.75,297.73,297.93,295.25,294.68,295.36,296.11,296.41,296.53,296.43,296.8,298.18,297.28,294.13,294.38,295.68,296.48,297.28,297.46,294.8,295.18,296.25,296.55,296.18,296.33,296.53,296.68,296.96,295.65,294.53,294.58,296.91,297.73,297.83,295.11,294.65,295.98,295.88,294.56,294.71,295.43,296.03,294.83,292.68,293.58,294.23,294.33,294.68,294.68,295.48,296.63,294.78,292.08,292.53,292.48,292.78,293.8,294.38,293.78,293.81,294.41,292.06,292.33,293.58,293.06,293.75,294.96,294.53,292.46,291.41,291.46,291.06,293.46,293.3,294.21,293.33,292.21,290.25,295.0,295.73,293.58,291.36,289.86,286.71,287.88,289.33,293.43,292.8,293.5,290.83,292.88,293.78,292.85,289.5,289.78,290.86,293.75,294.98,293.06,292.71,293.23,291.71,292.96,293.28,293.83,291.63,288.75,290.33,292.88,291.13,288.4,288.71,293.38,290.46,289.88,292.88
290.23,288.63,289.48,287.03,285.81,288.0,287.71,286.0,288.5,292.66,291.61,288.33,290.66,291.11,286.9,284.86,286.18,285.93,288.43,288.03,289.88,289.23,287.38,284.78,287.75,287.28,287.13,287.43,288.48,289.43,291.05,286.65,288.53,291.36,290.38,288.0,286.73,288.15,288.93,288.25,289.48,288.73,287.3,290.18,288.1,284.86,286.56,286.75,288.68,290.73,288.58,289.18,286.36,283.23,284.63,288.75,288.25,288.5,284.91,284.21,282.73,286.13,288.28,288.98,287.53,287.81,288.18,284.9,283.75,283.73,286.75,285.96,289.21,289.36,286.98,287.68,291.58,288.68,284.98,284.81,286.71,287.03,285.63,289.96,287.48,285.96,285.0,287.81,286.3,288.96,287.78,284.28,285.46,288.15,288.38,287.75,287.13,286.73,287.63,288.53,288.68,290.53,291.55,288.48,285.63,286.53,287.21,288.36,289.91,289.61,289.71,287.68,287.73,288.71,289.5,290.18,286.93,286.93,289.36,289.31,288.46,288.55,288.61,289.25,290.08,290.33,289.58,289.28,291.0,291.63,291.55,288.3,287.63,289.43,292.73,292.88,291.15,292.18,292.28,291.05,291.73,292.5,293.91,294.03,294.58,294.18,294.63,294.56,293.63,293.21,295.43,296.18,294.75,295.86,294.83,295.38,292.88,291.28,294.96,292.8,292.28,295.58,296.05,293.33,294.28,296.21,294.58,293.75,297.11,295.33,296.98,292.8,293.73,296.46,296.88,296.43,296.75,297.0,297.25,297.25,296.75,295.0,297.75,297.68,296.73,294.86,293.66,293.86,295.96,296.78,297.18,297.23,297.28,296.08,295.15,294.68,295.4,295.38,295.96,296.91,297.71,297.96,298.23,297.56,297.78,298.33,297.68,297.86,298.13,297.71,297.43,297.48,297.5,297.38,297.58,297.31,298.05,298.68,298.46,298.16,297.98,297.86,298.05,297.98,297.55,297.28,297.41,297.98,297.98,297.61,297.68,299.11,299.56,299.9,299.38,299.08,299.0,298.83,298.96,297.43,297.25,297.23,295.66,296.38,297.13,296.38,296.23,297.75,297.93,298.05,297.61,297.48,297.0,296.98,297.53,298.46,298.3,298.11,297.38,297.0,297.93,297.78,298.5,297.43,295.73,297.06,297.68,296.78,298.05,296.36,294.75,296.91,295.78,293.11,295.43,296.78,297.36,296.56,296.5,296.46,295.98,294.68,294.0,295.8,297.0,295.68,295.55,296.28,295.36,297.0,297.46,296.73,296.23,297.73,295.16,295.91,296.58,296.93,296.23,295.28,296.96,296.98,297.73,294.5,292.75,296.93,294.83,292.61,294.68,294.68,297.78,297.8,293.83,293.4,296.06,296.5,296.16,296.0,293.21,290.58,289.65,292.71,295.43,291.53,290.03,291.88,290.4,288.18,292.9,292.25,295.78,292.41,287.96,288.06,291.21,293.33,292.86,293.96,291.46,293.13,292.05,289.91,291.83,288.68,287.71,290.53,291.8,289.28,292.8,292.9,291.5,292.56,291.15,289.11,290.75,286.55,287.03,287.33,289.88,290.23,290.33,288.91,287.96,287.75,289.18
289.83,285.43,286.43,289.98,289.53,289.93,287.61,289.48,291.06,289.03,289.16,289.96,288.93,287.53,288.88,286.83,288.86,287.88,285.25,288.05,284.36,284.61,287.38,288.81,286.05,287.0,288.48,284.83,286.78,286.36,283.78,286.15,288.28,287.28,290.68,286.96,288.0,290.38,288.75,288.86,287.33,285.86,285.43,284.96,289.48,286.63,288.0,286.18,288.06,289.8,285.46,285.58,286.91,285.96,286.21,289.98,286.03,285.5,289.71,289.43,288.0,286.43,288.96,287.86,287.58,285.53,287.23,286.48,285.88,288.93,287.18,286.18,285.55,286.61,284.93,285.53,289.23,287.78,286.55,289.03,288.03,284.83,283.33,284.71,288.36,288.21,285.48,288.81,285.35,287.28,290.18,288.88,287.16,284.93,285.93,290.31,290.53,288.83,287.41,285.4,287.21,290.43,291.78,291.88,290.28,287.21,287.63,287.46,287.96,288.81,289.03,291.35,290.78,288.9,290.55,290.61,287.58,289.53,291.18,287.48,286.86,288.43,289.58,290.08,290.65,291.46,290.33,290.48,291.25,291.71,292.21,289.11,290.5,290.63,292.93,292.08,294.33,294.43,293.8,292.13,295.18,292.61,289.73,290.28,292.83,294.46,293.83,292.0,291.23,293.41,293.11,290.86,290.88,292.08,291.75,291.11,289.38,288.55,289.81,290.96,289.86,288.88,290.03,291.5,292.93,293.63,293.33,293.93,294.06,294.13,294.93,295.16,295.53,295.0,295.36,295.75,296.53,296.98,297.18,297.5,297.38,297.63,296.85,295.33,294.28,294.08,294.83,294.75,294.25,295.73,295.61,295.83,296.23,297.48,297.96,297.93,298.18,298.71,299.28,298.98,298.46,298.38,298.98,298.58,298.88,298.75,298.25,298.46,298.68,299.48,300.5,300.08,299.63,299.18,299.63,299.18,299.15,299.61,299.9,299.4,299.0,298.91,298.56,298.43,298.03,298.18,297.8,297.65,297.48,297.08,297.58,297.88,298.11,298.0,298.8,299.28,296.8,295.55,296.08,296.46,296.78,298.11,298.18,297.93,297.13,297.75,297.5,296.78,296.83,297.88,298.21,297.58,297.7,299.25,298.83,298.36,298.16,298.0,297.93,297.81,297.38,296.23,295.86,296.66,297.41,297.21,297.08,297.36,297.48,297.5,297.88,297.3,297.15,297.98,298.65,297.61,298.73,298.38,297.96,298.0,297.91,299.0,297.25,294.63,294.21,294.33,295.0,296.88,296.46,293.78,293.18,294.36,295.08,293.28,292.78,295.33,295.43,293.43,294.0,295.21,294.78,296.5,296.86,296.96,293.88,294.03,295.98,294.93,294.41,295.11,293.38,293.05,296.05,294.93,292.06,294.68,294.71,293.23,290.28,293.5,292.33,293.21,294.21,295.05,292.86,293.25,293.43,288.53,289.78,292.93,290.88,293.0,289.53,290.3,290.11,291.61,294.68,288.75,288.18,290.16,292.86,291.93,287.0,287.53,286.43,287.25,291.58,289.48,291.18,290.86,286.05,289.91,291.5,291.78,287.55,288.73,290.86,292.48,293.63,290.78,290.61,290.13,292.23,290.13,287.4
287.96,287.9,286.56,289.18,290.93,286.71,288.83,286.46,286.03,287.05,287.88,290.25,288.03,290.03,289.63,285.38,289.23,286.75,285.25,284.28,286.71,287.61,286.8,287.9,286.46,285.0,283.96,284.73,287.0,290.23,288.88,284.93,287.83,289.46,289.86,286.45,286.78,287.78,288.98,286.38,286.08,290.03,290.53,287.68,289.41,288.96,287.23,289.05,285.55,284.25,284.53,285.75,289.96,290.36,290.3,287.16,286.05,286.96,284.75,285.83,289.21,289.5,289.93,289.0,289.38,288.86,286.1,287.31,289.48,288.91,289.38,290.33,289.78,289.98,288.73,286.5,287.55,291.0,290.28,290.56,291.75,291.0,286.63,284.78,284.38,285.58,288.58,290.48,290.86,290.91,291.53,290.08,286.16,287.28,289.16,290.28,291.61,291.25,291.3,292.11,292.3,292.28,293.18,293.98,292.8,291.08,292.05,292.68,292.86,287.46,286.58,289.46,288.86,287.08,286.96,287.65,288.18,289.61,290.23,290.73,290.56,290.0,290.03,291.98,290.78,288.15,290.38,291.28,292.0,292.43,292.05,293.58,293.98,294.25,294.55,294.13,294.3,293.08,292.25,292.78,294.08,294.03,294.46,293.53,291.33,289.11,291.81,295.13,293.5,295.55,296.03,296.05,295.98,296.23,296.58,296.96,295.78,297.03,296.98,297.21,297.58,296.88,297.73,297.68,296.75,296.4,296.28,297.15,294.08,292.48,295.43,296.91,296.5,295.0,296.23,294.46,296.8,297.8,295.98,296.58,295.93,293.08,292.16,294.41,296.03,296.16,294.61,295.41,296.25,296.83,297.21,296.83,296.91,298.21,297.53,297.13,296.68,297.03,297.05,297.03,297.21,297.43,297.23,296.93,297.68,298.66,298.71,299.18,297.96,297.33,299.46,299.88,299.75,298.73,298.4,298.48,297.75,298.03,298.23,298.46,298.13,298.63,298.53,297.86,297.93,298.21,299.15,299.21,298.86,298.61,298.55,298.91,299.11,299.15,298.93,298.41,298.31,298.25,298.88,298.5,298.48,298.13,298.5,297.98,298.71,298.8,296.08,296.75,297.15,297.18,296.48,296.43,296.98,297.3,298.58,299.08,298.8,297.83,296.36,297.36,296.96,295.48,294.91,296.8,296.83,296.48,297.25,296.75,297.13,297.96,294.68,294.73,297.0,296.08,295.68,296.88,295.61,294.96,294.23,291.73,292.73,295.58,296.03,295.15,293.25,292.38,293.46,293.63,295.0,296.13,295.83,295.78,295.98,295.78,295.88,296.23,296.38,296.53,295.8,294.71,296.16,291.78,290.98,291.43,294.03,295.46,295.73,293.36,291.46,290.68,290.28,290.65,293.93,295.33,293.88,294.61,294.83,295.55,295.5,293.25,292.11,293.21,294.36,292.28,290.16,290.55,291.08,293.33,293.96,294.83,294.18,292.18,292.9,293.91,294.86,292.98,292.48,291.75,292.21,291.63,291.73,290.48,293.58,294.71,292.63,292.96,293.08,291.78,293.83,294.58,294.08,293.55,288.93,291.68,288.58,286.21,286.63,291.05,288.91,286.98,287.48,289.23,285.53,288.08,291.28
292.63,292.74,292.16,289.06,289.86,292.46,292.44,291.79,293.18,291.96,290.36,290.91,287.79,288.01,289.43,287.58,286.64,289.47,285.31,286.43,288.76,288.66,290.06,289.34,288.51,288.99,287.03,287.71,286.26,285.44,287.74,289.69,288.36,287.59,288.97,287.31,288.09,288.84,286.24,288.44,287.69,286.24,287.41,287.49,283.96,288.68,290.56,287.43,284.29,285.06,288.66,285.36,286.09,287.06,287.23,288.49,286.66,286.04,285.86,289.09,286.76,287.99,286.66,284.34,285.04,285.66,285.51,284.66,285.09,286.77,288.64,289.03,286.93,284.86,284.71,288.01,290.24,288.34,288.99,291.36,290.16,288.36,290.98,291.31,289.49,286.18,287.34,287.38,289.48,286.66,288.74,289.09,287.36,285.34,286.84,291.11,290.56,287.72,286.54,287.01,287.94,289.84,290.84,290.16,289.89,288.89,288.18,289.49,289.23,288.34,287.28,286.71,284.96,285.78,286.56,286.51,287.51,288.24,288.18,288.64,289.54,289.19,290.64,291.46,290.48,290.06,289.19,289.34,289.56,290.46,290.98,291.08,290.78,291.34,289.89,289.51,290.89,291.01,291.24,290.74,291.51,292.27,293.63,293.11,291.46,293.09,293.96,291.61,290.81,293.69,293.74,294.41,293.14,293.76,294.39,295.21,295.49,295.53,295.44,295.29,296.09,296.31,296.31,296.59,296.71,295.99,296.51,297.54,296.08,296.49,297.43,297.76,298.01,298.16,295.79,294.89,296.54,298.36,297.99,298.04,298.04,297.91,298.01,297.71,297.56,298.04,297.43,298.61,298.49,298.54,298.28,298.01,298.64,297.14,296.66,297.94,298.41,298.54,297.64,297.96,298.71,298.54,298.48,298.43,297.64,297.31,297.29,297.43,297.34,297.21,297.56,298.16,299.06,298.88,298.73,298.96,298.99,298.84,298.26,298.19,297.91,297.59,297.91,298.08,298.11,298.36,298.41,298.04,298.71,299.51,298.21,299.16,299.31,299.56,298.48,298.56,297.41,297.03,297.56,298.01,297.99,298.63,297.48,296.36,296.49,297.16,297.59,298.18,298.99,297.64,297.39,297.46,298.06,299.03,299.56,298.06,297.59,298.24,298.11,297.69,297.66,298.64,297.94,295.31,293.29,293.44,294.49,297.11,297.71,297.93,297.06,294.24,295.09,296.71,293.91,293.34,295.46,296.56,296.39,297.84,296.43,296.76,297.01,296.26,296.79,297.16,297.86,296.39,295.53,297.34,297.91,297.29,297.93,298.29,296.44,295.79,295.78,293.44,296.18,297.19,295.17,294.24,296.69,295.66,291.49,291.79,294.81,294.86,294.41,295.91,293.56,290.91,294.84,293.53,296.17,293.09,289.86,290.24,292.26,294.79,291.66,291.16,294.36,294.94,292.96,290.41,292.51,288.84,289.89,293.26,294.56,290.94,291.96,294.18,294.71,294.59,291.19,290.53,294.59,291.29,289.28,291.81,288.04,288.51,289.84,289.66,288.89,286.31,289.06,291.59,289.46,287.18,286.91,290.49,289.71,289.99,286.59,288.51,289.26,286.56,289.24,288.51,292.59,287.86,287.34
289.66,285.73,284.86,290.21,288.24,288.58,287.74,284.64,288.24,290.66,290.44,285.31,289.31,292.09,289.33,286.23,286.74,289.38,291.02,291.76,291.09,285.81,285.29,286.58,291.66,291.89,286.88,288.04,285.84,285.89,289.43,289.56,286.27,286.39,291.36,288.47,287.18,284.86,285.06,285.61,284.39,285.79,286.81,289.51,289.11,289.89,290.64,286.89,285.61,290.11,287.39,285.73,285.24,287.89,288.51,286.06,289.36,290.91,290.08,289.43,289.94,289.36,287.16,287.66,289.81,290.19,290.29,285.86,289.99,286.03,287.59,284.71,284.59,286.64,289.99,288.03,288.94,288.51,285.79,288.93,286.36,285.71,288.46,290.46,291.49,291.76,291.29,289.11,289.91,291.39,290.36,284.94,289.16,292.04,290.01,286.34,284.44,285.62,289.11,286.66,288.06,290.92,292.59,291.68,287.79,291.86,288.91,287.46,289.34,290.54,292.09,289.34,288.86,289.86,289.96,290.89,291.84,291.74,292.39,291.76,288.43,290.16,292.54,292.26,291.84,292.46,293.46,293.11,293.76,293.56,291.06,289.98,290.11,290.01,289.59,289.51,290.78,291.51,292.34,292.78,293.24,293.31,292.11,292.51,293.49,294.54,293.99,294.49,294.54,294.16,294.16,295.36,294.04,292.06,293.39,295.46,294.59,294.51,294.49,295.21,296.49,296.56,296.21,296.31,296.49,295.93,295.88,296.16,296.78,297.31,297.66,297.91,296.84,296.64,297.27,297.11,296.66,297.26,297.21,297.76,297.29,298.33,297.83,298.33,298.31,299.23,299.48,299.43,298.53,298.8,297.73,297.38,297.63,298.3,298.36,298.73,298.55,293.75,293.46,296.58,298.23,298.46,299.03,298.46,298.36,296.63,297.21,297.86,298.3,299.0,297.98,298.25,298.43,298.93,299.21,298.65,298.46,298.23,298.36,298.48,298.65,298.8,297.85,296.63,296.61,297.05,298.13,299.33,299.98,300.18,299.38,298.28,298.33,299.03,299.28,298.5,299.43,299.61,298.63,299.28,298.63,296.4,295.56,296.11,297.88,299.23,298.88,297.28,295.28,295.11,295.83,296.28,297.08,297.08,297.63,298.16,298.08,298.66,299.08,298.93,298.98,298.71,298.78,298.53,298.73,298.98,298.71,297.86,298.21,298.41,297.43,297.78,298.18,298.18,297.5,296.5,296.93,297.28,296.58,295.03,294.11,293.98,294.78,295.18,295.46,295.46,296.73,296.83,296.48,296.06,296.78,297.13,296.11,296.15,297.23,296.43,295.86,295.43,295.86,291.91,294.8,293.46,293.73,294.88,295.25,292.78,292.4,293.36,294.33,295.46,295.98,294.93,296.43,294.35,291.83,291.11,292.0,293.71,295.43,293.21,294.53,294.65,290.43,293.75,292.46,292.93,291.75,292.3,294.33,291.68,290.68,293.11,295.36,294.66,294.78,295.78,295.18,291.83,294.1,294.86,294.98,288.36,287.73,290.28,292.75,292.66,293.58,293.98,291.15,291.68,294.38,291.5,289.23,292.41,293.53,291.0,288.16,290.66,290.91,290.53,289.13,289.96,290.83,289.86,292.0
288.9,289.08,292.46,291.05,291.88,293.61,291.58,287.8,292.73,293.03,291.63,288.88,287.38,287.53,288.03,291.48,290.8,291.5,287.46,283.91,285.21,287.61,290.96,293.0,292.05,290.98,290.61,292.03,288.03,290.75,287.71,290.58,287.88,290.11,291.4,288.98,290.21,292.46,291.58,289.3,288.21,289.71,286.45,287.73,287.43,287.68,287.13,284.91,284.88,288.03,285.18,284.5,285.66,283.11,286.86,288.36,286.73,287.63,290.16,285.13,287.48,291.63,292.0,286.55,286.38,290.78,290.86,290.25,289.38,285.68,286.0,290.5,290.55,290.55,292.58,289.66,288.46,291.55,290.25,287.88,287.73,287.93,291.15,288.21,287.78,291.3,288.0,286.73,290.88,293.16,290.03,288.78,287.23,289.98,292.55,289.33,288.21,289.48,291.48,290.15,288.38,288.25,285.66,286.63,290.55,291.46,289.68,286.86,286.68,286.25,288.63,290.58,290.68,293.08,292.68,291.9,291.55,291.73,290.13,289.08,291.88,291.15,292.75,290.5,290.15,292.66,293.78,293.5,294.0,292.53,293.08,294.41,294.86,294.83,293.93,290.41,289.08,291.23,295.25,293.38,291.28,293.75,295.63,296.18,294.08,294.58,296.73,291.96,294.45,296.75,297.16,295.68,292.13,290.41,290.83,293.58,294.28,291.38,292.06,293.5,294.78,295.8,295.73,295.88,296.61,296.93,297.03,296.83,297.58,296.86,297.68,297.0,297.68,298.0,298.23,297.86,297.86,298.38,297.58,295.75,297.21,297.66,297.36,297.53,298.03,298.0,298.46,298.66,298.25,297.91,297.8,298.38,298.68,298.58,298.48,298.5,298.73,298.83,299.25,299.23,299.25,299.61,299.43,299.53,299.88,299.88,299.56,299.78,299.93,299.61,299.28,298.5,298.78,299.06,299.21,299.43,299.33,299.18,299.3,299.13,299.65,300.08,300.05,299.98,300.05,299.53,299.43,299.13,298.96,298.81,299.0,298.68,298.18,298.0,298.21,298.25,297.91,297.56,298.21,299.25,299.08,299.28,299.55,299.16,299.48,299.36,298.81,298.83,299.3,299.83,299.73,299.55,299.38,298.61,300.48,300.33,299.5,299.31,299.03,298.8,298.93,297.65,296.43,296.0,295.25,294.5,295.06,295.68,297.5,297.55,297.33,297.65,297.45,297.16,297.71,297.93,298.43,298.15,296.41,295.63,297.73,298.23,297.8,295.16,294.25,294.91,297.48,297.75,297.16,297.73,297.56,297.71,297.71,296.36,296.55,297.25,295.53,296.05,297.88,296.8,294.75,297.46,298.28,297.23,294.75,293.33,295.28,296.93,296.38,297.13,296.18,295.65,290.98,291.03,294.1,294.75,293.18,294.58,294.78,293.36,293.71,294.33,296.43,295.98,294.78,295.98,292.65,289.98,290.98,295.96,295.61,295.13,294.68,296.05,292.93,293.88,292.11,290.03,289.46,293.98,291.41,289.73,288.33,288.96,292.93,291.08,288.33,289.5,294.28,295.25,295.28,291.73,290.88,290.43,291.25,291.88,288.0,287.9,291.06,292.3,289.68,290.53,291.18,288.25,286.38
286.43,291.15,289.88,289.35,288.73,286.16,285.5,286.25,290.33,291.21,292.81,293.25,293.63,292.21,290.25,290.36,290.78,287.75,285.86,288.21,291.05,291.71,287.05,287.06,291.0,285.25,285.13,288.75,290.18,286.65,284.4,285.73,289.88,291.8,288.58,285.46,286.3,288.46,284.4,283.81,288.15,291.73,286.56,285.83,287.55,286.55,284.75,287.53,288.93,290.5,290.73,288.91,289.5,287.36,283.21,284.66,288.05,289.23,287.16,284.03,284.08,286.6,285.78,286.11,287.55,288.18,289.41,290.21,289.18,285.36,285.3,287.73,285.93,287.33,290.43,288.73,290.58,288.63,288.5,288.83,286.81,286.08,285.63,285.05,288.03,290.83,291.61,291.65,290.91,287.48,287.53,289.71,291.86,291.93,291.81,292.75,292.43,290.71,290.81,291.38,292.36,291.86,291.83,292.68,291.83,292.61,292.4,291.96,292.25,291.36,289.71,288.8,287.98,289.78,292.56,291.46,288.86,289.08,292.88,290.58,288.36,289.58,293.18,289.78,288.11,289.91,289.91,289.61,292.71,291.63,291.48,289.5,288.23,288.43,289.6,289.98,289.68,290.41,291.38,287.03,287.68,288.96,290.75,291.63,292.25,290.83,292.55,293.11,293.1,293.53,294.58,293.18,293.88,291.43,293.23,295.5,295.36,295.38,295.55,296.35,297.18,297.25,297.38,296.73,296.61,296.58,297.56,297.5,297.66,296.86,296.28,296.33,295.88,295.05,295.8,296.31,292.86,291.93,294.36,295.25,294.63,295.38,296.86,296.38,294.46,295.11,296.38,296.88,296.93,297.71,297.93,297.53,298.36,298.71,298.33,299.05,298.58,298.41,298.05,297.98,297.88,298.56,298.61,298.75,298.68,298.38,298.11,297.93,296.98,295.81,295.93,296.91,297.56,297.6,297.55,297.63,297.91,297.96,298.23,297.86,298.36,298.3,298.46,298.73,298.55,298.68,298.66,298.93,298.53,298.73,297.68,298.53,298.38,298.96,299.56,299.41,299.38,299.13,299.08,298.78,298.83,299.1,298.68,299.13,299.25,299.6,299.38,298.11,297.28,296.28,296.63,297.58,298.38,298.33,298.65,298.75,298.93,296.88,295.63,295.93,296.23,297.46,298.23,298.43,297.43,295.28,296.78,295.75,295.18,296.75,297.33,297.23,297.31,297.33,297.61,297.63,296.96,296.15,296.5,297.3,298.0,297.03,296.66,297.08,296.78,296.88,296.8,297.33,297.96,297.43,297.46,297.0,295.3,294.96,296.61,297.0,297.83,296.8,296.0,297.08,295.38,296.28,296.15,293.23,292.13,293.48,296.75,297.43,296.18,294.06,293.05,291.71,292.23,292.98,292.78,293.33,293.13,293.13,293.28,292.58,293.25,294.33,294.96,295.3,294.15,292.13,292.06,294.58,292.98,291.93,291.18,291.41,291.71,294.46,295.58,291.46,291.16,292.41,293.96,293.33,292.68,292.35,294.61,292.71,288.91,290.46,290.48,287.96,289.98,293.73,290.18,288.61,289.38,289.93,289.88,288.96,287.68,289.35,289.48,288.55,288.93,290.71,290.18,290.88,289.41
291.03,288.96,288.96,291.98,289.11,287.66,287.63,289.28,285.55,287.11,288.38,289.73,288.8,291.73,290.08,289.41,292.08,286.63,286.36,288.23,290.5,288.53,290.8,291.33,291.48,290.21,288.73,287.68,283.93,286.5,290.06,289.98,291.68,287.6,289.15,290.36,290.28,285.53,284.91,288.43,288.48,285.71,286.75,288.75,290.53,289.68,290.5,290.88,291.53,287.68,284.48,285.23,287.13,289.08,289.55,290.21,290.23,290.53,291.11,290.43,290.93,291.78,289.21,292.11,293.15,293.41,293.05,291.41,287.71,285.88,285.38,288.05,290.16,286.55,288.98,287.91,287.73,288.8,289.78,289.08,288.48,286.63,286.96,289.53,291.03,287.63,286.98,287.83,291.31,289.06,286.58,289.73,292.13,290.18,291.4,292.41,290.28,286.96,286.96,290.25,290.18,289.16,288.05,287.8,287.18,288.71,292.36,290.93,290.75,290.38,288.18,288.08,287.93,288.43,288.88,288.98,288.8,289.63,290.58,291.38,291.25,293.18,292.25,290.41,288.88,288.65,288.78,290.05,291.03,291.91,291.13,291.41,292.18,292.86,293.66,294.36,292.93,291.41,291.46,291.13,290.63,291.83,293.58,294.61,293.96,294.55,292.4,294.73,292.41,292.93,295.86,294.06,292.21,292.75,293.43,294.0,294.63,293.03,291.03,289.43,290.11,290.83,292.28,293.43,293.98,293.75,294.13,294.48,295.5,295.23,295.46,295.83,296.38,295.46,294.8,294.88,295.38,296.15,297.21,297.16,297.15,297.58,297.18,297.28,297.16,296.93,297.05,296.78,297.58,297.78,297.96,297.6,297.88,297.28,297.15,296.91,297.06,298.0,298.28,298.3,298.16,298.06,298.38,298.38,298.5,298.45,298.66,298.9,298.73,298.15,297.86,298.25,298.71,298.75,298.98,299.05,299.21,299.4,299.05,298.53,299.08,298.98,298.36,298.61,298.91,298.8,298.5,298.58,298.56,298.63,298.73,299.3,299.75,299.23,298.13,299.75,299.88,298.9,298.48,298.86,298.91,299.05,299.48,299.03,298.6,298.66,298.21,297.8,298.56,298.93,297.15,297.05,296.48,296.3,298.05,298.13,298.73,299.25,299.46,299.25,296.75,297.18,299.33,299.28,298.36,297.38,297.36,297.98,298.71,298.58,297.83,298.11,299.25,295.5,294.58,294.75,294.85,295.75,297.08,296.86,297.71,297.53,297.65,296.8,297.23,296.88,296.23,295.03,294.03,293.23,294.33,296.3,296.71,296.8,296.98,296.43,295.5,295.8,296.18,296.41,296.15,296.33,294.96,292.8,294.18,296.96,296.38,294.16,292.43,292.88,294.71,294.03,294.36,294.23,293.83,294.18,294.36,293.73,294.55,295.08,293.68,293.18,292.93,292.0,290.88,291.48,292.43,293.86,294.05,293.9,293.13,291.43,290.28,291.18,291.46,291.58,291.83,292.93,291.78,290.5,291.8,292.96,291.23,290.93,293.73,294.53,294.08,290.73,289.0,290.53,293.36,291.08,293.5,292.13,289.46,289.8,292.23,292.96,292.75,289.31,291.25,291.86,289.58,290.36,287.78
287.91,288.86,291.86,293.16,291.53,292.93,288.93,290.53,292.75,290.58,289.55,289.28,290.93,289.11,287.48,286.96,286.36,287.23,289.55,286.3,287.0,289.66,291.08,287.3,285.53,287.3,289.68,287.75,287.86,287.08,286.58,286.13,288.71,288.28,286.18,288.36,285.46,286.05,288.53,286.06,284.58,285.11,288.61,288.38,285.48,284.13,285.88,288.91,290.58,289.18,289.41,286.46,289.83,287.9,288.48,289.83,285.93,284.75,285.8,287.9,289.36,291.41,288.28,285.71,287.73,289.86,289.21,287.8,290.25,287.48,288.15,291.23,290.68,291.63,287.81,290.06,291.46,287.33,286.41,288.3,289.31,287.03,287.83,289.83,290.05,290.61,290.23,290.83,289.35,289.11,291.48,291.71,292.48,292.43,291.0,289.71,290.33,289.86,287.71,290.43,291.86,291.83,292.03,291.43,292.78,292.93,291.86,289.61,292.31,292.61,292.63,292.9,291.23,287.13,287.68,288.05,289.23,292.31,289.8,291.3,294.18,294.03,295.13,293.21,289.96,292.23,292.38,288.73,289.48,290.46,292.23,293.28,293.08,293.96,292.83,290.53,290.31,293.4,294.33,294.28,293.03,291.96,292.5,293.78,295.0,295.33,295.25,295.86,295.83,295.33,296.25,295.58,296.81,296.8,296.66,297.11,294.05,294.35,296.13,294.75,293.65,294.08,294.71,294.78,294.58,294.53,292.71,293.05,293.73,295.4,296.21,295.55,295.75,294.11,293.78,294.21,294.43,295.28,295.98,296.41,295.5,296.03,297.55,297.8,297.16,296.23,297.11,296.88,296.75,297.58,298.71,298.66,298.41,298.3,298.25,297.78,298.75,298.73,298.63,297.96,298.61,298.78,298.68,298.65,299.16,298.75,299.3,299.18,299.3,299.75,299.78,300.0,299.48,299.71,299.98,299.68,299.25,299.25,299.65,299.31,299.33,299.28,299.38,299.41,299.05,298.83,298.83,299.25,299.81,298.98,298.63,299.03,298.83,298.91,298.75,299.85,299.9,299.58,299.63,299.68,297.83,297.75,298.88,298.53,298.46,298.48,298.46,298.61,299.0,298.18,298.28,299.23,299.53,299.5,298.38,298.88,299.03,298.38,298.93,296.98,297.98,298.96,298.73,299.18,296.96,295.86,298.08,298.13,298.13,296.78,295.98,297.11,298.08,297.83,296.33,297.08,298.05,297.3,296.53,296.55,296.8,297.08,296.73,295.08,296.38,297.9,298.11,297.73,297.31,297.48,295.33,294.43,294.88,294.36,295.78,294.73,295.55,295.16,295.4,293.83,293.78,297.0,294.78,296.53,295.78,296.75,295.93,295.33,296.43,295.46,293.18,291.08,291.28,295.28,296.61,295.93,295.5,293.16,295.13,295.5,293.81,294.53,295.21,292.55,294.85,290.65,289.93,291.93,294.4,290.21,289.36,289.93,292.38,292.98,290.81,295.25,291.0,290.38,291.78,289.21,288.11,290.25,292.96,292.75,290.5,292.55,293.11,291.43,289.53,291.73,288.93,288.46,293.03,294.08,288.21,288.68,288.36,288.71,292.23,292.13,292.68,291.68,294.41,293.93,289.58
288.43,288.38,291.05,287.88,288.43,285.73,285.73,289.61,289.25,290.36,287.91,285.23,287.53,291.18,291.05,287.43,286.88,291.03,292.25,287.83,285.71,286.03,290.5,291.18,287.0,288.48,288.78,290.93,288.31,289.23,290.83,291.98,293.0,287.21,287.65,291.93,291.36,287.98,290.05,291.53,289.46,289.83,288.65,287.36,291.15,289.28,286.38,290.0,285.53,285.8,287.63,288.5,289.78,286.66,286.8,289.83,287.28,284.43,284.78,287.25,289.75,288.03,287.63,285.58,286.36,289.78,285.85,284.73,284.78,288.93,287.53,285.46,286.25,287.31,287.48,289.71,286.68,287.43,289.56,288.23,290.91,286.83,285.73,288.93,290.65,290.18,287.86,285.71,285.46,289.5,289.8,287.88,288.33,289.73,287.46,289.43,290.46,287.61,284.68,288.56,290.08,291.5,292.05,290.0,287.55,287.75,288.25,290.18,288.88,288.66,290.4,288.38,289.28,290.66,290.43,291.83,290.43,289.73,291.08,291.65,291.16,292.75,292.63,293.0,292.36,291.16,289.68,289.66,289.23,288.25,288.86,288.71,289.48,289.08,288.41,288.71,289.86,292.43,293.15,293.18,293.03,293.83,290.88,288.86,289.38,290.33,291.71,291.93,293.35,294.58,292.63,292.36,293.0,291.58,291.36,291.71,292.38,294.23,291.08,289.91,293.21,292.18,291.3,292.08,293.83,294.36,294.63,294.9,295.08,295.71,295.18,293.38,292.73,294.71,295.53,296.06,296.81,296.66,296.16,296.23,295.58,292.8,295.8,294.91,295.08,296.25,297.16,297.55,296.4,297.35,297.28,295.96,296.13,296.6,297.0,297.46,297.38,297.66,298.15,298.16,297.75,297.65,297.66,297.63,297.88,297.86,297.73,298.36,298.73,298.48,298.58,298.36,298.41,298.75,299.15,299.23,299.03,298.63,297.63,297.68,297.18,297.38,298.61,298.38,297.86,297.68,298.03,298.13,298.38,298.11,298.28,298.36,298.63,298.75,298.53,298.65,298.68,297.96,298.0,298.48,298.81,298.48,298.48,297.73,298.18,298.68,297.83,298.68,298.86,297.83,297.8,298.03,298.28,298.33,296.9,296.58,298.13,299.15,298.08,296.46,295.61,294.85,296.8,298.33,298.08,295.23,293.71,294.8,295.71,297.36,297.46,297.53,296.16,296.71,297.58,297.68,297.36,297.5,297.73,297.05,296.11,295.81,295.88,296.11,295.66,296.21,296.58,298.21,298.35,297.91,297.96,296.23,294.03,294.18,297.13,293.11,291.88,294.68,297.28,296.43,295.3,293.38,293.0,294.65,296.25,296.78,296.68,297.33,293.61,290.83,292.16,295.48,295.83,295.05,294.68,295.08,294.28,293.0,292.63,293.21,293.25,292.91,292.5,289.58,291.61,294.68,295.5,294.58,294.35,294.43,295.11,292.46,289.73,292.56,289.55,289.86,293.43,292.03,293.75,288.71,288.36,288.88,292.03,291.71,288.75,291.33,290.61,291.43,292.58,292.38,291.61,291.68,290.93,286.3,287.65,289.23,287.08,290.25,290.73,286.38,285.68,287.83,290.5,291.93,290.08
289.28,286.05,286.41,287.8,290.55,289.88,286.13,287.71,289.78,287.78,291.75,292.23,288.3,287.61,290.48,292.11,291.83,291.61,289.21,291.21,290.63,287.65,285.81,285.58,285.25,287.61,287.68,285.91,288.91,289.61,289.38,288.56,290.78,287.73,286.3,287.58,285.41,289.48,290.86,288.23,288.73,285.86,287.08,290.18,288.15,287.03,285.03,283.75,288.11,288.1,288.38,285.13,285.61,289.38,290.93,287.78,286.21,285.03,285.73,289.96,291.71,288.41,285.58,288.58,289.28,286.53,288.48,290.91,287.88,285.83,288.43,290.23,290.36,287.25,287.78,290.93,289.53,289.05,288.91,287.5,288.11,289.3,286.21,290.61,289.18,288.11,288.16,292.36,290.21,286.21,288.0,290.61,290.63,288.15,287.23,290.88,290.46,289.9,290.53,288.93,288.96,287.46,288.46,286.25,288.93,288.08,289.61,292.0,290.41,289.8,287.03,286.88,287.8,290.43,290.98,291.98,291.13,291.13,289.8,291.58,292.08,289.23,287.88,292.55,288.41,286.88,290.4,293.43,289.43,287.86,289.03,291.9,290.18,292.36,293.41,293.96,290.83,288.53,288.93,291.23,293.38,292.55,289.4,289.66,291.83,289.83,293.0,291.75,291.16,289.88,288.86,288.96,289.46,288.78,288.53,291.08,292.0,293.48,292.08,291.58,293.03,294.85,294.75,294.35,293.75,294.06,294.5,294.63,294.28,293.36,292.46,292.53,292.68,293.93,295.43,294.9,294.55,294.86,294.61,296.15,296.88,296.91,296.38,294.93,294.56,295.25,296.75,298.08,297.58,298.03,298.66,298.48,297.96,297.58,297.5,297.53,296.93,297.33,298.18,298.75,298.65,298.18,298.46,298.25,298.5,296.0,294.58,295.11,297.71,298.88,298.18,298.31,298.66,297.83,297.8,297.58,296.88,296.96,297.93,297.73,298.03,299.36,299.63,299.13,298.86,298.61,298.66,298.4,298.11,298.13,297.93,298.25,298.18,298.81,299.23,299.13,298.73,298.38,298.43,298.58,298.9,298.68,298.36,298.16,298.3,298.81,298.61,296.65,295.96,297.75,298.23,293.8,294.18,295.93,297.08,297.25,295.91,295.98,296.8,296.83,296.81,296.85,297.11,297.38,297.75,297.83,297.56,297.71,297.71,297.48,298.93,297.48,295.08,295.25,295.75,296.43,296.73,296.71,297.18,295.71,293.46,296.8,294.8,293.78,294.43,292.88,293.93,295.63,296.33,295.75,295.7,295.8,296.0,296.0,295.93,297.05,297.4,298.25,294.38,293.1,294.13,294.11,292.46,292.08,293.38,295.43,294.43,294.93,294.25,294.96,294.98,293.8,293.03,292.86,291.13,291.21,290.08,288.25,288.96,290.5,290.71,290.28,290.73,291.03,290.25,292.18,292.68,292.58,294.18,292.88,293.25,295.0,293.06,290.71,288.23,292.58,292.78,294.48,294.46,293.96,293.63,293.25,293.33,291.38,289.48,293.41,289.13,288.93,292.83,290.93,287.43,293.06,289.55,288.31,287.15,291.08,294.41,290.46,287.53,286.71,287.46,290.81,288.61,287.5,286.46
290.25,289.03,286.68,289.53,289.35,286.93,287.21,288.16,284.53,284.58,286.0,292.0,288.98,287.0,290.5,289.23,286.93,288.53,290.8,291.86,291.11,292.96,291.58,291.93,287.81,286.86,288.38,289.73,288.23,291.63,288.23,284.46,288.0,291.78,289.71,285.91,285.78,289.13,290.78,286.8,290.03,291.56,289.53,292.25,292.5,290.38,290.53,290.83,290.08,287.23,285.98,286.78,289.48,289.78,289.58,287.23,286.83,287.08,286.61,286.06,286.65,286.46,285.88,287.28,287.91,285.53,284.13,284.46,285.4,288.25,289.63,290.36,291.61,292.23,291.3,288.83,288.56,289.16,289.5,290.88,288.68,285.53,286.68,290.03,291.68,289.83,289.56,287.33,289.25,288.08,289.05,288.18,291.0,289.93,287.71,287.21,287.61,286.66,289.73,291.93,288.75,286.48,286.63,288.11,290.33,289.91,287.68,290.43,288.23,291.48,289.98,288.33,287.31,286.38,286.91,290.3,292.16,288.63,291.73,290.71,288.31,290.48,288.23,287.11,287.83,290.36,291.88,291.75,291.75,292.13,291.48,293.23,294.16,293.05,289.73,287.71,290.23,292.58,293.53,293.23,292.98,292.53,293.08,293.5,292.41,290.58,289.18,287.58,287.48,289.28,291.66,292.0,291.55,292.46,293.16,292.75,293.33,294.75,294.48,296.03,295.53,294.98,291.96,290.23,290.36,290.13,291.11,293.96,295.58,293.5,292.11,293.13,293.86,295.28,295.86,296.06,296.61,296.55,296.58,296.75,296.73,296.38,296.23,295.96,296.93,297.43,297.31,297.43,296.25,296.9,297.08,296.66,296.03,296.68,296.23,296.55,296.96,297.18,297.55,298.43,298.25,298.53,298.21,297.8,297.75,297.68,297.61,297.88,297.68,297.96,299.03,298.75,298.83,298.81,298.93,298.86,298.63,298.71,298.73,299.25,299.4,299.25,298.73,298.03,298.46,298.73,298.86,298.5,298.0,296.68,298.03,299.18,299.36,299.33,299.1,299.15,298.71,299.11,298.66,298.58,299.71,298.63,299.13,298.73,298.85,298.38,298.23,298.55,298.83,298.73,297.28,296.96,297.75,298.15,297.75,297.23,296.78,298.0,298.71,298.18,298.38,299.08,299.18,298.88,299.28,298.33,297.4,295.33,295.13,296.05,297.5,298.23,298.11,296.33,294.5,296.18,297.78,297.18,296.4,295.93,295.5,295.9,295.53,296.05,294.81,294.33,295.03,297.08,295.63,297.0,296.98,296.58,295.03,294.88,294.05,294.38,295.83,296.25,295.25,295.13,295.36,293.58,292.61,293.81,295.05,293.8,293.58,294.11,294.53,292.53,291.86,291.41,293.41,291.88,292.86,294.13,293.18,292.88,294.23,293.28,290.21,290.31,290.96,292.0,291.78,291.48,292.13,293.3,294.08,293.55,292.18,292.55,291.48,290.66,291.96,290.73,291.21,292.23,293.81,293.53,289.86,291.61,288.88,292.38,292.13,291.68,293.35,292.8,292.71,293.25,291.93,288.25,292.48,288.18,287.18,290.36,288.83,287.36,289.48,288.78,287.28,291.88,291.28,290.66,289.88
293.3,288.13,285.43,287.91,291.71,293.75,291.83,290.83,287.25,287.05,289.03,290.86,291.86,292.0,290.06,288.46,288.55,290.46,289.43,288.8,286.98,285.18,286.71,288.13,288.28,287.73,286.66,285.61,284.73,287.41,288.78,289.18,287.33,286.56,286.86,287.03,289.96,287.31,284.91,287.38,289.23,285.73,283.75,284.8,289.48,288.68,287.68,288.38,288.48,286.96,288.48,287.88,287.81,285.81,285.46,287.4,286.4,288.93,288.05,287.68,287.23,287.48,287.88,290.13,286.16,284.93,286.11,286.78,285.36,287.13,290.08,288.5,287.11,285.86,285.48,285.4,286.33,286.88,287.18,286.88,288.61,287.78,285.96,287.61,290.58,290.91,290.03,290.13,289.18,285.78,287.68,289.66,290.25,290.08,287.61,287.83,287.86,288.61,289.58,291.38,290.41,288.53,291.16,288.11,287.96,289.88,287.68,289.48,289.63,290.5,290.23,286.31,287.38,290.11,290.36,290.31,290.55,290.96,290.16,290.75,290.23,289.75,288.75,288.21,288.43,289.63,290.65,291.9,293.03,291.03,287.75,287.36,287.66,288.8,289.16,289.68,290.38,291.13,292.23,291.16,289.68,289.55,291.83,292.9,292.61,292.03,292.28,292.58,293.25,293.06,293.55,294.23,294.21,295.03,291.88,291.66,294.98,295.33,295.55,292.28,294.23,296.16,292.63,290.65,291.21,290.5,291.15,291.93,294.55,295.25,294.8,295.48,295.78,296.21,296.53,296.66,296.03,296.68,293.21,294.03,292.98,291.73,293.0,294.48,295.18,295.73,295.33,293.66,292.5,292.75,293.75,294.71,294.21,294.53,294.83,295.25,295.58,295.8,296.33,296.46,296.78,297.18,297.75,296.68,296.78,297.46,297.8,297.73,297.83,297.88,297.98,298.18,298.13,298.58,298.58,299.11,299.25,299.48,299.71,300.25,299.58,298.71,299.05,299.15,299.25,298.28,297.03,296.43,296.0,296.73,298.63,297.73,296.73,297.28,297.71,297.88,298.03,298.58,298.8,298.55,298.58,298.66,298.71,299.46,299.28,299.23,299.05,299.58,299.68,299.46,299.28,299.68,300.06,299.78,299.5,299.58,299.48,299.16,298.75,299.28,299.8,299.31,298.75,299.88,300.13,296.5,294.73,295.93,297.15,298.25,297.5,297.75,297.2,295.8,294.43,295.46,297.3,297.66,297.5,297.75,298.11,298.16,298.18,298.28,297.18,297.58,299.28,295.33,294.66,296.13,297.1,295.61,294.38,295.98,296.35,297.71,293.96,292.11,294.46,296.13,296.16,292.68,293.25,296.33,294.08,294.13,295.71,296.58,295.83,293.25,290.03,291.58,294.96,296.0,294.3,294.83,294.53,294.8,296.66,296.1,294.21,295.46,292.93,292.33,294.61,294.78,289.86,290.66,292.68,294.3,292.65,293.55,291.68,290.96,291.66,292.28,291.78,291.86,292.0,292.63,291.28,288.88,288.78,287.86,288.0,290.55,292.05,287.55,289.13,291.88,289.43,290.75,288.88,289.46,286.25,289.71,285.5,288.18,291.43,289.5,285.86,284.46,285.5,286.68,290.11
288.08,288.66,286.23,286.46,288.78,288.66,287.5,284.5,286.25,290.8,290.03,286.91,285.25,283.88,284.21,289.03,289.68,287.66,289.38,286.55,289.28,287.63,286.03,290.36,288.71,287.78,288.96,285.98,285.38,289.21,289.41,288.3,290.03,288.36,284.6,283.86,284.83,287.88,284.88,284.46,288.78,287.75,283.13,284.53,287.31,288.88,288.93,289.3,288.75,289.0,288.86,287.93,288.3,286.93,286.83,284.71,283.98,287.48,290.18,284.91,288.25,289.78,286.73,287.3,289.18,285.3,286.43,289.71,288.21,286.21,287.53,286.18,283.75,284.4,289.15,287.0,289.03,291.21,289.63,288.53,289.25,290.21,290.8,287.28,289.28,289.18,286.68,289.18,284.48,287.43,290.56,291.71,292.15,289.38,289.13,287.83,285.46,287.63,289.93,289.0,287.16,291.08,289.08,285.61,286.33,287.75,290.75,290.36,289.86,290.15,291.93,289.18,290.55,285.98,287.25,286.8,290.18,292.38,292.11,291.28,290.33,289.48,287.68,287.41,288.5,291.43,292.43,290.75,290.13,291.73,291.53,290.5,290.53,291.08,288.9,288.53,289.78,290.11,288.75,290.61,287.48,287.03,287.98,290.88,291.46,290.63,289.8,288.75,290.05,290.98,291.23,292.13,291.03,288.16,288.21,288.75,289.98,290.03,290.78,290.83,291.33,292.33,293.33,293.98,293.18,292.43,292.33,293.53,293.23,294.0,294.71,295.48,294.38,291.81,292.86,293.18,292.98,294.93,292.86,292.03,295.75,295.8,295.8,296.11,295.18,295.48,295.4,295.93,295.93,295.46,295.66,295.88,296.05,296.03,296.71,297.05,296.93,297.48,298.23,298.71,298.21,298.03,297.96,298.18,297.98,297.63,296.81,297.5,297.5,297.36,297.83,297.75,297.93,297.86,297.78,297.73,297.63,297.23,297.8,298.25,298.56,298.58,298.41,298.41,298.7,298.96,298.53,298.71,298.88,298.88,299.56,299.41,299.48,298.93,298.18,297.98,298.08,298.18,297.63,297.78,297.9,298.05,298.16,297.83,297.03,297.43,298.5,298.21,298.05,297.88,297.58,298.23,298.28,299.36,299.08,297.93,296.91,296.41,298.05,299.55,297.68,298.4,299.5,299.05,297.96,294.98,294.86,295.25,295.91,295.36,296.88,297.23,296.48,295.93,297.98,295.55,297.78,295.71,294.53,295.98,296.05,296.53,296.43,296.18,295.68,295.2,295.63,295.55,296.21,296.75,295.68,295.16,296.88,296.31,293.33,293.53,291.5,291.16,292.93,295.38,295.25,293.58,294.61,294.28,294.61,294.31,294.16,294.31,293.66,293.05,294.5,294.53,291.75,290.96,292.18,292.1,295.18,292.93,290.58,293.81,292.41,292.71,294.83,293.23,290.23,293.21,294.33,291.23,289.35,290.48,288.41,289.33,291.48,291.68,293.3,295.13,289.98,289.03,290.21,293.25,294.78,294.66,294.05,292.63,294.43,291.83,291.98,293.08,292.61,290.18,287.78,288.11,288.61,289.25,290.11,289.3,288.43,290.73,287.41,287.68,290.23,289.43,289.86,289.05,287.63
287.22,289.64,291.67,291.72,288.35,287.45,291.02,287.8,290.9,288.55,287.1,288.67,288.02,285.47,284.37,288.32,288.3,286.2,288.95,285.72,287.3,290.97,287.99,287.42,290.27,288.72,287.2,286.5,286.6,290.45,287.07,286.95,287.1,284.92,287.22,288.74,285.6,287.99,283.47,285.42,287.97,285.92,290.85,287.99,285.74,284.65,284.05,287.52,289.8,291.15,287.35,287.12,290.62,287.24,284.42,283.35,285.32,287.57,283.7,284.52,287.67,289.7,290.07,290.52,287.6,285.2,286.57,289.74,287.72,286.22,288.89,286.52,285.27,285.64,288.37,289.9,290.4,285.5,287.24,286.77,286.05,289.92,291.17,288.42,286.39,287.52,290.05,289.3,286.77,287.64,288.37,289.42,289.12,290.12,290.57,291.32,290.14,289.27,290.2,291.5,291.74,291.9,289.45,289.82,289.37,289.99,287.1,286.77,287.12,288.35,286.47,287.32,287.6,290.85,290.37,289.15,287.45,287.14,287.85,289.2,289.77,290.55,290.07,289.8,290.37,290.72,291.47,291.55,292.17,293.02,293.64,292.5,292.82,292.17,290.55,292.22,294.3,293.72,293.8,293.9,294.72,294.85,294.72,294.0,293.92,295.7,296.17,296.2,294.72,291.77,292.42,293.77,294.52,289.2,290.42,292.37,293.6,292.89,294.8,293.27,290.39,290.89,292.89,293.72,293.07,293.7,291.47,293.24,292.25,290.75,292.2,292.97,293.77,294.42,294.05,293.7,294.1,293.5,294.77,294.42,294.62,294.85,295.05,294.17,295.64,296.2,296.47,297.12,295.2,294.72,296.3,296.62,296.22,297.05,298.2,298.3,297.99,297.52,297.37,296.45,297.1,297.24,297.05,297.25,297.12,297.1,296.87,297.6,297.9,298.47,297.8,299.2,298.24,298.02,298.15,297.77,297.5,297.82,298.0,297.82,297.85,298.39,298.97,298.32,297.55,297.52,297.85,298.42,298.9,299.07,298.6,298.8,299.1,299.07,298.27,298.07,298.57,298.87,299.42,298.95,299.02,298.92,298.02,298.12,296.25,297.17,298.05,298.37,298.05,297.74,298.17,298.12,297.65,297.02,296.8,295.42,295.42,297.14,297.27,296.6,296.52,298.02,297.8,297.24,297.02,297.47,298.47,298.62,297.77,298.6,299.02,298.92,298.2,295.37,295.95,295.77,294.42,293.2,293.77,293.8,294.35,296.5,297.02,296.72,297.35,297.35,297.12,297.0,297.5,294.85,295.02,296.95,294.82,293.2,293.64,295.17,295.97,292.22,293.32,297.2,295.35,291.95,291.92,294.12,295.72,296.62,295.05,296.02,296.5,297.25,296.2,296.2,295.2,291.14,289.52,291.27,293.65,294.05,294.27,294.47,294.05,294.52,295.49,295.85,294.45,294.55,294.8,294.97,293.97,291.6,292.57,294.2,292.67,292.52,293.82,294.8,295.87,293.72,291.25,291.07,291.2,291.97,290.95,290.77,292.82,294.22,295.32,291.07,291.22,293.35,288.65,290.85,292.45,288.1,291.45,290.97,289.15,290.92,290.92,286.07,286.37,288.35,291.07,287.3,290.32
289.15,287.67,288.57,287.55,291.75,290.67,290.35,286.89,289.79,287.99,286.62,287.2,287.75,286.24,287.12,286.95,290.87,287.72,290.45,290.39,285.92,289.02,286.82,290.75,291.2,286.07,289.1,286.67,291.07,286.3,285.75,290.1,286.5,286.14,289.65,291.22,288.85,287.72,284.72,290.15,286.77,287.47,283.42,286.87,286.55,290.82,289.97,288.75,288.62,282.07,284.87,287.67,289.3,284.85,285.17,285.57,286.72,290.47,287.7,289.6,290.82,288.82,286.65,287.4,286.87,290.49,288.87,286.6,288.42,283.72,285.99,287.97,289.64,287.87,289.82,287.75,288.5,286.5,286.42,289.47,291.8,291.37,287.45,288.17,289.12,284.5,286.0,288.75,286.0,286.87,290.27,289.75,291.65,291.64,290.05,287.72,288.02,291.45,291.37,290.95,292.97,290.85,286.65,287.65,288.75,288.42,288.55,289.97,291.27,292.45,289.95,289.07,289.45,289.45,291.47,292.17,292.25,292.7,292.85,292.49,290.45,288.42,289.6,291.49,292.24,292.42,292.42,293.02,292.95,293.52,294.4,293.15,292.35,293.47,294.1,294.95,292.07,294.17,294.67,294.82,295.25,295.45,293.97,290.89,290.35,292.17,294.92,292.05,289.45,290.07,294.27,295.45,296.0,294.77,294.15,294.75,293.92,293.97,292.77,295.5,292.97,293.55,296.3,294.57,293.8,295.2,294.12,293.3,293.24,294.05,295.32,295.27,295.22,292.55,291.95,293.27,294.27,293.97,293.97,295.67,296.5,296.64,296.82,296.67,296.37,297.07,297.35,297.35,297.47,297.72,297.8,298.17,298.62,298.47,297.7,298.3,298.2,298.42,297.97,297.97,297.5,297.64,298.17,298.3,297.82,297.5,297.57,298.07,299.32,300.47,300.62,299.9,299.57,299.4,298.67,298.77,298.8,299.17,298.7,298.37,298.92,298.67,298.55,298.77,298.85,298.95,298.3,298.22,298.92,299.72,299.32,298.57,297.87,298.37,298.99,298.95,299.2,298.94,298.82,298.82,298.72,299.07,299.27,299.05,299.3,299.39,299.47,299.67,299.64,299.9,299.57,299.02,299.47,299.35,299.07,298.7,298.95,298.52,298.4,297.64,297.85,298.35,297.45,298.2,297.57,297.17,296.75,297.27,296.87,296.6,296.32,297.72,296.92,295.95,295.7,296.77,297.32,296.92,296.62,297.32,296.45,296.92,297.35,297.35,297.05,297.75,295.8,295.65,295.55,296.1,296.07,296.3,296.4,296.45,296.85,297.47,294.3,295.82,296.2,296.07,293.37,294.45,295.87,294.62,296.1,295.45,295.3,294.15,293.4,294.25,291.5,295.37,294.62,293.77,296.7,297.37,294.17,294.22,294.87,291.82,294.67,295.99,296.17,296.55,296.67,296.45,296.97,296.45,296.7,294.99,290.9,291.72,294.62,295.12,292.62,295.3,294.17,295.07,293.47,294.32,291.05,290.35,294.77,294.9,293.55,294.35,289.07,291.6,293.95,290.85,292.6,290.37,288.5,291.35,291.65,288.49,289.14,291.74,291.07,287.52,289.92,291.57,286.55,286.82,291.6
292.5,289.24,290.75,289.02,286.47,287.02,289.77,292.75,293.47,291.2,291.7,287.87,287.2,288.67,289.32,291.75,289.95,286.1,285.05,286.65,292.32,287.92,286.8,288.87,290.12,291.57,291.0,291.17,289.92,291.8,288.67,287.55,291.27,293.1,293.89,291.0,291.7,289.99,290.4,288.77,289.27,289.62,291.5,292.6,289.75,288.1,286.32,287.12,289.1,290.95,290.75,292.3,291.37,290.62,287.37,284.25,289.89,289.24,291.05,289.87,290.24,289.82,286.97,288.35,290.7,290.45,291.75,292.47,290.55,292.45,293.55,291.05,288.85,289.5,292.77,292.72,287.87,290.37,293.52,293.6,293.25,293.02,287.92,286.17,288.55,291.74,291.89,292.67,289.15,286.99,289.35,288.25,290.07,292.87,291.12,293.37,293.22,293.77,292.49,288.9,289.32,291.24,293.14,292.87,292.25,291.77,292.25,293.2,290.07,288.14,289.97,291.87,290.22,290.99,290.0,289.42,290.02,291.95,293.47,292.8,292.3,291.72,291.29,291.12,290.72,289.85,290.6,291.57,291.02,291.32,293.0,293.02,289.52,291.54,293.37,293.42,293.4,294.19,291.99,292.7,294.17,294.52,292.82,293.65,295.52,295.4,293.02,292.47,294.02,294.35,294.1,293.2,292.32,292.57,293.4,294.87,295.5,296.24,296.3,296.52,296.95,296.99,297.05,297.35,295.62,296.97,295.6,295.14,297.24,296.85,296.25,295.74,297.0,295.95,297.77,298.02,297.9,297.14,296.67,298.07,298.72,297.72,293.4,294.12,295.9,297.1,297.62,297.42,297.19,297.22,296.82,296.67,296.87,297.3,297.62,297.92,298.49,299.2,297.8,297.52,297.97,298.2,298.5,299.05,299.15,298.55,298.0,298.4,298.72,299.15,300.02,299.39,298.67,298.72,299.17,298.85,299.32,298.47,298.32,298.82,299.14,299.52,298.82,298.8,299.77,300.24,299.32,299.22,299.3,299.17,298.45,298.8,298.1,298.3,298.75,298.92,299.5,299.52,299.0,299.12,299.72,299.57,297.92,297.8,298.55,299.02,298.72,298.2,298.6,298.37,298.2,298.85,298.72,298.77,299.02,299.17,299.4,299.2,299.07,299.25,299.35,298.42,298.1,299.3,299.7,297.8,295.27,296.92,299.05,298.89,298.62,299.05,298.05,297.05,298.14,298.47,298.6,298.72,298.52,298.87,299.02,298.3,299.02,297.05,294.65,294.57,296.0,297.42,296.75,296.87,297.72,298.24,297.75,297.2,297.17,297.42,298.37,298.3,298.1,296.25,295.32,297.67,297.55,296.2,296.17,297.02,296.85,296.47,296.87,297.22,296.99,298.05,298.05,298.4,295.77,294.1,294.95,295.77,294.32,292.02,295.89,294.42,294.89,295.12,296.55,295.95,292.2,292.22,293.97,295.57,294.42,295.07,295.52,294.65,295.05,292.37,295.99,291.87,291.52,293.9,295.77,294.85,290.32,291.02,294.67,292.37,290.67,291.92,291.95,291.67,287.9,290.62,289.72,290.75,292.05,292.95,289.77,290.0,287.97,291.12,291.6,287.62,287.55,288.97,288.82
288.2,289.55,287.92,287.42,287.32,285.85,287.5,288.7,288.55,289.1,289.8,290.07,290.2,288.97,288.05,289.87,291.95,291.82,292.52,289.47,291.69,290.02,286.37,287.39,290.3,291.72,292.65,292.1,290.1,285.62,288.3,285.97,287.02,286.49,286.97,286.2,284.8,288.07,289.22,291.24,288.47,287.32,288.52,289.27,288.82,289.74,291.72,288.35,288.8,289.42,287.92,292.02,290.25,288.07,287.6,289.77,287.55,289.14,288.74,285.27,284.55,285.97,283.4,285.82,289.85,289.3,291.17,291.2,289.92,285.97,289.2,289.52,288.52,286.85,285.47,289.67,288.9,285.42,287.82,289.42,287.32,287.74,285.55,287.45,290.97,290.4,287.12,286.1,288.39,290.82,290.97,291.52,288.47,288.37,287.82,289.35,290.55,290.64,290.89,286.35,286.35,288.25,291.32,288.92,289.77,290.6,292.62,291.15,287.37,287.12,289.02,289.57,292.12,292.52,292.15,290.97,291.02,292.74,292.72,292.67,291.42,292.6,293.2,292.47,290.85,290.6,290.07,290.25,290.55,289.49,290.05,289.17,290.22,291.0,291.62,292.57,292.14,291.27,290.37,292.12,290.85,292.05,289.94,290.1,291.65,293.97,291.47,290.72,291.74,291.85,292.6,293.1,294.12,294.39,294.85,295.52,293.87,294.89,294.85,293.35,294.25,294.99,295.27,296.17,293.74,293.97,295.1,296.27,295.87,296.32,297.07,296.64,297.05,297.62,297.77,298.17,297.65,296.64,296.45,295.99,295.62,296.85,297.87,297.52,296.97,296.6,295.95,296.2,296.7,297.1,297.57,298.12,298.14,298.39,298.82,298.92,297.87,298.22,298.35,297.74,298.3,298.45,297.97,299.25,299.07,297.12,298.6,299.24,299.1,299.02,298.57,298.82,298.89,298.42,298.24,298.32,298.8,299.2,299.07,298.45,298.95,299.62,299.85,299.35,299.1,299.15,299.24,299.67,299.42,299.85,300.3,300.62,299.5,299.75,300.47,299.2,299.62,300.37,300.7,300.55,300.92,300.97,298.92,298.92,299.42,299.82,300.1,299.77,299.7,299.8,298.0,298.47,299.3,299.0,299.87,300.97,300.4,300.3,300.35,298.1,295.85,295.87,296.7,298.5,299.64,300.05,297.42,296.42,296.05,296.37,297.07,297.62,297.72,297.37,296.87,297.07,297.0,297.24,297.1,297.32,296.72,294.72,295.55,297.05,297.15,297.24,297.47,297.75,297.65,297.05,297.42,297.8,294.39,294.12,296.77,295.6,294.37,292.89,292.95,294.82,295.95,295.67,297.39,296.87,292.92,295.05,292.32,292.12,290.35,292.57,293.52,292.12,295.82,294.27,295.52,293.42,293.32,293.45,291.05,293.95,294.0,295.52,295.1,290.67,289.97,294.47,293.0,294.87,293.2,292.35,295.27,295.4,293.3,291.6,293.82,290.12,287.17,289.9,292.12,293.15,291.0,286.62,289.07,289.15,293.35,292.85,291.22,289.57,290.6,289.97,290.97,287.42,288.05,292.27,290.35,293.22,288.8,291.0,291.82,293.17,291.02,287.4,288.4,287.62,286.92
290.32,290.97,291.55,291.64,288.85,287.67,286.05,286.39,288.27,284.15,288.95,292.14,290.97,292.2,290.62,289.12,290.52,288.15,288.67,284.9,287.57,290.65,287.72,289.92,284.17,285.47,291.2,292.62,290.5,289.47,288.92,288.54,290.77,292.27,290.05,286.92,287.2,289.92,287.85,289.77,287.3,287.47,290.17,288.2,292.05,292.75,290.67,289.64,286.47,289.27,288.52,283.82,285.65,289.0,288.95,291.92,288.57,284.49,284.97,286.42,291.45,289.62,284.77,288.8,289.97,287.0,290.52,291.17,287.1,287.92,288.32,289.89,286.14,285.67,287.45,288.97,289.07,290.77,290.67,288.85,287.77,288.77,287.4,287.2,286.27,286.3,289.42,289.57,290.12,290.87,291.35,287.67,286.7,289.12,291.42,289.52,288.7,287.67,286.04,286.67,289.85,288.92,288.22,287.7,289.12,290.07,290.07,288.62,288.42,290.07,291.77,292.12,293.17,290.77,291.99,293.35,291.99,289.35,288.87,288.77,290.85,293.2,291.35,293.57,293.12,290.17,288.6,288.74,291.62,294.24,293.12,292.27,291.97,288.77,290.35,290.35,290.45,291.97,292.25,290.99,290.37,291.47,291.64,291.27,291.24,292.8,292.07,291.97,294.1,291.0,289.95,290.22,291.55,293.15,293.35,293.95,293.4,292.47,292.24,292.42,291.95,292.87,294.8,294.74,293.95,294.47,294.29,293.9,293.77,294.47,295.02,295.3,296.12,296.27,295.35,294.62,293.3,292.82,294.07,295.6,296.45,295.99,295.97,296.72,296.64,296.7,297.07,296.57,296.3,296.39,296.0,296.4,296.37,296.62,296.77,297.39,297.4,297.24,297.45,297.95,297.82,297.77,297.57,297.7,298.52,299.32,299.37,299.45,299.5,299.2,299.64,299.5,299.82,299.97,299.92,299.95,300.1,299.4,299.22,299.62,298.85,298.74,297.75,298.3,298.24,298.14,298.55,299.05,299.97,300.07,300.42,299.64,299.32,299.85,300.47,299.5,298.57,299.05,299.05,299.47,299.37,299.4,299.77,299.1,298.85,299.2,298.82,298.47,298.24,298.0,297.02,297.77,298.4,298.57,298.1,297.95,297.47,298.4,297.77,297.82,298.17,298.57,298.45,298.82,298.52,298.12,298.0,298.32,298.7,298.89,299.1,299.1,299.17,298.57,298.5,299.12,299.17,297.92,297.49,297.49,297.57,298.07,298.1,293.77,295.39,296.07,297.1,297.22,294.64,294.32,296.52,296.92,297.3,295.7,294.97,295.12,295.37,296.3,295.95,297.05,296.72,293.37,293.3,295.22,295.87,296.2,296.7,296.92,296.37,296.12,296.42,295.45,296.05,296.9,296.52,297.42,297.37,296.17,296.6,295.5,294.75,296.1,293.7,292.35,290.04,292.15,290.8,289.92,291.6,293.3,295.0,293.62,291.37,292.52,294.89,293.67,291.3,290.65,291.8,290.89,294.37,292.57,291.37,290.52,289.94,288.17,286.9,289.97,293.67,293.95,292.22,293.1,291.49,291.82,289.62,289.92,293.6,290.0,288.45,293.65,291.0,288.5,290.05,287.77,291.47
288.88,290.4,292.72,288.07,288.85,291.38,287.62,286.15,287.18,290.18,289.93,290.35,287.35,285.45,283.82,288.88,291.5,293.4,292.15,290.9,287.18,286.4,287.72,288.75,290.53,289.68,287.4,290.32,292.35,292.2,289.65,291.15,287.72,288.57,292.08,292.13,290.25,291.25,292.0,289.47,289.95,291.82,290.8,290.0,289.8,289.43,287.2,286.05,286.3,290.32,291.02,287.35,286.3,289.45,291.23,288.45,287.47,286.62,288.15,290.52,289.97,290.25,288.83,287.03,288.28,290.68,292.05,287.98,286.22,290.0,289.6,289.35,286.6,287.15,289.53,291.27,292.22,290.97,288.4,288.45,288.3,288.7,290.38,290.68,287.13,287.52,289.87,290.65,289.95,291.5,292.0,289.63,288.22,287.8,290.12,291.55,291.18,287.4,288.5,287.85,287.5,287.47,289.6,290.72,289.85,287.75,288.43,289.2,289.95,290.22,289.32,290.0,290.37,289.35,288.85,288.25,288.82,289.32,290.18,291.9,290.45,291.52,291.55,290.45,290.82,292.02,291.72,291.93,292.05,292.6,292.2,292.55,293.48,293.5,293.4,291.55,290.3,290.3,290.15,292.65,293.95,294.0,292.97,292.35,293.65,292.33,292.02,293.2,294.1,291.95,292.05,292.32,292.4,293.42,293.92,293.65,293.12,293.07,294.93,292.72,293.52,294.28,293.78,293.68,294.9,295.53,295.8,294.68,295.5,295.65,296.25,295.8,296.85,296.98,297.55,297.88,298.53,298.93,297.85,298.02,297.37,297.9,298.13,298.4,298.12,298.8,298.62,298.2,296.68,297.63,298.52,296.63,296.2,298.53,297.72,297.7,297.93,298.05,297.57,296.83,297.47,298.37,298.48,298.33,298.87,299.18,299.07,299.0,299.77,299.68,299.57,299.78,299.4,299.68,299.83,299.82,299.35,299.5,299.3,299.92,298.68,299.35,299.25,299.2,297.57,296.4,296.27,298.1,299.22,298.68,297.93,299.8,300.47,300.15,299.8,299.65,299.2,299.52,299.18,299.13,298.8,299.65,298.9,297.45,296.93,297.25,297.85,298.43,299.43,298.8,299.05,299.18,298.35,298.25,298.55,298.88,299.2,299.33,298.8,298.5,297.5,296.97,297.68,298.07,297.75,298.75,299.57,298.53,298.6,299.22,297.18,295.32,295.57,296.2,295.2,294.85,294.73,296.25,296.05,296.18,294.57,295.55,296.82,297.13,297.33,297.32,297.78,296.63,293.63,293.57,295.6,294.87,295.48,297.13,297.1,297.2,294.95,295.5,294.18,295.1,297.25,297.65,296.6,293.0,290.82,295.35,298.15,297.85,297.95,295.18,291.2,291.63,294.6,296.75,293.85,293.3,294.25,296.22,296.5,296.97,295.0,293.03,295.65,294.22,292.55,295.22,291.47,290.63,293.6,296.35,293.38,294.43,292.03,290.07,291.25,292.72,291.55,286.82,288.9,293.95,293.65,292.57,295.37,295.93,295.45,291.97,292.02,290.72,288.5,289.57,290.8,290.75,290.1,292.85,289.3,292.8,295.1,291.82,291.55,293.82,293.27,289.7,291.45,290.3,289.25
291.1,292.5,287.22,285.22,290.65,292.35,288.4,287.73,285.87,287.8,292.25,292.52,288.07,286.3,289.6,288.3,285.63,288.32,286.35,288.4,290.3,288.85,286.8,287.9,289.53,286.75,286.35,286.52,288.65,291.85,287.75,289.15,287.75,288.57,289.55,286.53,289.45,286.2,284.18,285.15,286.52,289.18,290.65,291.75,290.4,288.72,286.05,289.53,285.15,285.93,289.43,291.77,286.4,286.65,287.35,288.37,287.18,287.65,286.95,283.57,286.78,289.28,288.32,289.77,287.4,284.6,286.13,288.93,287.72,286.85,285.38,285.45,285.05,285.2,285.95,287.15,289.32,287.4,287.95,289.13,287.32,285.47,286.85,287.28,288.7,289.3,287.7,287.57,289.75,289.65,289.47,290.4,289.8,290.62,291.4,290.8,291.22,289.95,290.73,291.43,287.62,286.15,288.18,291.0,291.82,290.25,290.0,290.33,288.48,288.32,289.02,290.63,288.9,288.9,291.95,290.18,289.63,291.13,287.8,287.65,287.25,288.82,286.43,288.73,290.57,291.4,290.68,290.65,291.45,291.77,292.57,291.88,291.7,292.47,290.18,290.07,292.53,293.1,292.97,294.4,294.78,294.82,294.1,293.72,295.8,295.97,295.6,294.27,294.57,294.53,294.18,294.07,294.05,294.18,294.53,294.6,294.5,295.03,295.25,296.95,295.15,294.0,293.32,295.82,296.45,296.02,296.1,295.8,294.47,294.0,293.95,294.1,295.0,296.38,296.03,297.7,296.95,295.82,296.6,297.25,297.35,297.22,297.47,297.18,297.03,297.2,297.77,297.05,296.33,297.1,297.87,297.82,297.05,296.88,296.8,297.57,297.75,297.72,297.38,297.85,298.45,298.65,298.45,298.18,297.57,297.28,297.78,297.68,297.3,296.85,297.12,297.43,297.58,297.9,297.78,297.81,298.85,299.41,299.1,299.46,299.23,299.6,299.23,298.96,298.95,299.28,299.25,298.88,298.71,298.55,299.65,299.68,299.75,299.75,299.9,299.75,299.78,299.8,299.43,298.88,298.16,298.41,298.38,298.93,299.68,299.71,299.65,300.41,300.08,300.21,300.15,299.35,299.18,299.33,300.0,298.9,298.21,300.38,298.78,298.63,297.75,297.03,297.4,298.46,298.78,299.1,298.83,295.5,295.6,297.53,299.71,299.43,298.71,299.18,298.53,298.55,298.1,298.33,297.46,297.35,298.98,298.45,297.68,297.18,297.15,298.73,299.06,298.33,297.23,298.05,298.15,298.25,298.48,298.98,296.0,294.88,296.8,298.35,295.88,295.93,296.13,292.88,294.38,296.83,292.88,292.08,292.78,294.13,295.63,294.43,295.38,295.63,295.58,295.3,295.15,295.18,295.1,296.21,291.98,290.93,292.28,294.5,292.65,290.9,291.31,292.5,293.7,295.23,294.38,293.78,293.7,293.95,292.16,291.73,293.3,296.3,296.5,294.08,293.05,291.48,292.85,294.33,293.75,292.28,289.98,290.38,295.08,293.33,293.53,295.33,294.3,292.95,293.9,295.53,293.98,289.08,289.68,290.05,290.9,291.5,294.28,292.15,286.93,289.88,289.55
290.5,289.68,289.1,290.78,288.25,288.23,288.2,288.15,289.98,287.48,286.8,289.08,286.98,289.48,290.0,287.63,286.95,286.15,285.53,287.6,289.38,287.25,289.95,289.06,291.23,289.06,286.28,289.63,287.93,288.2,289.05,287.3,285.85,285.88,289.35,290.53,289.16,287.5,286.75,285.88,286.73,285.4,286.78,288.1,285.45,287.88,289.75,285.63,287.56,284.45,283.6,284.3,286.75,288.85,288.35,285.31,288.08,290.23,286.93,288.5,290.9,291.08,292.18,291.43,287.5,290.58,290.4,285.55,287.25,286.63,287.48,289.75,290.93,289.81,290.93,286.25,285.93,288.41,289.78,289.6,290.23,290.18,291.05,288.63,287.65,291.28,288.73,287.73,285.98,286.7,289.88,290.73,291.38,289.2,290.88,290.23,288.33,289.6,291.6,290.3,288.73,287.88,289.65,286.93,288.73,292.08,292.08,289.6,288.0,289.4,292.23,292.1,292.48,294.06,294.23,293.03,291.53,291.78,292.23,293.08,293.5,290.88,287.38,289.0,289.48,290.03,290.55,292.2,292.5,291.93,291.23,291.5,291.73,291.66,291.88,292.6,292.78,292.68,292.65,292.15,290.45,289.78,289.33,289.88,292.55,293.5,292.3,291.13,290.75,293.18,293.75,294.38,293.2,293.23,294.13,292.53,291.78,291.73,291.28,292.93,293.31,293.68,294.3,294.48,295.03,295.25,295.18,295.23,295.75,295.5,295.78,295.7,295.15,294.9,295.46,296.53,296.38,296.0,297.15,296.93,296.83,296.6,296.6,297.08,297.85,298.08,297.03,296.58,297.6,295.75,296.15,297.4,298.05,298.28,298.93,297.53,296.93,297.41,298.15,298.13,298.03,297.75,297.65,297.53,297.93,298.08,297.78,297.75,297.66,297.93,298.46,298.83,299.0,297.72,297.3,297.97,298.65,298.63,298.57,298.07,298.4,297.65,298.37,298.97,298.0,298.07,298.2,298.65,298.72,298.35,299.2,298.0,298.7,297.97,298.18,296.55,297.32,298.65,298.55,299.2,298.9,296.9,297.1,298.32,298.5,298.43,297.7,296.9,296.47,297.05,297.65,297.65,297.85,298.02,297.45,296.35,298.27,298.15,297.05,296.5,295.8,295.05,294.35,295.37,295.68,295.82,297.15,297.38,296.82,297.02,296.65,295.43,293.9,294.93,295.55,296.12,295.6,295.58,296.27,296.43,296.35,296.47,296.85,296.8,295.82,294.68,294.55,294.87,294.68,296.55,295.37,292.72,291.75,292.5,292.43,294.62,294.63,292.27,292.05,294.88,295.3,294.5,293.57,293.63,294.05,294.72,295.45,295.7,295.28,294.5,293.7,292.75,291.47,292.2,292.03,290.72,292.32,294.1,294.1,294.38,295.13,294.18,291.53,294.47,295.47,293.1,291.18,290.43,292.87,291.47,291.0,294.82,294.75,294.47,291.12,290.0,287.45,288.88,291.43,293.18,292.1,290.75,293.22,292.15,292.43,291.3,290.22,291.72,288.32,287.7,291.8,289.62,288.95,287.4,286.88,287.18,290.72,291.68,288.93,291.25,291.72,289.92,289.5,291.65,288.6
289.6,293.93,291.45,290.85,293.5,288.85,286.05,287.88,289.85,291.95,290.25,289.72,288.15,287.15,286.08,287.5,290.3,291.63,288.77,288.03,289.95,286.52,284.27,284.88,287.4,288.25,287.75,284.9,288.72,288.4,290.47,290.68,291.83,289.32,286.4,287.68,288.35,285.97,284.6,284.9,289.25,289.95,289.25,286.22,287.72,285.15,285.18,285.92,289.38,285.63,286.78,290.2,291.32,288.68,289.27,291.2,289.9,290.35,285.53,288.27,288.75,287.35,286.63,290.25,287.93,288.88,285.68,285.75,288.4,286.78,288.32,290.58,291.32,289.35,286.15,288.22,288.03,290.2,287.0,285.07,288.1,285.35,285.95,289.38,291.37,290.43,288.35,288.47,291.28,292.0,292.1,290.87,289.05,291.95,292.38,287.5,287.4,288.4,289.53,290.68,288.18,288.13,288.88,291.52,288.93,287.08,286.82,289.3,288.32,284.98,285.95,287.58,291.28,290.68,287.48,286.33,290.53,288.88,286.9,289.15,290.78,288.93,288.95,291.68,291.68,290.1,288.53,288.93,292.23,292.63,291.88,289.8,292.88,293.25,288.93,289.2,295.03,293.78,292.4,290.8,291.13,290.15,292.13,294.48,294.03,291.93,292.45,294.48,292.18,290.5,289.8,292.48,294.18,293.23,291.35,293.36,294.6,293.78,291.05,290.4,290.35,291.45,293.33,294.16,294.33,295.0,293.43,292.33,294.71,294.18,294.1,295.88,293.58,295.23,293.05,294.13,294.55,293.75,294.68,296.65,296.75,296.75,296.43,295.13,295.4,296.0,296.75,296.53,296.28,296.48,296.5,296.68,297.13,297.5,297.55,297.25,296.98,297.6,298.13,298.25,297.53,297.13,296.83,296.88,298.46,298.43,298.43,298.71,298.33,298.13,298.13,297.18,297.9,297.93,298.18,297.75,297.73,298.23,299.1,298.8,298.73,298.96,298.96,298.55,298.83,299.48,299.9,299.83,300.05,299.63,297.96,298.08,298.5,298.78,298.71,299.16,299.23,299.35,297.9,297.55,297.63,297.68,298.66,299.18,299.0,299.21,299.28,298.5,298.23,298.75,299.0,298.83,297.98,298.25,298.5,298.13,298.4,299.0,298.88,299.48,299.48,298.35,298.55,298.63,298.48,299.43,299.0,299.21,299.55,299.5,299.83,299.91,299.75,297.93,297.88,298.68,298.88,298.78,299.03,299.53,299.18,299.35,298.83,298.93,298.18,298.3,295.13,293.91,295.55,295.96,296.78,296.8,297.55,298.23,298.83,298.0,298.03,298.66,297.68,296.98,297.25,297.15,296.48,297.38,297.6,296.25,296.58,297.21,297.03,295.48,294.75,295.21,294.75,293.93,293.35,293.16,295.46,294.9,294.68,295.78,295.08,295.35,294.41,291.91,292.23,291.45,292.13,291.68,294.3,293.65,294.0,294.0,293.1,292.85,292.53,290.45,291.6,292.38,294.35,293.48,291.18,289.56,290.93,291.23,291.41,292.93,294.68,292.98,292.95,291.48,292.23,291.33,292.58,288.28,287.38,290.68,292.91,291.03,288.55,288.2,291.03,287.05,286.05,286.4,288.85
287.45,287.6,291.95,292.81,291.43,291.95,292.18,291.38,287.95,286.7,289.4,288.83,285.0,284.78,288.3,290.05,288.25,288.08,288.45,288.65,286.5,291.5,293.18,289.43,288.25,287.58,286.35,288.75,286.45,285.65,285.95,286.18,288.91,288.41,291.18,286.25,284.7,285.2,289.25,291.2,285.68,288.2,291.03,285.88,286.38,289.33,289.08,290.03,291.65,290.23,288.75,289.0,289.6,289.08,288.53,288.55,287.53,288.5,288.73,288.55,288.13,288.53,288.83,289.2,285.9,285.91,288.03,289.93,286.16,288.66,290.13,288.9,290.33,290.45,286.95,287.4,290.98,291.48,292.65,290.73,288.85,288.13,289.95,292.05,287.3,287.13,290.55,291.83,291.58,291.6,289.7,288.73,288.93,290.55,288.43,290.7,291.1,291.83,291.85,289.93,286.9,286.3,287.73,287.83,288.3,289.63,290.23,291.0,290.25,290.0,291.95,292.7,292.45,289.43,289.53,291.58,292.1,292.4,292.9,292.75,291.23,289.33,293.18,290.8,288.63,288.63,290.48,292.41,293.63,291.48,289.9,288.98,290.2,291.2,292.2,292.48,292.63,289.83,289.1,287.95,288.8,291.6,288.18,289.08,289.6,290.6,291.78,291.83,292.0,291.23,290.25,291.73,292.85,293.88,293.05,291.65,294.33,294.71,295.15,291.0,291.55,293.68,291.95,290.66,290.93,292.7,293.08,292.83,293.58,294.38,294.35,293.98,293.68,293.65,293.98,293.95,294.35,295.65,295.6,295.08,294.83,295.23,296.13,297.05,296.5,296.96,297.33,297.53,297.75,296.33,294.93,295.35,296.98,297.38,296.96,296.15,296.85,296.71,296.16,296.53,297.1,297.71,297.63,297.46,297.25,297.78,298.2,297.88,298.08,298.35,298.23,298.0,298.35,297.8,297.5,297.88,298.25,298.38,298.3,298.63,298.95,298.75,298.83,298.85,298.88,298.93,298.6,298.35,298.4,298.16,297.93,298.73,299.08,299.0,298.3,297.78,297.93,297.93,298.35,298.9,299.53,299.1,298.88,299.18,299.16,298.85,299.3,298.6,298.43,298.73,299.78,299.91,299.15,298.98,298.73,297.83,297.93,298.13,298.15,297.55,298.35,296.88,296.35,296.6,297.68,297.88,298.18,298.43,297.65,295.8,296.08,296.06,296.65,297.68,297.38,297.33,297.5,297.78,297.63,298.4,298.83,299.28,297.25,295.48,295.06,296.38,297.08,295.73,297.78,296.98,293.73,294.46,295.58,296.41,297.31,296.8,296.88,297.63,296.96,296.63,295.83,295.63,295.75,296.4,296.9,297.25,294.18,292.88,292.48,292.6,292.93,293.15,293.13,291.43,291.0,291.56,292.83,292.95,291.63,291.55,291.08,292.58,292.85,290.38,293.48,293.23,290.5,293.93,292.48,289.25,289.88,293.63,295.0,294.86,295.35,293.88,294.83,291.25,292.68,292.55,290.43,292.66,293.8,294.5,292.93,288.55,289.13,293.13,294.03,292.98,291.43,294.13,290.28,289.41,290.08,293.55,294.71,292.8,290.4,287.23,288.25,293.55,294.68,290.63,287.13
285.16,286.03,291.55,290.33,291.08,287.4,291.2,294.18,291.1,289.1,290.28,288.98,289.2,291.38,286.6,286.83,288.53,292.25,290.88,287.78,286.1,289.2,291.45,287.3,290.48,286.98,286.75,290.05,288.18,285.8,284.41,285.0,291.75,288.7,285.5,287.25,285.7,288.43,286.68,287.0,291.1,291.83,289.28,285.33,284.88,286.13,291.58,287.13,285.18,290.7,290.4,288.65,289.78,289.55,287.8,289.3,289.25,288.33,286.15,288.05,290.2,288.53,286.8,283.9,286.83,286.88,287.38,288.78,287.18,284.48,286.35,290.65,289.68,286.8,286.85,289.98,287.75,287.23,287.18,286.58,285.08,285.58,288.5,288.1,288.03,289.98,290.33,289.73,289.38,290.63,288.7,290.35,291.56,291.88,292.18,286.78,285.1,286.08,288.7,290.05,287.5,289.83,286.88,285.48,289.78,289.8,290.45,290.3,288.5,290.53,284.95,286.83,289.88,292.03,289.85,292.3,292.53,290.58,291.2,293.03,290.15,287.93,287.63,287.93,289.23,290.43,290.41,290.23,290.23,290.65,291.23,291.45,292.15,290.3,289.03,289.55,291.33,291.68,292.58,292.45,293.2,290.4,291.98,290.45,290.85,291.63,294.2,294.28,291.53,291.0,293.58,294.43,295.05,294.23,292.13,291.2,295.98,293.95,292.95,292.88,291.78,292.7,292.36,292.78,294.18,294.1,294.3,295.18,294.65,293.73,292.63,292.73,293.16,294.6,296.0,296.58,296.33,296.78,296.78,296.78,296.33,296.15,296.75,297.58,297.9,297.43,297.38,297.3,297.75,298.63,299.08,298.85,297.96,298.23,297.98,296.78,296.35,298.15,299.63,297.88,299.33,298.5,299.15,298.56,296.65,296.08,296.85,298.43,297.75,297.13,297.18,297.1,297.33,297.1,297.08,297.9,297.6,298.18,298.21,299.0,299.25,299.63,298.83,297.98,299.85,299.93,300.43,300.05,299.98,300.13,300.03,300.05,300.08,299.3,298.55,297.58,297.9,298.6,299.2,299.23,299.28,298.98,298.85,298.93,298.85,299.0,298.18,299.3,299.46,298.8,298.83,298.68,299.08,299.8,300.1,299.68,299.38,298.53,298.05,298.35,299.23,297.58,298.28,298.68,298.88,299.21,298.83,299.13,298.91,298.83,298.88,298.33,298.23,298.78,298.38,297.9,298.3,298.6,299.41,299.58,297.9,298.08,298.73,299.28,298.63,298.83,298.15,297.73,298.55,298.48,298.7,298.73,296.56,297.68,298.48,298.68,297.18,294.96,293.08,294.78,297.21,297.6,297.08,297.46,296.58,297.15,296.8,295.98,296.46,295.08,297.46,294.71,295.18,296.4,294.95,296.65,297.98,295.08,292.6,293.8,296.63,296.08,297.13,293.03,296.1,297.31,295.21,291.65,291.3,289.18,293.08,293.75,290.53,293.68,289.93,293.6,292.4,292.3,295.08,293.4,292.18,293.23,293.38,292.38,289.7,290.18,293.83,294.5,296.1,295.35,292.65,291.68,292.53,292.1,292.35,289.93,289.66,293.58,292.63,290.53,287.83,286.75,290.73,294.13,294.85
295.28,295.07,294.85,293.5,290.72,288.5,288.97,287.55,291.0,290.6,287.68,290.15,292.97,289.7,286.47,287.82,291.25,285.82,288.05,284.93,287.07,292.33,285.5,287.95,292.4,288.7,288.88,289.7,289.55,291.88,292.15,291.45,287.57,287.68,292.15,287.9,289.2,289.55,291.3,288.1,286.3,289.8,283.72,288.57,289.0,288.32,286.5,287.05,285.65,284.85,284.78,288.6,286.78,285.32,290.53,288.35,284.53,287.63,289.22,288.02,287.53,286.28,289.85,289.28,290.15,287.65,287.43,284.35,285.08,287.9,289.7,285.17,284.4,283.8,285.07,288.72,290.07,291.15,291.43,291.43,291.98,292.1,291.45,289.43,289.32,289.97,291.32,290.9,290.72,289.38,293.52,292.95,290.5,291.22,292.03,291.15,287.68,286.85,288.2,291.37,291.77,290.93,292.45,290.7,291.9,292.22,291.88,291.95,291.5,292.5,292.82,293.47,293.8,293.65,291.35,290.15,289.3,290.18,290.95,290.9,289.85,288.85,289.65,292.55,293.95,292.68,291.65,290.72,293.0,293.3,291.93,293.35,291.18,293.68,294.1,292.93,291.8,294.12,287.63,288.07,288.43,291.4,291.93,291.45,290.35,288.87,293.68,293.95,293.57,293.05,290.3,290.97,292.97,289.18,289.2,291.02,290.75,291.22,291.1,291.2,292.57,293.9,294.1,293.65,293.95,293.93,293.47,294.02,294.78,294.21,293.45,293.48,294.1,294.68,295.35,295.6,296.6,297.13,297.76,298.63,298.7,299.13,298.78,298.6,298.33,297.63,297.68,298.15,297.4,297.13,296.75,296.38,296.58,297.31,298.03,297.48,297.48,297.46,297.43,297.58,297.78,297.88,298.05,297.88,298.0,297.88,297.75,298.4,298.35,298.07,298.5,298.35,298.3,298.73,299.13,298.93,298.63,299.0,298.98,298.75,298.88,299.4,299.38,299.33,298.86,299.22,299.53,299.9,299.53,299.83,299.93,299.96,300.4,300.18,299.8,299.47,299.73,299.87,299.05,299.15,299.43,298.9,299.45,298.97,299.3,299.07,298.4,298.97,298.83,298.48,299.0,299.08,299.35,299.0,298.6,298.0,299.15,299.43,299.46,299.68,299.91,300.55,298.95,299.85,299.9,299.73,299.93,299.13,299.3,299.9,299.35,299.21,299.53,299.98,300.6,299.85,298.65,298.93,298.53,298.75,299.3,297.05,296.68,298.63,299.68,299.08,297.78,296.53,296.9,296.91,296.88,297.03,296.98,298.63,297.58,294.88,293.75,293.88,295.28,297.3,297.28,297.0,298.1,297.43,297.78,297.9,295.03,295.68,295.3,292.05,292.38,295.6,297.1,295.21,292.38,291.13,293.63,294.58,294.73,295.75,296.6,296.4,295.98,296.73,296.21,296.0,293.6,293.2,293.53,291.63,289.38,293.31,297.03,293.83,293.65,288.43,288.75,288.98,290.03,287.73,288.63,291.93,291.08,289.93,292.63,294.08,292.88,291.1,292.88,292.35,289.7,289.1,291.65,290.58,287.7,287.4,289.33,289.4,290.53,292.93,290.25,291.2,289.68,288.65,292.66
291.43,292.35,289.07,287.72,286.6,289.1,288.6,286.88,285.95,286.6,291.82,288.0,289.05,289.85,286.07,287.45,288.6,286.65,285.55,290.77,287.42,286.18,284.5,285.3,289.23,291.43,290.9,290.35,288.18,284.9,286.25,291.43,290.88,286.75,286.56,286.45,290.1,290.43,287.68,288.55,287.1,290.41,287.95,289.3,286.3,290.18,290.65,291.75,288.08,287.83,285.98,289.03,288.08,288.7,290.4,291.35,291.4,290.73,290.73,290.2,291.13,289.4,286.66,289.58,287.08,286.3,289.48,291.03,290.88,292.15,292.28,291.41,288.38,288.93,289.98,290.0,291.3,288.5,288.98,290.03,287.5,287.25,288.31,289.41,290.78,290.15,288.6,289.55,286.15,287.0,288.28,289.68,291.15,288.5,286.7,288.9,291.25,289.93,288.58,289.4,288.45,287.33,288.35,292.08,290.5,291.45,290.9,290.2,291.55,291.3,289.25,289.1,292.75,292.33,288.28,288.6,293.93,294.13,293.85,289.9,287.95,289.45,287.68,289.58,288.85,290.28,292.28,291.0,292.48,292.58,291.45,291.18,291.16,291.28,292.53,292.4,291.5,291.6,291.6,292.45,292.98,292.68,291.1,291.35,292.0,292.23,292.55,293.18,292.23,291.85,290.9,291.4,290.93,292.66,292.5,292.18,292.38,293.03,294.2,293.03,293.68,292.55,293.03,294.23,294.13,292.78,292.48,293.25,294.35,293.13,294.6,293.18,293.58,292.83,293.9,294.18,294.68,294.55,296.53,297.03,296.75,296.58,296.03,294.83,295.71,295.9,295.23,295.48,295.55,295.75,295.98,296.6,296.71,297.18,297.15,297.63,296.93,297.03,296.55,297.13,297.38,296.88,297.48,297.3,297.23,296.88,297.66,297.75,297.23,297.78,297.73,297.91,297.63,298.06,298.48,298.4,298.4,299.35,299.35,299.53,299.66,300.23,298.78,298.78,299.78,299.1,298.85,298.58,299.83,299.33,298.55,299.23,299.48,299.88,300.1,300.21,300.16,299.33,299.35,299.21,299.48,299.5,299.73,299.0,297.95,297.98,298.5,298.83,299.5,300.25,299.8,300.65,300.1,299.71,299.6,299.08,299.68,299.92,299.58,299.62,299.17,299.62,300.05,299.9,298.77,297.3,296.0,297.58,299.55,299.12,297.87,297.0,297.42,296.92,295.08,296.07,295.45,296.5,297.7,298.95,298.2,297.83,298.22,299.27,298.87,298.47,299.33,298.4,298.25,297.35,295.85,298.22,297.42,295.45,297.82,296.4,294.42,294.1,290.93,292.78,294.65,293.65,293.75,294.42,294.68,295.95,297.0,296.93,296.2,296.3,296.33,296.55,297.72,296.55,295.35,295.3,295.07,294.02,293.95,294.62,295.4,295.27,294.62,295.28,295.1,295.22,291.85,293.52,293.92,295.4,292.5,293.5,295.5,293.32,294.1,294.22,291.05,295.67,290.0,289.57,295.45,293.8,290.8,289.97,288.9,287.62,290.55,293.2,293.47,292.3,294.97,294.2,295.3,291.17,293.47,291.18,288.12,291.17,291.77,290.72,288.85,290.1,289.35,289.42,289.85
293.87,289.8,289.4,289.47,285.95,289.85,293.42,288.77,287.15,288.45,289.1,288.0,292.2,293.0,288.17,289.42,287.95,285.3,287.65,288.02,287.07,290.72,289.6,289.7,285.25,286.5,287.2,286.32,289.8,290.05,286.22,285.47,289.27,289.62,289.97,288.28,290.67,286.87,285.2,285.65,290.03,290.23,291.72,291.12,290.55,286.8,290.1,290.57,288.95,292.1,288.7,289.07,285.75,284.22,286.8,286.67,285.67,285.0,287.32,289.25,289.02,289.3,287.2,284.67,288.15,289.43,290.52,291.1,291.35,291.92,289.47,286.57,289.3,289.05,287.4,289.7,291.85,291.97,290.4,289.32,291.5,290.25,290.9,291.4,292.62,292.67,292.6,293.55,292.32,286.72,285.15,288.32,290.65,290.67,289.6,290.22,291.92,292.32,286.67,285.05,288.3,290.27,290.15,290.75,291.37,291.35,290.65,291.55,289.12,288.72,289.92,292.17,292.72,293.85,293.65,292.8,289.9,287.65,286.42,286.42,289.78,290.97,288.82,288.1,289.7,290.7,288.6,287.67,287.25,291.2,291.17,291.77,293.27,293.1,293.1,293.78,291.35,292.6,291.9,290.42,289.6,290.98,293.95,290.72,288.97,290.62,292.8,293.67,294.92,294.45,293.02,294.25,293.82,292.37,291.53,291.67,291.67,295.2,292.85,291.02,290.77,292.95,293.8,294.37,293.47,293.1,293.7,294.37,294.42,295.17,295.77,295.0,296.37,295.58,294.6,295.12,296.58,296.58,296.75,296.93,297.35,297.42,295.97,296.65,296.32,296.72,297.08,297.17,297.85,298.08,297.47,295.58,296.77,297.42,297.28,297.95,297.9,297.83,297.12,298.02,299.05,298.72,298.75,298.95,298.27,298.33,298.05,297.92,297.33,297.6,296.77,297.1,297.2,296.35,297.67,298.08,299.0,298.47,298.95,300.33,299.2,298.27,298.52,298.7,299.03,299.05,299.22,299.75,299.75,299.58,299.42,299.6,299.45,299.3,299.5,300.42,300.15,299.72,299.45,299.25,298.67,298.35,298.77,297.9,298.02,298.47,299.45,299.6,298.97,299.47,299.97,299.58,299.5,299.6,299.75,299.7,299.92,299.47,297.8,296.75,298.37,299.12,299.45,298.95,299.45,299.62,299.37,299.47,299.0,299.33,299.1,299.4,299.22,298.95,299.85,299.68,298.65,298.72,298.97,298.93,298.3,298.02,295.9,295.8,296.83,297.5,299.05,298.37,298.47,298.0,297.2,298.22,298.8,298.93,299.08,295.15,292.97,295.25,296.97,297.65,297.4,298.72,298.02,298.15,298.08,298.03,298.52,298.15,298.87,298.58,294.95,295.87,298.37,299.03,297.43,293.05,292.45,293.25,292.4,294.6,293.4,292.92,295.8,292.95,290.82,291.7,291.7,291.17,293.68,294.1,293.3,294.5,294.8,294.62,293.6,294.87,292.12,292.22,292.95,292.62,291.92,293.15,294.3,294.3,291.22,289.9,290.82,291.45,291.87,292.28,293.3,294.02,293.47,291.03,290.85,290.93,290.8,291.12,291.8,293.7,293.57,292.37,289.42,293.25,292.98
295.18,292.55,288.75,288.5,293.77,290.72,292.97,289.47,288.12,291.22,287.7,287.4,288.87,286.67,286.27,290.87,289.2,286.65,286.2,288.37,288.5,287.25,287.55,287.22,288.97,288.9,287.67,284.47,285.4,290.35,290.65,288.65,286.43,285.02,285.75,285.82,288.2,285.95,287.57,287.87,288.72,288.75,287.9,288.17,288.62,288.65,288.4,288.1,288.57,289.72,290.22,290.52,292.2,290.0,285.82,283.93,285.03,287.62,286.52,289.07,290.77,290.78,289.97,290.1,286.28,287.05,289.42,290.42,291.37,289.18,290.17,287.78,286.37,287.77,289.6,292.07,289.9,284.52,286.82,288.42,289.0,291.17,291.93,290.72,290.53,291.5,287.05,285.02,285.55,289.62,287.15,286.0,288.12,290.6,291.45,285.85,284.62,286.47,287.1,287.85,288.6,288.1,289.37,286.97,286.55,287.17,286.72,289.3,292.2,291.87,289.92,288.27,287.17,286.92,288.35,289.8,289.6,290.55,291.2,291.1,286.62,287.65,291.92,291.8,292.2,290.12,286.4,289.0,291.7,292.05,292.47,290.85,290.32,293.05,293.02,291.03,290.37,293.0,292.57,291.82,291.42,292.2,293.53,294.32,294.75,295.6,291.72,291.05,289.2,290.32,294.92,294.9,289.72,290.77,292.62,292.87,294.78,294.4,292.05,294.25,293.82,293.23,294.27,294.35,295.05,295.22,295.4,292.0,292.07,293.87,295.02,292.9,293.62,295.3,295.7,295.3,295.12,293.75,294.62,296.2,296.5,297.27,296.47,295.5,295.28,295.8,296.17,295.92,296.12,296.5,297.1,297.7,297.58,297.65,296.53,297.1,298.42,298.37,297.3,298.9,298.87,299.72,299.02,298.25,298.32,297.8,296.5,297.47,298.68,299.42,299.67,299.6,299.67,298.75,298.22,298.53,298.47,298.92,298.95,299.02,299.83,299.3,299.27,298.37,299.15,298.53,298.22,298.15,298.32,298.6,298.72,299.35,299.2,298.62,300.1,299.22,298.67,298.85,299.27,299.75,300.05,299.83,298.2,297.9,298.52,298.9,299.58,299.35,298.78,298.17,296.92,297.08,298.8,298.58,298.92,299.55,299.25,299.2,299.0,299.35,299.0,298.85,298.75,298.8,299.02,299.37,299.02,298.78,298.37,299.02,298.92,299.72,299.17,299.22,299.5,299.12,298.5,298.4,299.3,299.83,300.08,298.15,297.47,298.1,298.67,299.65,298.05,295.53,295.97,295.92,297.58,298.1,297.97,297.42,296.15,296.65,296.67,296.45,296.45,296.85,296.83,296.83,295.17,295.53,296.7,292.87,292.53,294.1,293.5,293.72,295.52,296.2,297.3,295.83,291.22,291.45,293.35,295.58,296.75,295.1,290.47,289.4,290.35,294.3,295.95,296.58,294.62,293.82,295.8,295.83,292.3,291.53,293.1,294.22,294.42,294.42,291.02,294.32,294.65,291.42,290.2,294.58,294.8,295.97,294.27,293.7,293.47,288.92,291.75,294.32,295.55,289.82,292.57,291.62,290.72,289.05,295.12,293.57,294.87,292.35,290.62,287.82,287.65,289.62,294.58
289.8,288.97,292.55,291.7,292.32,288.35,289.65,287.62,285.07,286.28,288.0,291.28,286.75,289.2,287.9,287.82,287.93,286.7,283.3,283.45,285.88,285.7,286.68,290.1,287.38,289.82,286.85,285.9,285.3,288.27,286.82,288.77,289.65,289.1,284.95,287.68,284.43,284.52,289.7,291.63,286.05,288.43,286.6,284.95,284.0,288.07,290.63,290.8,291.47,287.13,283.57,284.4,286.7,285.45,289.18,288.18,289.55,290.03,289.85,285.53,287.72,291.05,290.6,285.2,285.43,289.85,291.47,291.38,292.02,292.45,292.4,292.95,289.02,288.35,288.8,287.12,285.95,288.2,291.6,292.07,288.37,288.8,290.13,290.55,291.55,292.15,286.55,287.97,288.57,287.12,288.22,290.37,288.35,290.02,292.2,292.85,292.85,291.8,287.68,290.05,287.85,287.5,287.95,291.02,291.9,292.43,290.45,289.55,292.93,290.82,288.25,287.4,286.95,286.9,286.57,287.72,287.82,288.75,287.43,288.68,289.55,290.22,289.8,288.7,289.73,289.43,290.53,293.05,293.07,292.95,293.57,294.28,294.18,291.9,289.9,290.1,292.65,294.52,294.6,293.05,291.72,290.5,289.3,289.85,293.45,294.22,294.1,295.3,295.7,295.57,295.2,295.45,295.8,294.53,294.35,294.52,290.4,291.82,295.07,293.82,292.72,296.9,296.15,294.25,294.57,290.85,288.97,289.62,290.85,293.65,293.05,292.62,292.8,291.7,292.8,294.62,295.03,295.8,294.72,295.1,296.4,295.98,294.13,293.95,293.95,295.02,295.73,295.93,296.35,296.22,297.95,297.32,295.6,295.7,295.95,296.65,297.82,299.47,299.15,298.72,299.17,298.77,298.25,297.9,298.57,297.95,297.52,298.13,298.9,298.4,297.82,298.15,297.88,297.9,296.9,297.32,298.13,299.07,299.32,298.5,298.25,297.32,297.13,296.65,296.93,297.0,297.3,296.88,296.65,296.8,297.25,296.93,296.93,298.03,298.47,299.13,298.47,298.55,297.47,296.45,296.05,296.62,297.82,297.97,297.7,297.95,298.57,297.9,297.3,298.07,298.57,298.97,298.05,297.48,298.4,298.53,297.93,297.85,296.95,297.25,297.85,297.8,298.43,298.07,298.0,297.73,298.4,298.6,298.53,298.12,298.05,297.72,297.3,298.38,298.95,298.68,298.7,299.35,299.05,295.65,295.4,297.57,298.7,294.3,297.37,299.17,297.3,295.33,295.08,295.67,295.8,294.75,295.75,296.22,294.47,292.55,292.9,294.82,295.4,294.58,295.33,293.67,294.07,296.15,294.85,294.23,295.45,295.55,294.02,291.27,291.47,293.03,295.03,295.37,294.37,291.62,290.92,292.9,295.47,295.95,294.97,293.97,293.37,293.62,294.15,291.52,291.53,293.15,294.95,292.87,293.12,291.95,289.77,289.9,289.85,293.05,291.32,293.32,293.7,290.4,289.6,290.57,290.75,293.7,292.17,292.52,291.02,289.05,288.2,289.8,291.87,293.72,293.12,292.62,290.47,288.22,291.55,292.72,289.77,289.95,288.52,286.07,286.8,286.62,289.0
293.07,292.0,292.05,292.52,286.85,286.92,290.28,288.17,288.97,290.17,287.55,285.65,286.62,286.77,290.42,286.67,286.85,290.87,289.2,284.8,287.22,285.7,288.35,286.87,287.3,289.02,290.35,286.57,287.12,286.35,286.42,284.5,284.8,286.82,289.07,290.05,286.32,290.1,288.5,291.97,286.8,289.1,287.35,286.87,288.78,286.12,288.8,287.67,287.12,289.52,291.42,289.07,286.85,289.42,289.45,289.0,286.27,284.68,288.8,288.42,288.15,291.4,288.2,290.22,286.42,285.97,285.25,288.42,288.4,288.0,287.28,286.15,288.07,289.68,290.47,288.85,285.95,286.32,286.87,288.25,289.6,290.35,290.55,289.07,291.2,289.03,285.37,287.6,290.82,290.7,292.18,285.65,286.8,292.57,288.15,285.97,286.65,289.4,289.03,287.32,287.85,288.9,290.92,288.05,286.2,286.07,287.75,289.05,289.57,290.37,290.87,291.45,291.72,288.45,287.5,287.47,289.65,290.57,289.7,288.7,288.35,290.65,292.43,291.7,291.65,290.05,290.02,292.6,293.45,291.77,290.6,289.45,291.0,291.55,290.8,290.02,291.45,293.82,291.92,290.9,291.52,293.42,292.07,291.97,291.53,289.97,289.62,291.12,291.1,293.22,295.15,294.22,293.02,294.25,294.15,291.4,290.68,291.0,292.4,292.85,292.85,292.68,292.8,293.12,293.17,294.2,293.82,294.32,295.15,295.6,296.15,296.3,296.78,296.95,297.1,297.87,298.33,298.12,298.05,297.3,297.58,298.58,297.5,297.5,297.2,296.55,295.33,295.97,297.12,298.2,298.25,298.75,298.32,298.02,298.17,298.1,298.4,298.5,297.85,297.17,297.58,297.97,298.47,299.53,299.45,299.6,299.37,299.87,299.6,299.35,299.45,299.27,299.15,299.52,299.03,299.72,300.0,299.77,299.8,299.75,299.58,299.22,299.52,299.97,299.95,300.25,300.05,299.75,299.47,300.1,300.95,300.8,300.32,299.55,299.92,299.77,299.92,299.83,300.0,299.85,299.15,299.37,299.25,299.08,299.35,297.83,298.25,298.92,298.92,298.55,298.3,298.42,299.07,299.02,297.75,297.52,297.97,297.25,296.3,297.05,298.3,300.58,299.3,298.62,298.15,297.9,297.0,297.12,298.3,299.35,297.9,297.37,297.27,297.27,297.5,297.75,296.5,296.55,296.55,295.15,294.72,295.45,294.75,293.52,295.65,296.85,296.8,295.1,295.92,296.2,296.4,296.15,294.92,295.65,297.27,295.9,293.1,292.4,293.45,297.75,295.75,292.22,292.65,296.32,294.7,291.65,291.35,294.42,296.25,290.77,291.07,293.7,293.97,293.87,295.47,295.85,296.32,296.12,292.72,292.27,293.12,294.47,294.32,294.97,295.35,294.17,293.75,291.72,290.0,290.07,290.35,292.7,293.35,295.7,291.77,291.95,292.2,290.9,291.52,294.87,292.65,291.2,291.52,290.15,289.97,292.75,292.17,291.95,291.3,290.25,289.72,289.2,288.47,291.05,293.47,290.8,288.37,288.0,289.12,287.05,287.7,292.9,292.15,289.47,288.7
