287.9,287.36,286.75,289.78,289.91,292.88,291.81,290.08,290.43,294.38,296.48,298.53,296.75,290.78,288.8,290.43,296.23,289.08,290.25,295.68,291.96,292.18,293.66,296.73,298.0,299.63,300.73,297.8,300.41,293.96,292.91,295.75,292.96,295.23,297.11,295.25,293.25,296.98,295.48,294.96,295.86,299.18,299.63,301.46,301.46,298.58,293.58,289.0,286.65,285.93,288.28,293.73,289.43,291.0,292.36,289.28,287.38,288.3,292.61,291.08,292.5,299.43,295.88,291.98,289.43,288.78,290.73,292.61,293.83,295.5,295.33,298.56,300.5,301.48,299.68,301.68,303.1,302.31,303.13,302.48,303.16,303.13,298.53,298.53,299.46,300.66,303.63,305.33,305.18,304.36,304.65,301.48,294.48,292.13,293.05,294.03,300.71,297.58,302.46,304.53,306.16,306.0,304.58,305.55,304.75,303.61,304.08,307.9,304.73,302.5,299.5,296.38,295.98,294.68,297.38,303.43,304.08,305.71,307.23,306.43,304.41,303.11,302.53,303.78,302.96,307.43,306.61,305.91,304.96,307.33,307.28,304.1,300.73,302.16,303.5,306.81,305.86,307.33,306.8,306.15,306.98,307.43,305.03,306.33,305.15,307.13,306.58,308.8,308.13,307.73,307.66,307.46,308.11,305.83,304.93,304.03,305.53,305.73,307.5,309.86,306.05,306.48,306.03,306.0,304.0,304.88,306.46,307.06,309.73,306.96,309.46,308.21,310.98,310.5,307.68,307.6,310.35,310.41,310.33,309.83,306.0,305.88,305.21,307.33,306.78,306.75,307.31,307.73,307.46,307.16,307.8,307.41,307.33,306.48,305.21,304.83,306.4,305.5,307.21,307.08,306.93,308.25,305.93,306.71,306.25,306.83,306.68,305.9,306.08,306.1,307.15,305.63,306.38,306.66,305.25,305.58,307.4,307.73,305.36,305.25,309.25,306.68,306.73,307.23,305.73,306.36,306.16,307.0,308.5,307.63,307.78,309.53,308.38,306.83,304.46,305.53,306.91,305.56,305.5,305.21,305.33,306.3,304.53,303.75,303.98,304.18,304.36,305.48,306.13,308.11,306.58,304.5,307.25,304.55,306.21,305.25,307.21,306.35,305.8,304.46,304.75,304.96,301.68,300.61,304.86,304.93,304.53,305.21,302.66,303.23,301.91,305.25,306.33,303.86,302.36,302.71,301.46,303.61,303.43,304.66,303.75,304.43,305.18,305.93,304.75,304.96,304.4,303.91,304.8,301.13,297.71,297.5,299.21,301.06,298.18,299.23,300.93,301.68,301.08,299.68,302.91,301.8,301.68,302.33,298.46,296.75,296.66,300.15,301.13,295.46,294.36,292.93,292.93,295.13,298.63,296.23,295.66,294.5,295.66,297.9,298.71,293.86,291.21,294.98,295.75,297.9,292.88,292.4,290.08,292.28,291.0,289.75,289.5,288.91,289.43,292.13,287.75,286.3,287.88,286.08,286.88,288.66,286.8,285.83,287.53,288.36,285.73,284.96,288.48,286.98,286.0,287.03,288.68,293.56,293.96,298.68,296.18,289.38,287.73,289.0,293.25,286.56,286.08,286.0,291.81
291.83,291.23,294.05,292.68,289.28,295.66,295.58,294.8,294.83,294.53,295.58,292.48,292.33,294.71,297.11,299.18,297.68,294.5,293.75,295.0,292.46,288.38,285.58,287.41,286.48,288.48,290.86,292.55,291.33,293.3,294.71,292.96,291.93,290.86,290.5,289.75,289.98,294.56,295.61,291.36,291.4,292.33,297.0,290.11,287.83,294.15,294.15,292.55,295.13,295.0,293.65,297.75,298.15,295.73,296.13,299.98,295.88,290.36,290.5,290.25,294.93,298.91,300.41,300.36,297.5,292.33,290.61,295.65,297.35,295.63,300.86,294.93,292.58,294.38,295.88,299.23,300.38,305.06,302.53,303.25,298.71,298.13,299.03,299.11,295.3,294.11,294.66,298.48,299.78,302.66,296.93,294.75,296.86,300.18,303.25,303.91,302.98,301.46,299.43,303.78,299.78,298.13,298.61,300.05,303.8,304.0,303.38,303.98,306.56,306.65,305.58,307.5,307.88,306.63,306.78,307.58,308.98,308.81,308.25,307.28,306.41,303.13,308.4,306.5,306.63,304.75,308.46,306.8,305.78,309.98,308.36,308.33,306.05,307.73,309.28,308.21,307.25,307.38,306.58,305.46,304.86,306.38,306.33,305.23,309.48,306.68,306.0,306.98,305.28,306.68,306.68,307.16,308.28,308.63,308.03,307.91,307.5,306.58,308.58,310.5,309.21,310.0,307.96,307.28,306.58,305.48,308.55,306.83,305.33,308.13,310.25,309.21,307.21,306.93,306.48,307.0,309.73,308.73,310.18,306.33,307.38,307.5,308.03,306.93,307.43,308.55,309.63,307.56,308.28,307.31,306.66,308.58,307.03,305.93,307.46,307.36,307.15,307.18,305.91,307.08,307.6,306.3,305.9,308.33,307.91,306.38,306.63,308.08,307.78,307.9,308.41,306.8,306.8,305.81,306.93,305.25,306.58,305.98,306.0,307.16,306.68,306.21,308.25,305.53,304.68,307.93,308.61,307.43,307.08,307.05,306.96,306.03,306.33,308.25,308.05,309.78,308.65,307.8,305.43,305.08,306.68,306.85,307.06,307.25,305.98,306.11,305.63,304.21,303.3,301.21,301.8,301.91,302.48,302.63,302.86,302.68,301.38,302.0,301.38,301.43,302.83,303.88,305.18,305.53,303.48,302.5,301.55,300.83,299.75,303.16,302.28,302.73,299.78,300.96,302.13,299.8,301.63,302.3,301.5,302.16,302.55,303.18,304.25,304.38,304.3,303.71,303.98,303.23,304.68,304.48,305.08,304.56,305.18,300.75,298.8,301.05,301.88,303.71,301.93,300.33,298.28,294.25,292.71,292.53,292.78,297.46,300.21,300.21,301.66,302.38,299.86,297.9,299.86,298.55,300.16,296.63,297.55,298.18,298.65,299.58,299.96,298.0,299.28,299.25,293.78,290.98,292.03,291.88,289.36,290.88,292.48,293.5,296.96,297.38,296.5,297.05,296.3,290.53,292.53,292.36,293.65,294.43,293.75,291.46,288.86,287.25,286.58,285.23,286.21,288.08,291.05,293.28,285.73,287.21,289.13,289.96,288.93,284.11,279.41,281.33,285.96,289.58,291.28,294.5,293.88
290.03,282.98,282.71,282.8,283.65,288.41,288.0,291.23,288.18,280.0,281.38,288.13,291.46,296.71,293.23,283.53,284.25,286.41,288.3,289.23,288.21,287.61,286.73,284.25,283.55,282.73,282.98,284.78,284.38,284.38,285.66,287.96,289.66,289.05,295.53,297.81,296.71,291.16,287.05,284.38,285.38,289.36,292.66,293.36,296.05,297.75,298.71,302.55,296.73,292.25,292.21,297.63,290.36,286.71,286.86,288.68,298.33,290.88,293.13,293.78,300.08,300.21,300.8,302.08,300.03,301.25,299.56,293.53,290.33,290.18,291.48,292.05,296.73,299.36,300.03,301.63,300.83,294.75,295.08,301.15,299.15,296.43,295.75,293.73,294.48,296.11,298.63,300.53,303.61,302.23,297.13,297.13,298.43,300.63,302.75,302.33,303.25,303.58,299.33,297.66,297.43,298.96,300.78,302.81,304.71,303.85,306.66,305.53,306.13,307.21,306.63,305.58,305.61,304.75,308.08,308.38,308.41,308.46,307.4,308.55,307.93,308.86,306.75,306.53,304.48,305.16,305.83,304.13,304.98,305.58,306.5,303.75,304.86,305.23,307.11,306.86,306.55,305.8,304.73,303.55,303.68,301.96,301.63,304.73,303.93,306.58,306.73,308.9,309.46,305.61,306.48,306.75,304.05,303.88,306.75,306.35,308.46,305.96,305.53,305.03,307.63,308.88,308.13,308.58,311.13,308.58,307.58,306.11,306.63,306.33,306.21,308.46,306.5,308.28,309.21,307.63,306.96,306.9,305.88,306.18,307.0,307.73,307.43,307.53,306.68,305.46,304.55,306.98,308.71,305.05,304.16,306.03,305.21,305.46,305.96,305.78,306.43,305.96,308.58,308.86,307.61,304.58,303.96,307.6,307.65,306.0,304.88,305.78,304.63,305.28,307.61,307.41,305.73,306.18,305.73,304.78,306.58,307.78,305.56,305.03,304.18,303.05,301.98,302.68,307.41,305.93,304.68,305.28,306.23,306.78,306.96,307.43,306.23,305.63,304.38,304.0,304.7,304.83,304.28,306.36,305.98,304.55,305.55,304.55,305.98,304.25,302.55,303.16,305.13,302.96,302.08,301.48,301.98,302.23,300.96,300.88,300.36,300.11,301.33,301.0,300.21,301.43,302.18,302.33,301.66,300.71,300.48,302.21,302.15,301.96,302.18,301.08,300.18,301.61,304.05,303.46,303.86,300.25,299.58,300.61,299.16,297.33,297.38,295.66,296.53,298.5,299.25,299.5,297.58,295.83,296.73,296.53,297.4,298.66,299.3,301.25,301.58,299.8,302.58,302.1,302.68,298.46,296.88,297.33,299.06,295.66,292.9,290.73,291.11,294.0,296.78,296.68,298.05,292.55,294.13,291.46,291.33,292.56,292.25,289.88,289.18,288.61,288.5,289.1,288.21,286.75,284.98,285.13,284.91,286.88,286.21,286.46,286.78,291.73,289.16,288.16,292.68,293.28,289.48,288.11,295.25,299.03,293.25,289.46,289.23,290.9,290.73,293.25,293.68,292.53,294.08,294.48,294.28,294.6,294.66,293.28,292.38,292.86,294.25,294.98,297.03,296.23,295.4,296.93,297.58
296.38,292.68,293.86,287.98,287.73,287.25,287.03,289.23,286.68,288.91,292.28,292.21,291.98,295.21,295.5,295.13,293.66,293.63,297.36,297.48,290.25,287.78,286.35,288.21,286.13,289.48,285.36,289.63,292.55,290.83,284.98,285.63,289.88,291.58,292.3,288.98,285.53,283.13,282.66,287.0,288.58,291.21,294.68,289.83,294.25,293.25,295.33,294.55,295.48,296.9,296.48,296.21,290.98,296.03,298.28,297.1,294.21,290.55,289.88,290.53,287.85,288.71,291.15,292.55,294.41,295.05,289.48,291.28,294.23,295.8,296.25,299.41,301.63,302.25,300.78,298.33,299.93,302.88,300.75,296.03,297.63,295.4,296.03,299.88,298.11,297.98,298.58,298.93,300.21,300.36,300.53,302.46,302.48,297.68,299.65,305.5,301.9,298.38,297.68,297.88,299.88,303.48,299.18,301.91,307.48,304.68,301.55,301.93,300.15,300.48,301.5,301.63,303.38,302.3,301.8,301.08,306.8,304.48,300.8,299.43,299.88,300.98,300.96,303.28,301.78,302.38,302.88,305.13,307.46,308.25,306.66,304.46,302.3,305.55,307.83,304.71,305.31,306.91,305.38,306.53,308.2,306.18,306.88,305.78,305.88,304.96,304.81,308.0,308.73,308.33,308.75,304.98,305.5,307.18,308.08,306.91,307.61,307.48,307.61,307.05,306.31,306.83,307.71,308.25,309.06,306.05,305.83,305.71,304.61,303.48,304.41,303.61,305.8,304.58,304.46,305.53,308.21,304.63,305.8,306.41,307.5,306.33,306.93,307.78,308.18,306.98,303.75,302.93,303.93,306.13,308.11,307.88,307.98,308.38,307.21,305.55,304.86,305.5,305.71,305.96,304.75,303.3,302.86,301.73,303.11,305.25,305.41,304.03,304.78,305.78,304.28,301.61,303.3,305.03,305.48,306.21,304.96,305.28,306.78,306.8,307.98,308.61,305.86,307.46,307.08,306.25,307.13,306.68,305.75,305.06,305.05,303.91,305.11,305.46,304.63,304.48,304.98,304.48,306.08,306.78,304.66,303.53,307.41,304.71,307.03,305.0,303.9,303.11,302.21,304.25,303.68,303.9,305.13,304.33,302.75,302.31,303.41,306.71,307.11,305.5,304.63,305.13,303.88,303.58,301.25,301.78,305.96,306.55,303.61,301.78,300.43,302.48,303.0,303.2,300.38,301.63,302.83,304.66,305.13,306.4,305.05,305.96,303.86,302.96,304.88,305.11,304.55,303.13,303.23,304.43,302.88,304.0,304.78,303.48,302.8,300.83,302.38,302.78,301.93,300.23,298.23,298.73,299.9,298.61,296.81,297.96,294.35,293.23,295.63,297.38,298.21,299.96,297.28,295.25,293.36,294.31,294.15,295.03,297.75,298.93,296.63,289.36,286.05,286.41,287.73,287.81,286.88,286.13,286.86,287.61,292.16,293.0,292.81,295.23,295.71,297.3,295.93,294.23,287.48,287.78,294.58,294.9,293.0,295.25,293.5,288.18,287.28,291.36,293.28,294.11,293.88,293.36,294.23,290.43,287.9,295.71,298.61,294.73,297.38,288.96,283.86,281.55,282.78,284.58,285.91
284.38,283.88,282.96,281.83,282.13,281.88,282.31,283.71,284.05,286.53,283.96,283.3,283.65,283.43,284.68,290.36,287.25,285.63,286.25,289.56,291.71,285.78,282.5,282.43,284.03,283.68,283.28,281.91,281.91,284.83,283.93,288.41,290.48,290.98,287.78,287.16,288.88,294.18,296.48,298.63,299.13,301.13,300.23,301.25,301.46,298.03,299.66,301.98,295.81,295.33,294.53,291.93,292.4,296.38,293.21,290.55,288.28,287.61,287.8,292.8,297.9,297.73,294.43,290.36,290.0,291.81,289.23,288.4,287.78,288.43,294.53,295.65,290.0,290.71,294.8,297.71,299.91,294.38,291.98,290.75,293.0,294.23,299.43,300.98,302.75,299.68,302.6,301.18,299.81,295.16,292.53,299.36,300.48,302.58,305.56,299.38,300.46,299.83,297.56,297.18,295.35,294.56,299.08,299.43,300.41,302.55,298.16,300.03,302.91,304.18,300.91,301.91,302.58,305.75,306.38,307.41,309.5,307.25,305.83,306.63,305.08,306.23,304.86,305.33,307.21,308.15,307.93,308.75,308.93,307.43,307.88,305.46,307.13,305.61,306.0,307.75,306.61,306.33,307.96,309.83,309.03,309.25,307.93,306.05,306.93,309.38,308.5,310.58,310.86,308.11,306.43,306.03,306.13,305.66,303.68,301.66,300.68,300.38,302.18,303.0,304.13,303.05,303.61,302.25,304.16,306.21,307.18,308.46,307.06,309.38,310.08,308.75,307.71,307.3,307.48,309.08,309.16,307.78,309.78,307.08,306.86,306.88,304.71,304.46,306.73,305.48,304.91,305.03,305.71,304.15,304.43,308.8,307.66,307.61,304.78,308.38,308.21,306.96,308.88,307.46,305.98,304.73,304.68,304.48,305.11,305.98,307.21,305.38,306.15,306.8,305.61,305.05,307.21,308.11,308.46,306.36,306.98,307.15,305.58,305.63,307.13,306.68,307.08,309.33,307.55,307.58,306.53,304.78,304.63,305.08,304.66,304.5,304.71,304.16,304.68,303.56,302.93,305.43,305.41,305.1,304.53,303.88,303.65,302.78,304.15,307.43,304.93,304.46,303.81,305.33,305.03,304.98,304.48,303.66,303.88,302.11,302.33,302.0,302.41,302.25,302.93,302.83,303.61,302.83,304.16,304.03,301.36,298.78,297.88,302.66,303.16,302.03,304.88,304.55,305.08,302.28,299.55,300.08,299.53,299.55,302.28,298.96,296.85,296.11,297.36,296.13,295.86,294.75,294.5,294.13,293.46,293.78,294.96,294.63,293.3,293.36,293.08,293.75,297.13,296.46,297.36,295.58,294.56,293.53,294.98,297.58,296.48,296.05,300.4,299.38,298.53,302.46,301.23,302.21,298.06,296.5,296.36,297.58,298.98,299.86,300.06,300.43,296.71,295.5,293.61,296.78,297.43,299.16,295.23,292.11,289.78,288.11,292.53,294.93,294.46,293.9,296.25,297.73,293.86,293.11,293.28,293.83,291.43,290.5,295.0,298.93,293.53,293.4,286.48,287.46,294.5,297.68,298.23,297.88,293.86,296.5,286.96,285.03,286.66,286.56,286.66,291.83,293.16,292.43,286.08
284.13,285.05,285.3,285.78,291.91,290.53,288.08,286.65,288.1,290.16,296.28,296.91,290.65,284.21,281.36,282.43,284.11,285.78,291.55,289.48,287.85,288.18,293.86,287.2,288.61,287.63,288.0,289.41,291.46,293.15,293.18,296.88,290.31,293.38,289.73,284.8,284.5,285.08,284.88,290.93,293.48,293.0,292.68,290.58,292.5,292.88,289.63,289.43,289.96,288.9,288.55,289.88,292.43,294.03,297.9,297.65,296.41,297.33,299.25,299.73,300.0,299.81,300.78,301.18,302.65,302.13,297.5,291.43,293.03,294.71,296.71,298.65,301.75,300.96,294.63,296.08,297.0,296.88,302.21,302.78,302.3,300.06,294.46,291.93,291.25,291.11,293.03,294.96,296.53,294.73,297.48,298.68,300.58,303.11,300.98,301.43,298.4,299.96,300.48,299.73,301.21,303.18,303.71,305.18,305.56,304.16,303.36,302.71,303.25,302.13,300.0,301.78,303.11,303.0,301.88,303.98,301.31,301.13,304.86,304.65,305.08,303.43,305.75,306.35,305.36,306.71,308.21,304.28,304.08,306.58,302.83,303.75,303.36,304.98,306.48,304.03,305.21,304.83,309.36,308.66,308.73,307.78,309.13,308.23,306.91,306.75,305.46,308.9,308.21,306.8,308.33,308.16,308.33,307.0,306.36,305.68,305.3,309.71,305.36,307.25,307.78,305.13,304.48,303.83,304.36,303.4,302.78,304.0,302.86,301.55,302.21,302.21,301.55,301.46,301.38,303.38,306.28,305.18,307.9,304.31,302.38,303.78,307.23,305.61,304.18,303.03,303.46,304.0,304.16,303.83,306.25,302.75,300.03,299.88,303.61,303.11,302.83,302.75,303.23,303.0,305.21,304.88,302.78,301.93,301.75,302.18,300.78,300.43,303.78,304.36,307.18,304.5,304.68,303.61,303.81,302.96,301.93,302.41,302.93,301.28,301.36,302.63,301.23,303.21,302.21,303.46,305.85,304.78,305.36,305.86,303.96,302.73,303.48,306.18,303.13,302.05,300.85,301.0,305.28,307.46,304.98,303.41,303.61,304.21,306.48,304.08,303.95,304.03,302.93,301.96,300.93,299.88,301.23,301.98,301.91,301.71,301.33,302.68,303.58,303.48,305.06,304.78,303.5,304.83,304.18,301.68,302.91,304.91,303.93,303.88,302.18,305.05,300.71,302.73,301.61,300.73,301.88,303.08,302.28,301.06,301.21,302.86,304.05,302.88,301.36,302.83,302.63,304.33,303.75,302.58,301.58,300.63,301.41,299.5,299.03,297.73,299.58,299.5,298.65,297.33,295.63,294.63,294.78,295.05,297.38,297.38,294.46,292.31,292.86,296.78,295.93,292.08,297.96,299.23,299.66,300.25,299.36,299.73,301.68,299.6,299.63,297.83,298.38,298.98,298.71,293.96,291.03,289.53,288.61,290.53,292.46,295.03,296.38,294.83,295.1,295.58,293.78,292.61,291.86,288.36,286.86,288.25,287.3,285.91,284.63,284.56,284.68,285.86,286.63,286.28,287.71,287.18,289.21,289.58,288.66,282.75,282.41,284.8,287.11,290.28,292.05,295.58,286.96,284.25,283.48
280.48,282.68,286.73,294.5,296.41,294.18,294.63,297.43,296.63,297.91,294.86,296.38,292.96,287.75,296.86,293.11,283.48,282.63,286.46,285.3,286.73,291.53,294.86,295.41,294.75,295.0,293.48,293.91,291.21,289.23,286.16,285.43,286.0,285.65,288.43,288.73,285.81,290.55,290.83,292.91,295.8,297.11,298.86,296.21,291.46,292.15,291.21,291.23,294.71,296.68,297.1,297.96,297.43,297.23,296.43,291.08,289.18,289.05,291.23,295.38,290.28,291.73,293.0,294.78,296.2,297.73,297.68,298.4,300.75,300.68,300.63,300.31,297.8,298.96,301.61,298.86,298.96,299.08,301.08,298.78,295.33,298.75,297.61,301.38,299.71,299.5,300.86,298.88,299.93,295.78,293.55,293.23,292.61,292.75,296.06,296.18,295.43,296.63,296.83,298.23,298.96,300.23,302.53,304.03,299.86,295.3,293.98,297.48,295.43,298.13,300.0,302.71,301.28,301.53,301.23,303.28,303.48,304.58,305.28,302.61,303.96,303.03,307.61,306.18,305.36,305.21,304.83,301.41,300.08,300.78,302.58,302.53,307.03,305.46,306.36,303.98,305.56,304.98,305.8,308.36,307.83,306.86,307.38,309.13,308.08,308.33,306.33,306.8,306.58,303.36,304.46,308.96,307.36,308.3,308.35,307.28,306.08,306.61,308.86,305.71,304.98,305.71,307.06,309.08,306.78,305.8,306.13,308.13,306.5,308.66,308.36,308.73,307.43,308.08,306.48,307.23,305.63,305.93,306.08,304.11,304.21,305.23,304.43,305.18,304.53,304.5,304.86,305.41,305.25,305.5,303.21,303.13,306.0,305.41,303.53,305.08,305.73,305.68,304.93,306.23,306.53,304.75,303.98,304.5,304.93,304.88,304.83,304.71,306.93,305.68,306.63,305.43,308.05,307.83,307.38,307.63,306.25,306.75,308.5,305.71,307.21,306.9,305.31,304.0,302.75,304.03,304.96,304.93,306.93,307.16,305.03,303.73,303.15,303.75,306.18,305.06,306.61,306.55,307.65,303.55,303.71,305.55,304.9,304.08,303.43,302.25,301.46,302.28,302.93,302.98,302.55,301.41,301.53,302.78,301.88,303.93,301.96,303.33,304.73,305.33,305.55,303.83,301.05,300.61,300.91,300.55,300.73,301.21,303.68,301.8,301.86,300.13,298.98,298.73,299.13,300.36,298.78,297.66,298.13,296.43,296.78,299.96,300.68,301.25,299.5,297.65,297.55,297.75,299.78,298.83,300.61,296.5,297.41,296.93,295.43,294.98,295.68,294.33,295.08,294.5,295.38,300.56,299.33,295.88,294.88,294.83,294.18,294.03,297.88,294.98,299.38,299.38,298.93,296.31,294.96,295.48,297.21,296.78,293.71,291.93,294.8,295.68,296.41,298.05,297.36,297.63,296.0,298.38,298.0,299.68,301.21,300.05,297.53,293.38,291.53,289.43,288.28,286.78,286.75,285.78,288.78,289.55,291.8,293.8,294.8,288.33,291.83,294.41,290.65,287.11,286.5,286.75,286.58,289.4,289.88,287.05,289.46,286.86,285.43,284.08,285.66,289.16,291.0,290.25,293.5
294.96,291.53,289.41,295.34,295.04,287.93,286.09,286.74,291.66,285.91,284.11,284.51,284.59,284.09,285.36,285.24,289.51,291.78,286.76,289.53,292.41,291.53,288.46,287.26,286.16,287.21,288.71,291.86,289.63,297.09,300.18,300.46,299.56,300.36,296.61,292.31,293.53,293.89,286.99,288.79,293.88,295.81,294.86,289.26,288.59,292.77,296.67,297.71,296.79,297.59,297.96,298.31,295.71,294.86,292.22,296.09,297.09,295.71,296.39,295.54,295.86,298.56,300.31,300.24,299.83,294.34,294.86,299.24,297.86,297.36,297.69,294.48,293.91,294.99,296.56,297.76,298.31,301.28,301.36,295.01,294.26,294.86,294.74,293.34,298.24,301.74,304.29,300.04,299.38,301.41,301.54,301.81,302.81,302.61,302.93,305.29,303.89,303.71,302.26,305.28,303.22,306.41,304.74,304.01,306.59,306.09,307.64,307.77,307.73,305.99,304.36,304.49,305.99,306.98,305.09,305.48,305.66,304.91,301.51,298.99,301.38,298.98,299.88,303.19,303.99,303.52,303.51,302.93,302.46,301.86,302.86,303.96,306.11,305.02,304.61,305.44,303.76,302.64,303.61,305.56,301.21,303.46,302.39,301.81,301.06,302.31,306.89,305.16,304.09,304.59,306.39,307.39,307.54,306.74,304.54,306.17,308.14,307.86,307.91,309.41,309.04,307.13,306.83,308.99,307.56,307.81,307.44,308.66,308.69,309.26,309.04,309.26,307.29,308.24,310.16,307.74,307.31,307.01,306.26,303.91,303.18,303.21,302.74,303.54,305.64,304.84,307.18,308.04,306.01,307.91,308.11,306.66,305.49,307.39,306.21,306.51,305.79,306.41,306.49,307.84,307.81,306.51,309.16,307.24,306.81,305.78,303.61,303.11,305.18,307.21,305.71,306.28,305.93,306.69,305.77,305.39,306.88,306.73,306.33,305.21,309.18,308.76,306.84,306.21,305.66,304.86,303.59,303.69,304.64,305.04,304.56,307.34,308.56,305.06,303.96,303.71,303.73,306.14,305.48,304.52,305.46,305.74,305.11,303.66,303.43,303.64,304.41,304.49,305.41,305.68,305.03,305.66,306.66,303.93,307.66,306.94,305.79,305.09,304.29,304.68,303.93,303.04,302.56,302.84,300.24,304.31,302.81,299.91,301.46,305.24,305.09,305.54,303.36,300.36,299.89,300.51,299.86,299.39,298.51,297.53,296.39,296.96,299.24,300.21,299.68,297.03,296.51,296.78,297.97,298.11,300.81,300.91,301.84,302.34,298.93,299.34,298.06,297.29,295.91,299.41,301.01,299.31,297.54,300.26,302.64,299.03,302.61,301.71,300.99,300.39,296.86,290.11,288.59,290.26,290.29,291.14,290.26,289.69,292.29,291.91,295.21,296.04,295.29,295.69,297.41,297.72,295.89,297.68,294.71,293.58,287.71,286.66,286.99,287.48,286.77,286.14,285.84,286.64,286.79,288.39,285.26,283.93,286.21,288.18,291.96,291.29,284.39,285.26,288.23,290.86,285.79,281.44,282.68,283.31,285.46,290.46,292.64,293.48,287.61,284.09,283.96,282.76,283.28,284.86,284.64
286.89,288.59,293.86,290.54,286.01,283.61,284.48,288.14,289.76,288.34,293.88,293.41,291.39,297.06,295.48,297.24,295.61,291.86,291.46,293.68,293.56,294.84,292.91,294.51,289.99,287.71,286.28,289.06,293.99,296.09,296.84,291.89,288.31,287.74,292.29,294.71,293.28,292.14,288.79,289.47,292.36,296.41,297.41,293.43,288.89,289.63,292.09,292.96,295.11,298.16,296.99,299.33,298.41,296.31,293.71,292.31,293.99,294.73,289.79,290.84,289.31,288.66,294.27,298.01,294.24,296.23,295.06,296.09,297.74,298.58,300.04,297.96,300.38,301.14,303.0,304.96,304.71,301.54,300.76,306.16,304.49,300.28,299.39,295.41,294.49,296.79,300.24,302.21,302.54,296.49,292.04,296.68,300.31,302.29,303.79,302.09,301.91,302.02,304.18,303.39,304.14,302.01,302.43,300.39,300.99,298.91,295.84,294.34,293.63,292.56,292.21,293.41,294.34,296.21,298.06,297.77,299.99,304.39,303.98,302.11,301.86,304.96,303.29,304.96,303.64,304.69,303.29,304.34,303.16,300.74,301.16,302.56,303.01,304.21,307.28,305.54,307.99,308.04,306.41,305.29,306.51,306.09,307.96,307.99,308.26,309.09,307.86,311.34,308.54,305.16,304.01,302.64,302.59,303.71,304.76,301.03,300.94,304.21,305.36,305.21,305.72,307.36,305.76,304.93,304.11,303.06,303.16,304.46,306.84,307.36,307.14,309.36,307.48,308.28,304.93,305.41,305.16,304.31,304.76,304.29,306.97,305.1,307.66,306.86,308.86,307.8,307.43,305.98,305.8,307.28,305.55,306.33,306.86,307.38,308.38,309.48,308.83,307.38,309.68,310.53,308.38,307.75,310.18,306.55,305.86,307.33,308.41,307.55,306.5,307.03,306.48,309.21,306.48,305.75,305.23,308.5,306.38,305.28,308.55,306.21,306.68,306.11,306.98,306.68,308.75,307.03,307.66,309.16,304.98,304.75,309.13,306.28,308.33,306.78,305.53,306.11,305.98,305.83,304.75,304.33,303.83,302.48,304.03,305.28,304.38,304.63,304.53,302.98,303.46,303.13,303.18,303.73,304.05,304.63,302.9,300.8,301.0,299.75,299.83,300.13,298.88,300.11,301.96,303.16,302.98,303.13,304.56,303.5,302.21,302.71,301.63,300.16,300.13,300.15,299.41,301.03,302.55,301.21,299.71,298.83,297.71,297.18,300.88,304.31,301.4,301.08,300.63,299.21,298.3,299.15,299.08,299.55,298.03,296.61,294.61,293.53,293.88,294.15,297.73,295.73,294.88,295.33,295.98,295.48,297.71,293.13,293.48,297.71,299.05,299.0,295.96,294.95,296.61,297.28,298.63,297.53,291.3,291.21,296.03,296.65,294.18,288.46,289.4,289.55,287.73,292.78,294.25,293.56,294.96,298.86,300.0,299.06,298.91,296.41,296.3,297.91,295.15,291.63,290.48,292.71,292.65,293.16,292.9,295.4,294.68,291.61,294.63,295.33,295.88,295.23,288.18,287.61,288.0,288.63,288.75,288.05,287.36,290.5,290.61,288.43,289.38,289.96,291.78,292.58,295.46
296.08,295.68,286.21,285.08,285.1,285.0,285.23,290.78,287.18,281.46,280.13,282.18,288.83,291.78,290.58,288.61,288.18,289.5,292.13,294.48,296.65,291.86,288.13,286.11,287.93,289.88,292.75,292.16,295.23,294.53,297.5,291.86,291.0,291.15,294.03,297.13,291.48,292.53,294.13,294.08,287.08,287.23,287.46,288.15,287.63,289.78,289.18,290.25,292.38,295.13,294.63,291.23,292.33,289.91,292.28,295.03,298.16,299.21,300.88,301.46,302.63,304.23,303.21,298.36,300.63,292.88,289.91,291.03,290.78,291.05,291.63,291.23,291.55,291.63,297.66,299.28,294.5,295.48,295.58,294.28,293.58,297.4,298.23,295.83,295.23,294.18,294.36,294.88,294.38,296.43,299.48,297.83,300.0,301.21,302.68,304.43,304.33,305.08,303.11,306.03,306.3,305.71,306.11,306.03,303.11,301.6,303.41,305.5,303.83,305.05,304.66,305.16,306.11,307.06,303.3,303.75,302.53,301.48,300.48,299.63,300.46,298.96,300.16,301.38,301.48,299.33,298.98,299.23,299.38,299.5,304.63,306.0,307.96,301.68,302.58,304.61,300.21,302.23,304.46,307.66,304.23,305.11,306.86,307.36,307.53,308.78,309.78,307.65,310.33,306.93,306.71,307.88,309.43,307.98,305.25,305.9,308.65,306.73,305.33,304.1,306.11,305.36,304.83,304.03,304.63,305.55,304.13,303.75,305.61,306.23,307.48,306.53,309.63,307.75,307.43,308.53,308.28,307.71,306.23,307.61,307.16,307.13,308.21,306.8,306.33,307.71,307.48,308.88,307.11,306.46,308.43,306.75,307.15,306.98,306.05,305.83,306.1,304.71,306.43,305.53,305.61,304.58,304.8,305.08,304.46,305.43,306.68,306.68,305.48,304.73,304.48,303.83,305.23,304.5,306.23,305.46,304.85,305.43,304.83,304.38,304.43,305.25,305.78,306.78,308.33,305.96,304.68,305.03,305.0,303.91,304.21,306.03,305.46,305.55,305.11,306.58,304.83,305.16,305.13,304.5,303.88,304.48,303.3,305.71,304.75,304.36,303.36,303.21,303.0,303.98,304.73,306.08,304.5,304.0,302.16,302.03,302.36,303.15,304.08,305.0,303.31,303.91,302.08,303.71,307.05,307.21,306.28,303.38,303.0,299.53,297.48,297.78,300.21,301.35,301.73,299.21,298.03,297.48,298.8,298.4,301.38,300.33,299.23,297.63,297.68,298.11,297.88,295.88,295.05,294.3,294.21,295.11,294.78,292.5,292.61,294.46,296.41,292.63,293.16,294.33,294.43,293.23,290.75,289.33,291.96,289.65,292.3,292.18,290.93,291.68,295.86,298.46,298.23,297.73,293.8,293.03,292.73,291.16,291.71,293.25,296.0,292.11,289.38,290.48,291.98,292.63,294.58,295.63,295.53,295.8,295.16,297.0,296.11,296.55,295.6,298.03,297.88,294.48,293.78,291.11,292.13,295.23,290.46,287.86,284.73,284.53,283.71,284.8,286.73,285.05,284.5,286.46,287.5,285.13,285.93,285.33,282.0,282.38,283.61,283.33,284.21,285.98,284.23,281.38,281.41
281.33,281.46,280.73,282.58,283.25,283.66,282.73,282.8,283.18,283.88,286.08,285.73,285.58,288.08,287.28,287.75,287.5,286.5,288.61,287.73,286.48,286.6,289.83,290.13,287.43,286.13,285.9,287.15,290.36,286.81,286.25,286.33,284.16,283.31,284.25,285.46,286.63,285.15,284.81,288.18,287.46,289.08,290.33,288.68,285.78,286.4,289.93,282.88,283.73,285.81,286.53,286.11,286.93,290.18,293.8,295.41,300.0,297.63,301.73,299.11,295.55,293.85,291.83,292.21,293.91,292.4,292.71,291.86,297.18,295.5,290.58,290.96,293.3,295.43,296.73,300.13,299.81,301.73,299.73,300.55,295.3,290.65,288.63,290.83,289.85,290.75,292.61,295.13,295.88,294.18,295.58,294.9,299.46,300.13,301.53,303.25,304.25,305.23,304.88,304.25,301.96,302.0,297.21,298.0,301.33,304.23,303.81,303.48,298.56,298.31,304.21,302.18,302.18,302.81,300.81,300.8,302.11,301.73,301.21,300.48,304.46,302.78,300.8,301.41,300.21,300.23,298.68,299.68,302.65,302.83,300.33,300.28,302.48,302.21,301.5,299.96,302.68,304.81,305.43,306.5,302.96,302.78,303.46,304.46,305.11,307.25,305.03,306.73,306.58,307.66,309.93,308.3,309.56,309.23,308.78,310.11,310.0,309.5,307.0,306.61,305.5,306.08,308.5,305.48,309.5,305.05,305.93,307.9,309.78,306.11,305.55,305.96,308.23,306.53,306.25,305.93,307.23,306.35,305.65,306.15,306.15,306.46,308.81,309.13,307.38,307.58,307.3,305.38,303.31,302.78,304.75,304.05,304.35,304.3,306.91,305.55,304.83,304.88,308.33,306.66,306.28,305.08,303.88,303.08,301.58,300.4,303.0,303.08,303.98,304.21,304.66,304.18,304.66,305.25,303.55,305.8,304.21,304.18,306.88,304.8,304.65,306.18,304.58,306.9,306.75,306.71,306.18,306.25,305.38,306.28,306.23,305.46,306.41,306.48,304.53,305.11,305.16,305.86,304.58,305.31,303.18,303.86,306.41,303.73,304.03,304.36,305.23,304.91,304.63,304.8,304.36,302.75,304.03,303.16,303.75,304.0,302.93,301.63,302.58,303.68,302.48,301.75,300.61,299.36,299.35,299.68,299.5,299.71,300.75,301.86,303.36,303.83,303.28,300.8,301.33,303.53,304.83,301.08,298.55,298.73,299.3,300.23,301.98,304.38,302.96,299.38,299.56,299.56,297.4,297.11,296.71,294.55,291.23,291.75,291.53,292.93,294.31,292.75,293.68,295.08,293.31,294.13,292.88,290.21,289.33,289.73,290.71,290.91,291.73,294.41,296.15,292.11,293.46,293.5,291.21,290.38,289.85,288.98,290.0,289.13,289.85,293.43,295.78,297.68,295.03,295.08,295.36,294.68,295.16,295.48,296.43,297.8,294.5,295.08,292.61,292.91,289.91,288.8,288.96,289.48,288.58,290.71,293.46,293.71,296.08,294.78,289.65,290.18,288.63,287.81,288.78,288.93,288.78,287.35,285.91,284.46,284.96,285.83,288.66,292.28,293.08,294.08,294.11,294.11,295.75
294.43,287.23,284.8,285.88,290.8,289.0,285.98,285.0,287.06,291.43,292.55,290.53,292.63,294.53,295.28,297.35,297.18,295.55,295.73,294.25,294.48,294.86,296.48,292.98,287.83,285.73,285.83,286.78,288.8,293.23,289.58,289.38,293.25,289.43,287.43,286.73,285.53,285.13,286.03,286.43,285.46,284.88,287.33,292.46,294.46,291.43,295.06,293.88,292.0,291.63,290.33,288.58,287.06,285.88,285.15,285.55,286.63,288.13,288.13,289.33,291.63,292.86,294.3,294.16,293.28,293.96,293.5,291.9,289.4,289.43,288.88,290.25,293.73,293.56,291.21,291.36,291.4,291.08,288.55,288.18,290.53,289.61,289.71,290.05,293.21,297.13,298.65,298.63,301.16,299.08,299.38,300.71,301.48,302.35,302.18,300.83,305.68,301.28,305.16,305.63,303.33,299.3,296.43,302.38,302.08,302.78,303.63,304.25,301.25,298.43,301.98,305.48,306.5,306.48,307.1,306.96,304.46,303.16,302.86,302.5,303.48,304.86,305.88,306.38,305.46,305.86,303.33,302.86,303.38,302.0,307.0,306.3,303.63,304.38,303.08,302.33,302.36,304.1,304.98,304.66,304.43,305.46,305.61,306.21,306.23,305.46,303.83,304.5,305.96,307.41,304.28,306.48,304.18,304.13,303.98,303.98,304.8,306.23,305.18,307.0,307.03,305.13,306.75,307.13,306.13,304.75,306.18,306.33,306.06,306.73,307.03,309.13,308.16,305.56,304.46,303.23,304.63,305.73,305.0,305.43,304.68,303.78,302.23,302.98,303.53,304.61,306.96,307.38,305.96,305.36,306.9,307.21,306.5,307.71,307.36,307.6,307.58,305.58,304.48,305.56,305.08,306.06,307.25,306.31,304.28,302.23,302.53,303.43,304.71,305.31,303.53,302.88,302.21,302.53,302.18,304.05,303.88,303.73,305.23,306.21,304.68,306.96,305.71,304.05,303.28,304.3,305.68,303.38,302.41,302.63,304.28,305.65,303.23,305.65,306.18,305.11,302.68,305.31,302.73,302.13,301.28,302.5,302.08,301.98,301.31,300.98,300.83,300.25,301.11,301.05,303.31,304.21,302.5,301.43,301.11,302.61,302.98,301.23,298.91,298.58,298.25,299.71,300.21,301.0,301.38,301.56,300.61,299.75,299.4,299.78,299.56,299.65,300.43,301.13,301.83,301.86,300.56,299.36,298.85,299.28,299.78,300.58,299.5,299.53,300.55,299.9,298.33,295.63,295.41,296.13,297.3,298.56,300.66,298.16,297.71,298.25,299.56,297.9,296.88,297.25,297.43,299.13,299.11,300.55,300.8,299.83,302.35,301.88,301.5,299.55,297.96,295.75,294.93,296.38,296.38,296.66,296.78,292.53,290.71,288.88,291.25,291.96,289.23,287.98,288.78,294.96,297.48,297.46,297.71,298.68,299.43,298.43,299.03,298.0,299.46,297.83,293.6,291.75,291.66,289.63,294.38,294.18,294.41,301.3,297.63,293.03,288.88,290.61,293.71,297.63,296.98,298.23,297.25,295.31,294.11,292.3,295.33,296.5,293.03,293.1,296.5,292.68,288.93,286.91,284.41
283.18,283.75,284.33,284.71,287.38,288.11,285.86,285.08,284.21,285.38,287.16,285.36,284.53,287.73,287.55,291.68,289.03,288.16,286.63,284.66,284.38,285.81,288.96,294.38,294.96,293.53,294.88,296.88,298.4,296.88,293.21,293.55,290.91,290.61,293.71,287.93,285.5,285.93,288.33,293.83,296.61,295.66,297.53,297.75,297.48,300.55,300.58,301.65,296.38,301.96,301.68,297.96,294.18,294.25,292.18,289.06,288.91,291.08,294.21,297.88,299.4,295.36,291.71,291.31,292.38,295.3,296.23,299.43,302.11,304.28,301.25,302.71,303.18,300.83,295.91,292.98,292.08,295.53,294.98,291.0,289.38,293.45,298.06,300.53,302.71,302.13,298.88,302.68,303.0,304.78,302.98,300.96,299.38,297.38,295.48,295.8,295.0,292.78,291.25,292.71,297.63,300.46,302.8,303.13,304.68,304.63,305.58,305.0,303.23,305.13,307.21,308.21,307.8,308.28,306.6,305.3,304.31,305.23,304.3,302.61,302.53,304.66,304.96,306.38,307.65,307.8,309.66,308.98,309.93,308.15,309.08,309.66,309.48,306.68,304.86,304.61,305.06,306.11,306.68,307.9,307.03,306.05,306.28,305.18,304.25,304.5,304.65,301.48,303.33,305.33,307.05,307.28,308.36,308.18,306.83,306.86,306.6,306.66,307.43,310.08,308.98,307.11,307.63,306.36,305.03,304.55,303.18,304.03,305.03,307.18,308.71,309.18,307.08,306.15,307.71,306.03,305.33,306.21,309.75,309.16,307.78,306.11,306.4,307.98,306.91,307.15,306.18,304.5,303.38,305.33,303.58,303.8,303.91,304.13,303.55,304.61,306.11,306.25,307.03,306.96,306.46,306.03,306.21,306.3,304.36,303.58,303.75,306.58,305.53,308.25,308.28,310.31,306.86,306.23,307.08,305.83,306.05,306.65,306.61,306.08,305.18,304.55,304.53,306.81,305.88,302.73,304.88,307.46,307.93,305.88,305.61,306.55,305.61,304.75,304.0,304.33,303.68,302.43,302.53,301.93,302.25,300.11,299.53,302.53,302.63,300.5,301.43,300.96,302.18,302.33,303.58,305.61,304.13,306.33,303.38,302.93,302.5,300.38,300.36,301.58,305.55,305.08,304.38,304.61,303.21,302.78,303.36,302.21,302.71,302.13,302.23,301.08,300.83,302.36,303.03,301.36,299.71,299.25,300.23,299.13,299.9,300.73,298.61,300.73,298.46,296.48,299.38,301.25,300.08,297.58,297.96,296.5,298.18,300.38,300.5,300.18,297.78,297.15,297.0,296.0,295.73,296.31,298.86,297.78,298.68,300.16,295.15,293.03,294.73,297.23,294.25,292.0,291.46,291.53,292.11,292.13,291.88,292.23,294.31,292.46,292.61,292.18,291.83,293.83,297.36,298.43,298.83,299.46,295.31,294.55,293.93,292.06,290.65,290.71,295.11,296.68,296.75,297.21,297.63,296.96,291.13,291.58,288.11,290.43,295.38,289.08,288.1,285.43,283.25,283.0,284.43,284.86,285.48,285.75,284.78,285.11,288.93,288.73,286.23,287.48,284.63,285.93,287.11,284.05,283.28
283.0,283.63,284.96,282.86,284.0,284.68,285.83,284.13,284.0,283.46,284.53,286.28,286.56,284.83,285.86,287.38,288.23,293.11,293.56,290.53,292.68,291.73,293.05,294.4,294.15,293.83,289.25,285.38,286.81,284.63,285.21,287.23,288.8,288.0,286.08,286.36,286.68,288.63,289.96,291.15,291.68,291.65,291.23,292.25,291.18,291.88,291.68,289.88,294.21,294.03,297.36,300.93,299.25,292.18,285.86,285.28,287.81,289.43,291.73,293.5,294.41,294.48,295.96,296.03,295.66,296.5,298.5,299.21,294.53,295.16,295.46,297.93,296.15,298.96,296.41,294.93,296.43,301.46,300.86,301.46,300.61,298.96,299.83,296.96,302.65,299.28,295.4,297.8,294.83,299.61,298.88,301.53,302.78,304.68,305.6,304.63,302.58,296.71,300.18,300.28,299.56,302.43,302.3,305.43,305.75,305.5,306.21,302.16,296.25,295.43,293.43,294.53,295.13,296.55,297.78,298.23,299.91,300.03,299.96,302.96,302.23,300.21,300.78,304.28,304.68,302.43,300.5,300.43,303.73,306.23,302.61,299.66,301.96,304.21,306.5,307.23,306.28,304.36,304.53,305.63,304.48,304.78,306.43,307.68,308.03,306.16,304.13,301.25,305.5,306.58,304.83,305.68,306.88,308.08,308.28,305.28,304.23,306.83,306.9,309.08,308.28,308.08,310.83,310.08,307.43,309.0,310.13,310.53,309.61,310.88,308.96,310.43,307.5,305.78,304.25,306.43,306.43,308.46,307.55,309.3,310.13,308.61,306.63,307.98,307.28,305.93,306.5,307.11,308.38,310.28,307.11,306.03,305.43,306.86,306.56,307.66,307.65,305.16,303.63,302.61,303.96,306.98,307.08,305.93,306.53,305.96,307.13,305.03,304.0,304.73,305.23,303.91,303.48,303.21,301.93,303.53,305.58,304.53,301.88,302.78,304.28,304.41,305.58,303.03,301.96,301.9,302.65,303.8,304.73,304.28,304.15,305.78,306.48,306.65,305.25,305.5,303.06,304.08,304.88,303.61,306.21,304.73,304.5,304.06,303.08,303.13,302.43,301.58,300.61,300.86,301.06,300.68,299.86,299.35,297.43,297.33,297.48,297.46,297.88,298.71,299.43,300.96,300.05,300.53,302.06,302.83,300.15,301.98,301.11,299.56,298.91,298.06,295.98,294.98,296.28,298.96,301.53,304.33,305.56,302.91,301.3,303.5,301.28,299.73,301.96,303.63,300.5,301.33,303.88,304.33,302.93,303.25,299.66,298.58,297.61,300.13,297.58,295.08,296.73,297.53,296.36,296.53,296.5,298.48,298.36,297.48,295.3,297.5,298.46,299.35,297.03,294.53,293.41,291.53,290.0,289.83,288.48,287.86,287.55,290.38,294.33,296.0,288.46,286.63,287.55,287.88,287.85,287.1,286.46,286.73,286.73,286.13,286.96,286.86,287.61,286.86,288.0,289.0,288.81,290.68,291.68,293.66,296.61,298.23,296.58,294.23,298.71,291.66,288.75,287.53,288.08,293.05,294.93,286.3,285.43,286.15,285.58,284.48,285.68,287.48,293.15,293.08,291.25,294.83,296.68
297.3,294.98,295.55,293.63,283.78,280.16,280.68,281.5,281.38,282.0,283.31,282.66,281.66,282.96,283.5,283.68,284.3,284.33,284.13,284.05,284.13,285.41,285.96,285.96,286.36,289.75,291.4,290.83,286.86,287.23,289.48,292.38,289.5,288.18,288.13,289.96,290.56,290.91,293.15,292.56,295.1,296.73,293.28,292.91,292.58,292.43,289.68,288.38,290.03,287.38,284.3,288.78,289.18,293.35,295.63,295.86,295.38,297.18,297.55,297.11,298.11,298.91,298.11,301.58,301.75,298.53,297.55,297.33,298.93,299.81,302.96,301.73,300.56,298.46,294.53,292.08,289.8,288.86,286.11,288.25,292.8,297.28,295.75,292.38,297.8,300.88,296.88,296.66,300.48,301.78,296.41,296.23,297.03,297.11,295.93,298.71,296.83,296.73,298.61,300.16,298.71,300.08,300.55,302.88,305.61,306.25,305.43,305.08,303.65,300.96,301.23,302.78,298.46,301.08,304.55,306.75,307.13,306.58,304.25,304.66,303.13,303.81,303.65,302.58,303.65,307.86,303.63,302.78,302.3,301.48,299.48,300.28,305.46,305.86,306.63,306.9,306.58,304.3,304.08,308.28,305.38,303.71,303.81,305.05,305.66,306.63,306.88,305.95,304.23,304.48,305.25,304.3,304.48,305.36,307.65,306.71,307.78,310.31,306.56,307.46,307.08,307.48,307.56,306.4,304.91,304.98,304.91,307.11,305.5,304.43,302.58,302.83,303.86,303.91,307.05,304.75,303.8,304.18,305.05,306.36,304.61,303.91,304.0,304.11,303.86,303.8,303.75,303.05,302.75,303.48,306.0,306.03,306.03,305.43,304.61,304.86,305.68,305.78,304.08,303.48,303.06,303.11,303.38,306.3,306.36,305.03,304.71,302.43,301.78,303.38,302.75,305.0,305.36,304.08,304.98,305.93,305.58,302.9,301.48,301.81,303.25,303.53,303.78,304.33,304.81,306.48,306.3,304.61,304.31,305.05,304.48,303.53,303.38,303.71,305.36,305.46,304.28,304.21,304.78,302.63,304.18,304.91,307.18,306.71,305.93,303.03,304.0,305.91,307.75,306.63,305.8,305.18,306.48,304.05,303.71,305.41,306.5,306.83,306.18,304.86,303.0,302.63,303.71,303.53,304.96,306.23,304.83,305.93,304.85,302.83,302.41,300.61,300.0,300.71,300.63,302.71,304.46,300.78,302.13,301.28,301.93,299.93,300.03,302.08,302.91,300.23,298.25,296.43,296.11,296.61,296.83,298.96,299.8,301.33,302.36,302.28,303.13,302.58,302.71,303.0,300.16,303.23,299.91,298.96,298.45,299.56,299.93,298.13,300.3,301.55,300.75,299.15,296.33,294.16,294.11,294.71,297.21,296.28,293.08,292.0,292.91,296.06,296.96,298.73,299.38,297.96,297.93,301.13,301.38,299.3,296.88,295.55,296.73,291.58,290.06,293.83,295.88,294.13,292.0,284.55,285.3,285.93,285.65,285.36,286.66,288.53,289.23,288.21,291.83,291.15,290.86,287.88,286.75,286.33,285.53,284.33,286.25,287.75,292.23,291.36,293.28,294.18,294.23,286.43,283.21
282.25,283.56,286.21,286.48,287.58,290.83,294.83,296.36,288.63,285.93,286.53,289.36,282.21,281.88,283.46,284.88,288.58,289.61,292.61,297.48,297.11,295.75,295.58,296.08,297.88,298.66,293.96,288.7,284.98,284.38,284.83,283.4,283.98,285.38,288.63,296.21,291.13,286.46,286.53,291.08,286.25,285.13,286.83,292.28,294.71,291.55,291.5,293.88,294.8,289.48,290.11,287.4,288.55,289.25,292.38,291.93,291.43,291.3,293.48,294.36,294.78,296.55,295.78,297.63,297.43,294.03,296.28,294.78,295.93,297.21,298.98,299.41,300.58,300.5,299.66,300.63,299.53,296.75,296.08,297.0,298.13,300.11,297.68,298.48,298.58,299.25,300.58,299.31,296.75,296.55,298.33,300.3,302.9,297.4,293.03,294.5,293.5,293.55,293.93,297.16,302.31,300.15,301.16,300.48,305.83,306.48,304.08,305.66,306.31,304.65,304.21,303.73,304.21,304.33,304.53,300.68,296.23,293.16,292.63,297.86,300.25,295.53,295.25,295.4,296.18,298.56,300.41,301.08,303.78,305.28,304.36,304.68,305.16,307.21,306.36,306.0,306.13,305.63,305.78,303.98,304.61,304.58,304.83,304.13,303.28,302.88,302.23,304.03,304.46,304.88,304.55,304.11,304.73,305.11,305.58,304.03,303.11,302.43,303.46,304.46,304.4,305.03,307.38,307.46,306.4,305.48,305.63,304.53,305.5,304.5,302.8,301.08,301.4,300.93,303.0,302.4,303.53,306.55,303.33,303.25,302.53,303.28,302.48,303.31,303.68,302.81,301.85,302.0,301.71,302.15,305.83,302.86,302.83,304.46,304.08,304.78,303.9,303.33,302.11,303.28,303.71,302.73,301.78,303.73,307.03,305.63,304.63,305.16,308.03,308.28,307.86,307.03,306.03,306.18,306.55,306.08,305.38,305.21,303.33,303.16,304.25,304.98,305.96,305.68,304.33,304.0,306.0,306.11,305.08,306.53,305.28,304.83,306.03,305.3,305.75,304.75,304.53,304.56,304.05,304.98,304.38,303.66,306.96,305.83,306.13,306.21,304.28,305.86,305.25,305.8,304.83,305.78,304.25,304.46,303.83,302.28,302.83,304.53,304.68,306.13,305.58,304.58,304.16,304.78,304.05,303.86,301.71,301.71,300.93,299.48,299.78,299.71,300.43,300.25,300.36,300.03,300.33,301.71,303.66,304.83,301.96,301.6,300.48,298.46,297.68,298.08,298.33,298.13,299.65,299.73,300.58,303.71,304.63,303.23,301.03,299.73,298.71,299.46,298.86,299.71,300.16,298.55,296.61,294.66,294.43,295.38,298.71,298.61,299.93,299.78,296.25,295.61,295.66,298.3,299.0,295.93,296.48,297.33,295.98,291.48,291.05,290.83,294.21,290.5,288.25,288.33,286.98,286.83,287.28,285.61,285.36,286.36,286.21,287.63,286.96,286.46,286.0,285.58,283.68,282.28,284.55,284.28,284.35,284.28,285.0,284.48,284.56,284.18,283.96,283.28,284.16,285.03,285.43,285.98,289.88,288.53,291.18,292.63,293.11,292.38,286.46,283.83,284.56,283.58,284.65
286.96,289.91,290.33,287.71,286.91,291.15,285.61,289.23,286.18,282.4,279.86,279.41,285.58,285.83,282.48,280.6,283.33,282.4,283.15,286.23,286.98,286.4,285.75,285.0,284.96,285.83,286.61,288.23,289.68,291.4,289.55,287.03,288.15,285.43,285.05,286.11,285.71,285.03,286.13,288.88,294.0,294.66,293.13,287.53,289.28,288.53,290.03,287.66,288.46,290.03,290.18,290.05,289.18,289.75,295.78,293.5,292.68,295.28,296.21,298.96,300.08,295.46,296.08,297.21,293.25,292.36,293.36,294.08,295.88,302.03,302.38,305.21,301.23,298.96,298.63,302.35,298.83,295.08,292.58,292.56,294.5,294.68,293.73,292.75,293.48,294.43,299.58,295.53,297.13,300.5,301.8,296.65,294.68,294.73,295.63,296.86,300.21,302.18,300.38,297.08,297.38,299.21,304.5,302.98,303.38,304.78,304.3,303.53,301.53,303.75,306.38,304.18,304.98,302.03,302.03,300.68,303.28,301.98,300.38,298.53,298.96,299.11,299.91,301.18,302.8,303.86,305.16,305.5,303.91,304.63,304.63,307.11,306.73,306.88,305.05,303.18,302.88,302.71,304.03,303.36,302.81,304.8,307.16,303.58,304.53,304.18,303.03,303.98,304.98,302.93,306.96,306.83,307.58,307.03,305.53,305.83,307.48,306.25,306.5,306.98,305.66,307.81,309.73,310.03,309.0,309.96,307.73,308.08,309.03,307.53,305.41,306.03,306.66,307.65,309.33,306.5,307.68,305.98,305.18,306.06,307.78,310.53,307.41,307.03,305.08,303.38,305.18,304.91,304.56,306.4,305.53,307.05,310.5,307.0,309.3,307.13,304.68,304.93,304.88,304.68,304.03,303.63,303.83,304.71,305.18,303.83,303.61,304.68,306.25,303.53,302.8,308.05,305.88,305.05,308.56,306.11,308.53,307.75,305.85,304.91,306.21,305.13,302.75,303.03,303.0,304.46,307.65,307.86,304.73,304.68,305.05,306.25,306.75,306.43,306.93,306.65,305.41,305.98,307.18,307.4,306.71,307.03,306.25,306.6,306.23,305.18,304.86,304.46,304.0,304.75,304.63,305.63,305.75,305.91,304.23,303.28,305.23,304.33,304.85,305.58,303.93,303.46,304.03,304.0,302.96,302.93,304.71,306.0,303.53,304.58,304.16,303.68,302.58,302.86,302.53,300.03,300.06,301.46,301.03,300.41,298.43,298.28,300.46,301.8,301.78,299.65,298.58,299.43,301.16,300.5,300.58,301.61,301.78,300.53,300.36,302.48,301.88,298.33,296.23,295.61,296.13,295.3,295.25,294.36,293.11,292.48,296.91,298.33,297.9,300.33,294.08,291.36,290.68,292.85,292.61,289.9,289.4,289.68,292.13,291.33,290.18,289.55,289.9,291.8,291.28,288.68,287.68,286.91,289.43,288.86,289.83,290.91,293.68,295.46,294.05,295.23,292.68,297.06,291.96,297.18,290.68,294.16,297.91,297.08,297.35,295.5,295.13,296.61,297.41,297.65,297.33,296.73,296.23,293.93,293.68,289.78,287.86,286.96,288.41,287.66,291.06,291.15,293.28,295.13,295.43
296.43,294.23,295.0,295.46,294.05,293.5,296.3,295.8,292.13,295.36,296.06,289.61,294.63,288.0,284.58,285.5,286.61,288.43,292.43,295.5,291.28,289.13,287.91,289.71,296.8,295.08,290.83,291.5,298.18,299.86,295.48,294.4,294.05,293.75,294.33,298.58,295.18,293.05,292.21,292.81,289.66,290.08,299.36,294.33,291.43,295.36,299.83,295.36,287.13,287.93,293.15,294.61,299.41,295.86,292.3,293.36,296.48,299.98,296.96,289.66,289.53,293.21,299.38,298.96,296.33,296.93,300.25,301.46,303.16,299.9,303.73,299.05,294.61,292.71,293.98,300.03,296.33,294.21,294.13,296.48,296.66,294.93,294.43,294.5,295.61,296.41,297.85,301.93,302.3,303.43,304.78,301.38,303.36,303.25,303.21,303.98,301.0,299.68,299.96,297.96,296.08,295.63,295.96,297.46,299.58,301.16,298.38,300.5,301.4,302.53,298.93,298.03,298.33,299.3,302.16,303.68,301.18,300.33,301.43,300.3,300.71,302.96,301.5,308.5,304.5,306.13,307.28,305.63,306.43,308.78,307.81,310.0,309.85,309.08,306.68,307.2,305.36,305.93,303.56,302.71,303.86,303.21,303.36,303.36,303.06,304.15,304.66,307.23,306.96,307.03,307.38,307.25,305.13,304.41,306.96,305.21,305.88,304.4,305.73,306.71,304.28,303.98,304.13,304.38,304.13,304.33,307.5,308.66,306.65,307.43,305.38,304.98,307.18,305.53,304.03,303.88,304.48,304.23,304.73,305.56,303.58,302.3,304.13,304.28,303.38,304.11,308.03,304.13,304.23,305.03,304.75,304.65,304.58,304.28,304.86,308.08,307.05,305.18,304.83,304.3,305.68,305.81,305.68,305.38,304.36,303.86,301.28,300.43,301.05,304.15,303.63,302.98,304.18,305.58,306.78,306.08,307.53,304.65,302.71,305.25,305.16,303.75,305.78,305.91,304.98,306.16,305.75,304.73,304.25,304.4,303.91,305.98,305.18,305.5,304.13,305.05,304.85,304.08,303.86,302.68,301.93,303.61,301.66,302.53,303.25,305.88,303.86,303.78,303.93,304.16,305.21,306.3,308.66,305.96,304.78,303.43,303.25,302.98,302.96,304.71,306.85,308.23,307.11,305.13,304.83,305.03,306.53,302.91,303.71,302.8,303.05,302.68,301.41,299.46,299.55,301.71,305.38,305.55,302.28,303.55,305.75,305.66,301.33,300.88,299.16,299.98,298.98,298.53,299.86,302.41,301.25,302.53,297.88,297.48,297.25,296.93,297.91,298.78,296.98,293.93,293.43,292.71,290.93,290.23,289.75,290.33,290.18,290.36,289.5,290.21,290.15,291.96,290.05,290.63,291.33,292.5,294.78,294.08,294.5,293.13,292.46,294.23,295.41,294.05,292.23,290.93,291.9,291.53,288.66,289.33,291.98,292.5,293.33,295.28,291.48,293.71,288.36,286.41,291.86,296.75,294.71,293.96,293.93,294.81,298.13,294.3,292.88,295.38,292.0,292.78,291.63,290.46,291.36,294.5,294.5,293.03,292.55,293.36,297.23,295.35,294.25,289.4,286.68,292.88,295.93
293.65,294.57,295.12,296.8,298.44,296.05,291.97,292.25,289.69,293.85,294.37,292.02,293.0,294.2,289.92,289.87,291.39,293.05,289.64,288.17,287.7,286.64,288.57,290.07,292.05,292.47,291.62,285.5,284.7,284.17,283.45,283.65,284.55,285.05,286.55,286.57,285.65,284.75,284.35,286.67,287.22,286.85,286.97,286.52,286.12,286.6,288.8,293.55,289.39,288.6,287.74,288.8,288.47,288.87,288.9,290.65,291.0,292.17,291.75,290.92,288.1,285.74,287.75,287.85,288.15,287.95,286.89,288.07,291.3,291.95,290.25,293.25,294.52,296.4,296.9,300.1,298.77,298.25,295.14,295.64,295.32,297.6,301.3,302.32,301.6,299.47,296.95,298.97,301.1,300.2,297.82,295.89,294.47,295.47,294.3,294.35,296.07,302.2,300.92,302.39,303.95,299.45,299.67,299.24,298.07,298.74,302.57,303.25,302.82,303.07,307.05,305.35,303.74,300.22,302.3,305.92,305.89,305.12,302.85,304.27,301.82,303.8,304.47,300.35,297.7,299.32,304.27,305.24,307.45,307.37,303.32,303.49,307.27,307.12,306.05,306.1,302.92,304.82,305.47,305.77,308.67,307.35,309.32,307.65,307.67,306.8,306.32,309.37,307.37,307.07,304.07,304.17,304.2,306.89,306.9,305.85,306.37,306.67,306.97,305.14,303.1,302.77,303.45,303.97,303.6,303.35,305.27,305.57,305.85,305.52,305.87,305.47,304.99,305.72,307.02,307.92,306.55,309.55,307.9,311.62,308.3,307.97,305.95,304.57,304.92,304.2,305.4,306.07,305.24,304.3,305.0,306.8,306.1,306.37,306.99,304.85,302.7,304.1,305.3,304.42,304.62,305.82,307.07,305.57,306.3,305.32,305.6,306.57,307.45,308.72,305.92,307.4,305.2,306.27,306.57,305.72,305.7,306.87,306.25,306.77,304.35,303.57,304.55,304.72,305.12,306.62,307.95,306.05,305.45,305.87,306.67,306.82,307.87,308.95,309.07,308.02,308.27,308.95,307.7,307.12,307.12,304.95,304.37,304.82,305.7,304.07,303.75,303.5,302.99,304.17,305.55,304.05,303.32,302.72,302.62,302.7,302.67,303.57,303.32,302.45,302.5,303.42,302.47,302.5,303.22,303.25,304.45,305.22,306.27,305.45,303.1,302.95,300.87,300.65,302.75,304.5,304.89,305.62,303.85,303.15,303.47,301.5,301.5,300.32,302.42,305.87,305.49,304.1,303.72,302.47,301.62,299.12,298.25,297.37,299.39,299.4,299.17,303.02,301.8,301.85,304.89,302.19,300.8,301.74,304.17,301.42,301.9,301.47,300.62,302.5,302.6,300.45,301.49,295.72,295.27,298.67,299.6,299.45,299.1,299.92,298.92,296.57,297.25,299.75,298.37,297.47,300.1,295.47,293.22,295.62,299.6,298.45,293.27,291.3,294.65,297.47,295.85,295.42,299.02,299.25,292.1,286.92,286.95,290.5,285.62,285.6,284.4,286.62,289.52,289.52,295.07,293.24,295.67,294.87,295.97,293.97,292.35,297.27,288.77,288.12,285.97,287.64,286.92,288.67,291.97
293.35,293.1,290.95,286.1,285.32,285.6,285.17,285.75,286.45,285.35,284.25,284.3,284.42,287.05,290.92,288.82,283.17,283.1,284.72,284.45,289.8,292.22,293.35,295.62,295.14,297.77,296.87,294.77,301.52,300.72,301.92,302.02,301.24,304.6,302.27,300.3,298.6,297.9,297.25,293.5,292.07,288.77,287.22,286.72,287.2,287.77,288.05,288.6,289.22,292.27,289.52,287.95,287.74,287.62,289.47,292.52,295.35,290.32,288.62,286.99,287.02,287.62,287.54,288.22,288.6,290.89,291.14,291.42,295.12,296.8,294.1,298.25,297.5,295.87,290.27,288.9,289.24,290.12,291.62,292.42,294.85,294.42,293.8,301.37,296.24,291.37,289.6,289.62,293.07,298.67,301.92,302.35,303.57,303.55,303.8,303.22,303.87,303.4,305.32,305.6,307.15,305.15,308.17,309.12,304.95,307.07,305.42,307.02,307.45,307.62,308.05,308.77,306.6,303.47,300.72,299.02,299.67,304.49,304.12,304.12,305.5,307.8,309.82,307.17,306.87,307.92,304.57,302.49,299.72,299.0,298.9,301.14,304.0,307.87,306.75,308.37,308.47,307.85,307.8,306.6,308.2,308.97,310.42,306.92,307.92,309.45,310.0,309.05,310.35,307.7,308.55,307.57,305.25,305.57,304.27,303.8,303.62,304.72,304.3,305.92,306.25,307.1,306.57,307.57,308.62,307.72,306.1,306.1,304.32,304.12,305.52,306.22,304.64,301.62,302.32,304.64,305.49,305.77,304.62,303.99,303.72,302.8,305.07,303.49,303.02,303.3,304.87,305.52,306.65,304.92,304.02,305.07,304.95,308.07,305.5,304.35,306.2,306.9,306.3,305.87,305.62,307.1,306.42,305.6,302.97,304.37,306.62,306.15,306.07,306.22,304.47,306.35,307.72,306.72,307.57,309.27,308.72,306.65,308.95,307.32,307.55,307.97,307.0,306.85,306.17,307.3,304.85,304.97,303.32,303.75,303.92,305.52,305.49,305.87,305.6,305.89,306.52,306.49,306.77,304.45,305.62,306.77,306.42,307.1,305.24,305.07,305.75,305.92,304.7,306.1,305.5,306.47,307.6,304.92,306.6,305.62,307.3,308.35,305.95,306.57,305.02,307.4,306.9,303.39,305.27,304.17,303.57,304.97,303.12,302.72,302.89,304.8,305.02,306.92,303.55,305.37,305.35,305.47,306.2,304.2,303.02,303.75,302.14,302.77,303.17,302.77,299.77,300.47,301.6,299.22,297.85,297.1,296.77,301.05,301.85,298.57,297.72,297.0,297.32,297.82,294.77,296.1,294.3,293.12,293.32,291.62,294.2,293.77,294.97,293.37,293.45,295.6,294.72,292.75,290.45,292.87,292.95,293.52,291.3,291.62,292.99,295.32,296.75,296.32,296.4,295.05,293.62,295.87,295.32,289.67,293.55,294.64,293.1,296.37,298.87,296.49,297.72,298.72,298.97,300.5,298.22,297.4,293.2,287.8,289.1,289.32,288.77,286.17,284.35,285.12,285.22,285.97,287.45,286.4,288.85,290.55,285.45,285.3,287.07,292.7,290.85,287.57,290.27,295.7,295.05
296.45,297.72,292.37,287.42,284.12,284.35,283.14,283.89,287.07,289.72,290.3,289.49,291.72,292.1,291.8,295.67,297.65,295.37,295.72,290.22,289.85,289.17,290.72,293.22,292.9,286.39,286.57,284.97,284.45,286.72,293.57,293.57,293.64,291.3,287.64,289.62,287.87,283.89,288.24,287.45,294.87,289.35,290.8,296.32,299.72,299.87,301.74,301.12,300.6,295.75,291.2,290.37,288.87,288.62,288.6,291.95,295.6,295.37,297.35,297.92,301.05,299.8,300.27,301.55,302.05,298.87,298.3,299.5,298.8,297.2,298.12,297.27,298.82,299.17,300.47,300.37,299.35,294.87,295.55,296.99,297.37,299.17,298.49,298.85,302.14,302.37,301.39,300.45,297.02,297.37,297.3,300.12,300.47,298.37,296.77,295.72,296.12,295.32,299.62,302.85,304.12,303.27,305.25,304.9,306.85,305.42,307.22,307.12,303.87,303.2,301.9,302.52,302.27,301.77,302.75,304.2,305.22,303.37,304.6,307.32,303.15,301.55,303.52,303.95,303.7,306.62,307.87,305.47,305.64,304.64,303.37,302.37,302.45,302.82,303.42,303.12,303.17,304.27,305.22,304.42,305.3,306.92,304.82,301.14,303.27,304.57,304.42,303.02,303.9,302.17,302.35,301.35,301.15,301.49,300.97,301.92,304.3,303.85,304.3,305.2,304.62,304.32,303.57,304.22,304.05,305.42,306.85,307.22,307.05,305.7,305.45,306.17,305.35,304.2,305.52,303.82,303.85,305.05,301.87,301.65,304.37,305.52,304.7,305.49,305.3,303.32,303.92,304.82,305.1,303.99,305.7,305.92,306.85,307.97,306.32,304.35,304.17,308.12,305.22,305.65,305.17,304.14,304.4,306.17,305.67,305.22,305.6,309.72,306.17,304.85,305.5,305.55,305.55,307.32,306.6,306.37,306.92,304.82,305.77,305.49,305.7,306.27,306.14,305.4,305.17,306.32,308.12,308.62,306.52,307.0,306.75,306.2,305.27,306.57,303.72,305.95,306.57,307.12,304.7,304.32,303.3,303.02,302.8,303.85,304.72,304.49,305.1,303.87,304.15,304.42,304.1,304.57,303.67,303.57,305.92,308.0,305.8,305.22,306.45,303.92,302.24,303.72,306.29,305.1,307.02,307.67,303.95,302.39,302.97,304.27,303.92,304.17,302.8,304.4,303.62,304.95,302.92,305.47,302.32,302.5,301.95,299.47,299.02,298.77,299.02,299.57,299.5,297.6,295.75,295.45,295.87,296.42,299.27,299.52,297.95,297.82,297.52,297.32,298.37,297.2,295.87,295.07,295.62,294.7,294.4,294.25,294.22,294.17,293.27,292.52,292.17,295.7,298.39,299.17,298.07,298.99,296.55,296.17,295.72,296.52,299.57,300.55,299.27,299.05,299.39,300.57,296.57,295.75,293.3,291.8,291.7,293.9,297.27,296.95,297.35,295.52,294.02,290.8,289.67,295.2,292.12,286.67,285.77,290.87,292.6,288.9,287.32,286.27,287.82,293.85,292.05,293.22,294.8,292.72,291.14,288.85,288.92,287.87,285.92,285.17,284.97,285.5,291.02,294.3,292.47
294.1,294.74,290.72,287.27,283.99,284.1,285.7,286.22,286.2,288.1,288.62,290.72,293.65,292.72,290.12,289.85,290.52,291.9,292.14,296.02,297.37,295.87,299.37,295.6,292.77,297.55,294.82,290.65,286.92,286.07,286.25,286.35,286.55,286.14,288.14,288.05,287.47,287.25,287.77,286.75,284.52,286.97,284.77,284.9,286.39,285.92,286.52,287.22,289.74,288.24,288.87,291.07,291.55,292.6,295.67,289.3,286.07,286.17,287.3,290.42,290.92,296.15,293.95,293.87,296.64,293.5,289.87,288.85,291.0,290.07,290.45,291.9,293.77,294.27,299.74,298.57,298.89,297.87,295.65,292.67,294.67,295.39,295.87,296.02,296.6,296.77,299.27,299.45,302.47,303.52,303.5,305.37,305.89,305.67,306.82,305.85,304.22,304.05,301.8,302.62,304.9,306.57,307.62,304.97,305.64,304.92,307.12,302.5,297.52,296.6,297.97,297.62,298.55,297.72,297.97,300.12,301.17,306.22,302.37,303.25,305.05,304.0,304.57,304.42,304.14,302.49,301.95,300.67,301.99,301.97,301.52,300.97,301.5,301.85,305.22,306.85,307.07,306.57,307.22,307.6,307.3,305.8,304.82,305.74,308.07,309.8,306.67,306.27,308.27,304.97,303.82,302.45,303.5,303.57,304.02,306.4,303.6,305.67,305.5,307.27,308.7,308.2,306.24,304.22,304.37,303.39,304.1,307.87,305.7,304.3,303.45,303.49,302.87,301.1,301.02,303.1,302.77,302.45,302.0,302.07,301.75,304.0,305.19,303.3,305.12,304.69,305.05,305.85,304.39,304.62,307.22,307.3,308.87,307.57,305.3,306.02,305.9,304.87,306.89,304.8,305.27,307.95,306.12,304.42,305.17,304.62,305.07,305.72,304.67,304.94,305.17,306.0,304.97,305.82,306.75,304.27,304.17,305.57,304.12,303.24,304.27,306.64,304.7,305.0,305.22,304.95,305.1,303.5,304.8,305.85,306.9,308.15,304.6,303.47,304.07,303.52,303.92,302.27,303.25,304.45,303.87,302.97,304.15,304.12,304.05,302.82,301.85,305.35,304.45,303.42,304.62,304.1,305.15,306.35,306.55,306.15,303.97,304.8,305.72,302.75,304.72,302.75,303.27,302.2,301.75,299.94,300.3,300.87,301.32,301.64,302.02,301.62,303.52,304.17,304.57,304.2,303.82,302.72,303.4,303.74,302.55,302.4,304.15,303.8,304.92,305.72,304.32,302.89,303.02,300.52,299.24,298.27,298.82,300.77,299.57,298.67,297.77,296.47,295.42,292.47,295.22,294.95,295.37,294.45,295.35,296.22,295.85,295.1,294.4,293.12,294.8,294.99,293.9,292.92,292.65,293.15,293.52,294.85,294.92,294.1,295.52,296.45,296.2,297.07,296.87,296.6,298.47,297.9,296.64,294.27,290.75,288.87,289.3,289.45,288.17,288.65,289.95,290.29,294.22,292.97,287.4,286.89,286.65,287.15,286.7,287.55,287.85,288.24,287.17,287.62,290.85,289.8,289.67,290.7,293.32,290.5,294.07,294.07,294.6,296.6,296.27,294.15,287.12,290.17,293.52
291.67,285.87,287.55,286.35,287.45,287.8,289.1,290.65,291.87,288.92,289.65,288.72,294.24,294.17,293.85,292.55,291.77,286.9,287.72,293.97,290.95,286.35,285.65,285.52,287.57,291.72,292.42,294.9,295.65,292.2,297.17,293.32,288.2,286.12,285.4,285.75,285.6,288.6,290.3,294.12,289.4,286.02,284.67,284.72,285.42,285.92,288.97,290.22,291.35,293.22,293.4,291.99,291.82,291.82,296.77,295.49,298.95,295.27,296.15,292.27,292.39,293.27,297.02,295.87,294.8,295.19,299.42,301.92,299.74,295.27,293.6,293.02,292.7,294.7,296.2,295.87,299.3,299.5,300.05,303.27,298.62,296.67,296.9,299.0,301.89,300.45,302.65,302.67,304.17,297.15,300.92,296.89,295.55,293.87,294.2,296.07,295.77,299.14,299.3,297.47,298.12,303.55,304.05,304.4,304.74,303.8,305.0,305.32,307.87,304.3,306.52,304.35,304.22,305.52,306.92,306.62,306.05,304.42,301.47,302.47,304.97,304.82,305.7,307.62,305.8,304.8,306.45,307.5,306.4,307.25,308.42,305.67,303.02,302.32,301.9,303.05,301.47,299.82,300.17,301.05,302.2,304.45,304.45,306.1,305.64,305.17,306.95,305.02,308.22,306.92,306.92,304.75,305.25,307.52,306.15,305.25,305.42,304.62,304.05,304.25,306.37,304.32,306.89,308.15,306.87,305.99,308.74,306.05,305.87,304.32,308.22,306.95,306.85,307.55,308.24,307.75,305.87,303.4,302.8,301.05,303.64,304.27,304.45,307.99,305.52,304.4,304.65,305.27,303.75,303.14,305.47,306.25,306.35,306.14,305.5,305.39,304.82,306.17,305.4,305.6,307.6,306.17,307.55,306.87,305.82,305.99,306.82,306.2,307.3,305.72,305.97,305.92,306.12,305.62,306.42,306.3,306.95,307.72,306.82,306.02,306.57,307.07,306.77,305.45,306.6,305.37,307.45,306.75,306.52,306.22,306.12,307.87,306.35,307.52,308.27,308.4,306.1,305.92,307.62,309.82,307.17,304.52,306.15,306.39,306.22,306.0,304.77,305.17,305.77,305.82,307.02,304.95,305.75,305.17,306.47,305.3,305.1,305.07,306.37,306.65,304.92,306.52,305.67,302.6,301.7,303.32,303.49,303.57,303.47,303.02,302.5,303.2,302.5,304.05,303.42,302.92,303.77,303.82,304.17,301.49,299.7,299.5,301.32,299.2,298.67,297.2,297.6,296.45,296.27,296.6,296.82,296.45,296.77,296.55,296.7,295.4,295.2,295.7,294.97,294.07,293.37,293.82,293.67,292.54,292.14,292.07,291.42,291.5,291.82,292.95,294.39,294.55,295.5,297.92,299.82,300.45,301.97,301.17,301.37,300.07,296.87,294.3,292.42,293.92,292.15,291.24,291.95,294.74,293.72,294.52,296.37,300.14,300.25,298.55,293.75,291.15,290.8,290.24,289.1,287.2,286.77,291.25,291.05,293.87,295.22,296.52,296.87,294.75,292.77,295.12,297.55,298.15,296.57,295.95,297.95,297.7,294.7,291.99,291.35,294.05,296.95,292.89,288.42,286.87,286.82
285.53,284.9,285.4,287.93,290.62,286.13,285.6,285.45,285.32,285.38,283.2,283.0,283.02,282.38,284.12,290.03,290.97,292.95,295.78,297.6,294.05,288.35,287.7,286.65,287.52,289.75,286.55,285.75,286.5,287.52,286.8,286.5,287.77,288.55,288.03,288.1,287.63,289.68,288.2,285.82,284.63,286.75,288.2,289.15,290.97,294.25,295.85,295.0,295.85,296.12,298.87,299.55,296.18,293.43,294.0,296.13,296.65,294.68,294.12,293.57,296.68,296.45,296.05,297.07,297.3,297.7,299.8,301.68,297.78,292.6,293.85,296.87,302.27,301.62,298.05,303.7,295.95,292.8,292.32,292.02,292.93,294.38,300.32,299.0,301.7,302.53,299.25,301.05,302.82,296.82,295.25,297.6,301.63,305.03,304.2,306.62,306.45,306.77,304.65,305.08,307.15,304.75,304.5,304.03,303.57,300.68,302.33,302.5,301.33,303.32,301.87,301.8,300.07,299.9,300.6,299.7,299.35,298.1,298.37,299.37,301.43,304.55,304.77,303.7,305.85,307.32,305.47,306.45,306.43,307.75,306.43,308.93,308.98,308.87,306.22,304.03,302.73,302.28,302.35,301.8,302.75,304.25,306.2,307.05,307.25,306.9,308.87,307.2,305.73,306.32,308.23,308.0,307.05,307.95,307.45,307.25,307.32,308.4,305.28,305.97,308.87,309.03,306.3,305.6,306.7,307.38,307.18,305.15,304.72,304.43,303.95,305.28,303.57,304.05,304.9,306.53,306.9,307.5,306.6,303.1,303.15,305.97,306.85,306.1,307.05,304.15,304.32,306.2,306.12,307.35,310.2,308.3,308.18,308.17,307.65,307.95,309.93,308.05,307.87,307.55,307.3,307.82,308.8,307.9,304.95,304.43,306.0,305.0,306.9,308.82,309.93,308.1,306.2,308.1,307.9,308.18,306.63,306.95,306.82,307.4,307.93,307.38,310.12,309.52,309.85,305.7,307.25,307.97,307.3,307.85,307.18,309.5,306.18,305.82,307.32,308.22,307.55,305.47,305.25,304.93,304.35,304.65,305.4,306.22,306.57,308.27,307.65,306.07,306.35,306.35,308.43,306.85,305.4,303.95,304.95,306.58,306.8,305.32,304.75,305.12,306.18,305.52,306.47,305.47,306.2,306.93,306.68,306.58,306.97,304.8,308.13,304.3,306.3,304.75,303.8,303.65,302.35,302.05,301.93,302.38,304.37,304.0,303.78,303.45,303.88,303.68,301.87,299.85,298.47,298.9,298.25,295.95,296.95,296.87,297.28,297.2,295.38,295.5,296.0,295.12,296.07,294.73,293.05,294.07,295.65,296.43,297.85,297.93,296.25,297.93,296.33,295.8,294.5,294.55,293.63,291.78,293.25,292.78,300.65,300.65,301.7,297.63,298.25,295.2,299.32,296.53,292.9,292.8,297.3,297.22,296.55,296.82,291.55,290.22,297.18,290.52,289.93,295.1,293.32,297.1,296.7,293.45,295.87,297.35,298.37,299.32,298.73,297.18,296.43,294.53,290.52,289.3,290.8,294.5,292.97,293.6,287.85,286.12,286.15,286.6,287.65,292.1,292.35,292.3,291.07
292.8,287.18,287.57,288.4,293.1,295.27,297.15,296.45,296.32,297.28,294.95,298.43,299.13,297.0,296.57,295.25,294.3,296.15,295.85,294.27,295.88,293.9,293.97,296.93,290.3,286.82,284.82,282.72,283.7,288.32,291.68,294.37,295.97,285.43,284.85,290.85,296.03,298.78,293.82,294.88,295.67,299.1,290.22,289.95,297.5,296.45,297.85,294.93,290.78,288.93,288.82,294.95,296.47,298.38,292.5,291.93,296.3,298.35,295.25,291.8,289.5,289.82,289.43,293.18,292.52,291.95,292.0,290.7,290.55,290.7,290.8,290.35,293.32,296.6,296.72,298.18,296.15,295.65,300.88,297.82,302.07,302.0,298.25,292.68,291.85,293.15,293.48,298.15,301.7,304.63,302.1,300.43,300.72,301.27,301.2,302.6,300.85,299.75,300.93,303.3,308.43,308.6,306.87,305.18,304.93,304.53,303.13,300.12,299.95,303.27,303.75,305.2,305.7,305.4,303.2,299.77,298.9,298.65,298.3,298.93,298.4,298.6,298.3,298.93,299.5,301.33,303.32,305.05,304.85,306.07,304.37,305.5,305.18,304.32,303.8,303.28,304.5,305.85,307.45,302.85,302.2,302.55,303.4,304.47,306.15,307.13,311.07,309.38,307.0,306.97,308.47,307.35,304.08,304.87,304.9,308.18,308.95,307.18,306.38,307.93,305.1,307.97,307.38,307.85,310.65,309.8,308.47,308.12,308.03,307.07,310.22,308.22,306.43,307.6,307.95,306.07,306.57,306.87,305.43,305.07,304.7,306.32,306.22,305.65,305.72,307.35,306.6,307.25,306.88,308.25,307.7,306.5,306.18,305.35,305.68,309.4,306.03,304.25,305.72,305.6,307.2,307.43,307.05,307.1,305.27,305.7,304.45,306.55,305.88,305.15,305.18,303.9,304.95,307.0,306.6,309.08,308.48,306.9,306.78,307.08,307.73,306.58,307.43,306.58,306.71,306.98,307.33,307.15,306.5,306.25,305.88,305.78,306.35,305.93,305.15,305.38,304.8,304.9,305.15,306.43,307.18,306.18,305.38,304.16,304.38,305.38,305.95,305.73,305.9,304.73,303.93,304.75,305.38,306.21,305.55,305.5,306.35,305.3,306.05,305.3,304.55,304.63,305.75,305.46,304.96,305.33,305.71,305.58,303.83,302.3,303.38,301.95,302.28,302.78,302.88,302.05,302.08,302.55,302.73,302.23,301.75,300.48,299.96,300.35,301.08,299.25,298.58,300.43,300.8,300.48,300.28,299.98,300.8,301.03,299.93,299.75,300.68,301.98,300.4,301.33,302.25,301.38,303.03,303.63,301.68,303.0,300.21,297.58,295.91,297.83,301.85,301.46,297.8,295.88,297.96,297.15,298.15,298.35,296.4,297.1,295.88,296.3,295.18,292.8,292.63,295.31,300.08,295.73,298.48,299.83,298.68,297.75,297.35,297.33,294.65,296.0,295.48,296.43,293.43,292.68,296.08,294.96,296.23,292.13,294.4,292.63,290.0,285.98,286.18,287.7,288.66,286.18,285.53,285.8,287.08,285.91,292.18,292.03,282.93,280.23,279.05,280.93,288.18,290.78,293.5
291.53,292.63,295.4,291.38,291.18,286.45,284.86,283.78,283.85,284.95,285.4,287.95,288.88,290.6,293.73,296.15,295.23,294.75,293.68,296.43,293.13,286.4,285.95,289.35,288.73,287.9,292.45,288.9,293.45,290.68,292.08,290.03,287.08,285.8,285.88,287.3,286.98,286.58,287.73,294.38,290.18,290.43,299.21,294.6,289.58,289.3,292.23,292.23,287.58,291.8,293.13,294.18,298.46,299.53,300.23,299.3,300.33,302.68,303.48,302.13,299.43,297.1,286.93,285.33,285.93,288.45,291.48,291.83,292.78,295.28,297.98,294.75,294.75,295.35,294.71,294.28,294.05,293.38,292.68,293.13,295.56,297.65,300.93,297.83,299.83,301.25,302.98,303.98,303.08,306.56,302.65,301.81,301.0,299.03,297.25,296.18,296.96,302.05,303.96,305.28,306.25,305.68,305.25,304.0,302.75,303.3,305.78,305.0,305.46,302.41,299.08,300.63,300.68,302.5,301.43,303.16,301.0,301.21,304.98,305.08,304.43,302.85,303.6,309.21,307.28,306.88,306.05,304.83,305.28,306.88,310.23,310.8,308.18,307.21,309.63,309.5,307.68,306.98,307.1,307.73,305.1,306.6,307.93,306.53,305.33,304.25,309.38,304.15,306.03,305.75,305.73,305.23,304.85,307.13,307.48,306.4,306.63,306.93,306.96,308.28,306.93,307.18,306.38,307.98,308.03,307.46,308.05,308.43,307.28,306.98,306.75,310.53,307.1,306.25,305.6,307.38,309.3,305.85,304.75,306.85,306.71,306.98,306.46,305.88,304.8,305.08,304.5,303.2,306.05,303.9,305.55,308.71,307.43,307.5,305.23,306.93,308.08,307.23,306.46,307.43,304.78,305.68,305.13,305.83,304.03,303.18,305.46,305.75,306.85,307.63,307.93,307.73,309.0,306.55,308.82,308.18,308.3,307.57,308.08,306.45,306.22,307.22,307.52,307.75,307.22,308.8,307.28,307.1,308.13,307.9,308.13,307.63,305.15,304.37,304.47,305.62,305.28,303.45,303.88,302.77,304.72,304.38,306.35,306.57,305.95,305.32,304.82,305.18,302.43,301.77,301.3,301.23,301.1,300.38,300.6,299.8,299.43,300.0,301.13,301.25,303.85,303.93,304.72,304.18,304.12,306.03,306.47,303.0,304.5,306.8,306.6,304.18,304.95,303.25,303.5,304.93,303.0,300.4,299.35,298.55,298.52,298.43,298.32,297.55,298.43,301.68,301.22,300.65,301.55,300.95,298.2,297.43,297.75,298.37,300.18,299.83,299.2,298.53,297.43,298.15,301.4,302.25,304.1,298.25,302.55,300.03,295.85,298.82,301.63,300.98,301.6,300.22,299.4,297.85,298.9,298.78,300.95,300.22,297.85,299.0,297.05,295.57,295.5,294.07,291.82,291.62,289.7,289.87,289.88,289.72,288.4,288.85,290.27,289.88,291.35,292.2,291.72,291.63,294.28,295.3,295.6,295.08,296.32,296.82,295.95,296.7,300.1,293.18,290.07,289.55,292.15,294.95,292.65,294.3,293.97,294.22,293.13,292.9,293.95,294.57,294.6,296.57,294.37,294.65,291.32
287.93,285.18,284.32,284.45,284.75,283.82,283.1,284.95,284.8,284.65,285.47,285.63,287.75,288.07,286.43,285.05,284.68,284.5,288.88,290.87,283.72,282.18,286.47,290.55,293.43,292.3,295.05,296.82,295.63,292.5,294.1,296.1,297.12,295.47,296.9,298.47,298.93,299.95,298.8,300.2,300.22,295.32,290.32,286.85,286.82,294.65,294.62,296.93,298.88,301.58,302.47,299.75,298.85,295.47,298.37,300.0,298.1,295.0,298.18,298.4,301.63,299.8,299.1,304.35,300.47,300.52,300.97,299.85,295.43,291.87,290.82,293.25,297.82,296.25,297.97,297.43,298.57,299.28,299.87,301.22,299.18,298.15,297.98,299.03,302.55,302.6,301.95,303.55,299.47,300.85,300.25,296.75,297.05,302.18,304.27,301.82,298.53,296.95,299.08,302.95,301.75,305.05,304.35,305.25,303.18,306.95,305.87,305.22,304.68,303.75,301.88,300.6,300.88,301.46,302.46,303.05,303.75,303.13,304.48,303.18,304.3,305.03,305.46,305.03,304.18,304.95,303.93,304.08,302.75,302.23,303.13,303.23,302.7,303.58,304.1,304.43,307.15,307.18,306.35,308.95,307.28,304.13,303.73,304.55,304.4,303.1,304.68,306.93,307.38,306.38,305.8,305.68,306.75,305.35,304.78,307.03,305.28,305.1,305.85,307.08,306.93,306.9,308.25,307.25,307.48,309.75,307.4,306.56,304.78,305.3,306.58,306.55,307.38,306.0,305.96,305.08,306.93,304.38,303.93,302.53,303.53,306.75,306.9,306.21,306.05,310.53,305.75,305.96,306.13,307.78,307.0,306.88,305.58,306.05,306.98,308.08,305.85,303.58,302.28,303.65,303.23,303.38,304.55,305.33,305.9,307.46,307.35,307.7,307.7,306.21,309.43,307.23,305.21,305.3,305.73,305.85,306.93,306.8,308.65,308.46,309.06,308.75,307.73,304.48,304.1,306.1,307.13,306.38,305.0,306.4,306.3,305.0,305.16,305.55,307.05,306.85,307.68,307.73,307.43,308.25,307.6,306.08,307.55,306.0,308.03,308.0,306.6,305.18,305.75,306.28,306.0,303.33,301.88,301.5,303.16,304.23,303.73,303.6,303.5,303.6,304.21,303.98,304.3,304.18,304.03,303.83,304.38,305.93,305.96,304.0,304.48,304.35,304.9,305.63,305.25,304.88,303.18,302.8,302.18,301.65,302.7,302.18,304.63,304.3,304.48,304.98,302.83,302.18,301.03,302.5,301.5,300.58,298.63,297.4,297.3,296.06,295.25,294.3,295.88,295.83,295.4,295.48,294.35,293.63,293.78,294.33,293.38,294.5,295.38,292.5,292.9,291.58,291.4,291.4,291.73,291.58,291.98,293.1,292.85,294.58,297.1,296.41,293.88,292.65,293.68,294.85,297.73,297.93,298.93,296.68,298.38,296.63,299.08,301.8,302.81,300.66,299.28,295.03,293.6,293.1,292.35,294.93,293.81,297.46,298.0,296.35,289.95,288.33,289.28,291.13,290.75,290.85,286.85,285.85,285.1,285.95,286.18,286.43,284.63,285.2,290.85,292.9,294.43,294.63,296.18
290.38,288.72,293.2,292.03,292.43,293.28,297.5,298.78,294.3,288.68,285.68,287.08,286.05,287.5,292.0,291.78,292.5,295.15,296.05,297.68,298.18,293.4,289.15,291.9,292.43,296.8,293.53,298.06,298.13,299.65,295.4,288.8,286.23,286.78,289.91,295.28,291.93,289.93,287.1,285.83,288.2,293.23,295.08,295.85,299.03,296.46,297.48,300.88,298.63,299.7,299.13,299.98,300.75,297.9,293.4,296.25,295.78,296.68,294.75,301.28,301.8,303.73,302.66,300.53,301.73,293.53,285.75,288.28,289.66,298.28,296.53,296.13,295.68,299.95,295.28,294.98,297.33,299.65,299.53,300.65,302.98,300.53,299.36,296.2,297.68,295.55,293.78,293.43,297.43,295.58,296.35,295.9,295.96,298.65,298.35,299.85,301.23,299.91,302.4,301.3,300.3,298.33,299.53,301.05,299.68,298.18,297.83,298.48,300.5,301.05,303.58,302.48,304.96,304.6,305.28,303.63,303.33,301.13,300.93,300.35,303.68,303.21,303.98,305.85,305.58,304.85,305.05,304.4,303.53,304.28,303.48,305.35,304.35,304.21,304.46,305.83,308.1,305.0,303.08,302.93,303.93,304.98,303.21,304.08,303.81,305.1,303.43,303.46,303.45,304.43,306.78,306.83,309.48,309.75,307.35,309.58,307.98,306.28,306.8,305.13,305.35,305.03,304.58,307.46,305.25,305.7,305.6,302.58,302.0,303.6,303.68,302.21,302.5,303.13,303.93,304.1,304.18,305.25,304.46,305.35,303.53,303.63,305.66,305.88,305.98,305.08,305.93,304.43,303.05,302.78,304.03,306.68,307.53,307.46,307.03,306.85,305.3,303.88,305.6,305.65,305.3,306.71,306.56,306.53,304.63,304.13,305.96,304.73,303.73,305.03,306.35,306.18,307.06,309.38,307.23,307.03,306.93,307.4,306.38,306.4,306.18,306.33,309.0,309.35,306.88,308.66,307.23,307.18,305.03,306.9,308.58,306.93,307.55,306.65,306.88,306.06,305.3,305.88,306.03,305.5,307.28,306.25,306.25,307.63,305.88,306.03,305.68,305.05,302.8,302.25,303.43,304.08,304.48,304.73,304.58,307.68,306.3,307.18,305.35,305.46,304.8,306.68,306.66,307.28,306.5,308.23,305.55,307.05,307.43,306.08,308.28,305.75,304.8,303.23,306.6,303.66,301.66,300.38,302.08,305.88,303.25,304.15,302.6,302.85,301.48,300.83,298.83,299.55,304.0,304.15,299.43,297.63,298.6,300.23,301.93,300.85,299.75,297.73,298.18,298.0,297.35,295.4,294.28,296.85,295.8,297.06,295.7,296.43,295.98,295.0,292.3,290.36,290.93,291.2,290.68,290.03,291.63,291.18,289.78,290.3,289.03,289.75,289.88,289.13,288.5,290.2,291.4,291.6,289.91,289.43,289.33,290.95,289.0,287.75,288.18,289.48,287.1,286.43,287.1,287.38,290.73,288.35,284.81,288.45,290.9,290.4,292.43,293.33,291.81,290.5,292.23,293.15,291.13,290.78,294.36,295.23,293.83,297.03,292.88,286.65,284.05,285.65,284.2,283.93,283.8
284.9,285.35,284.43,283.5,284.65,285.23,285.85,287.03,287.66,286.65,285.18,284.43,284.0,286.0,285.63,285.85,285.58,285.3,285.41,285.05,284.93,286.08,288.75,292.85,296.28,298.13,298.8,296.6,294.55,293.88,297.3,299.0,299.75,294.28,294.93,296.78,296.65,298.9,296.65,291.13,290.13,290.98,289.06,288.73,289.8,292.0,292.48,291.75,292.28,295.23,298.28,300.0,293.88,287.9,286.93,287.63,289.73,291.2,290.03,289.93,289.75,290.38,291.38,292.25,294.48,294.8,299.73,293.28,289.81,289.93,291.66,292.66,291.7,291.0,292.7,295.88,296.73,300.33,299.53,301.35,305.33,301.03,298.58,301.75,299.68,301.18,303.33,305.25,306.13,304.55,304.33,302.96,308.5,304.25,305.73,303.25,307.18,303.43,301.48,301.28,300.21,299.08,299.25,301.3,301.81,302.35,303.21,302.35,306.0,307.0,307.03,307.13,307.25,306.18,304.13,302.25,301.88,303.88,302.83,302.18,303.08,305.85,305.53,304.3,306.8,305.85,308.08,306.73,302.65,298.41,296.95,297.98,299.85,301.43,302.88,302.68,303.25,304.83,303.96,307.48,306.48,307.65,308.33,310.05,308.85,308.5,307.0,308.33,310.75,307.71,308.21,309.21,306.9,304.21,305.25,304.1,305.48,307.21,306.21,306.66,307.23,307.08,307.18,306.13,307.25,306.93,308.5,306.13,305.08,305.53,306.73,304.93,305.15,305.85,305.91,305.9,303.8,305.96,305.98,307.5,306.46,306.91,309.38,309.33,309.3,308.65,307.3,307.05,305.83,306.68,306.43,304.28,305.38,305.28,305.25,305.73,304.75,305.6,304.28,303.85,304.63,306.23,306.66,306.6,307.0,307.38,306.75,307.03,306.63,306.85,307.28,307.9,308.13,307.35,305.6,306.03,304.68,304.91,306.08,307.78,306.8,305.96,306.4,307.48,308.35,307.3,307.73,306.33,306.23,306.28,307.35,305.63,305.75,304.53,307.75,306.9,305.65,305.18,305.68,305.1,306.93,307.48,306.71,306.88,305.75,305.93,305.45,305.0,304.21,306.28,306.96,305.31,305.35,305.48,305.4,303.4,302.48,302.38,301.15,301.1,300.5,299.63,299.05,300.03,300.35,301.78,302.3,302.6,302.75,304.83,303.75,303.4,301.88,300.25,300.5,300.73,300.21,300.55,298.23,297.53,298.58,300.33,298.93,301.15,300.3,299.66,302.15,300.03,300.1,301.9,303.83,304.28,304.5,304.73,303.5,303.28,305.55,304.53,304.06,303.85,299.2,298.96,303.25,301.93,298.55,297.73,299.8,299.68,299.75,294.73,293.31,294.0,294.58,294.48,294.3,293.95,293.95,297.8,300.05,299.9,301.0,301.21,302.08,297.5,294.3,294.1,295.05,294.95,294.03,293.5,295.5,294.15,296.0,299.43,299.91,298.18,294.71,295.13,294.85,294.15,291.88,291.63,289.2,289.08,291.18,290.25,287.78,287.45,286.73,291.78,295.88,298.25,291.98,289.58,287.93,286.75,285.53,286.53,289.03,294.53,289.05,287.1,292.5,291.3,286.78
286.05,283.38,282.03,285.57,292.93,293.03,289.62,285.35,285.77,285.8,286.55,286.72,286.37,286.68,286.4,289.28,286.35,285.18,284.27,283.62,283.63,283.37,284.03,287.37,283.35,283.75,284.2,284.02,284.03,284.9,285.5,286.07,290.35,294.13,292.1,291.97,288.35,287.43,287.25,286.82,287.05,287.3,287.25,288.53,290.28,291.27,291.23,296.08,287.95,284.55,287.13,286.5,288.03,289.25,290.35,291.28,291.32,293.55,297.25,293.5,293.37,295.7,298.43,298.25,297.98,295.35,294.97,293.07,295.0,295.05,297.05,296.1,295.4,294.43,295.07,296.12,302.22,303.51,302.18,302.55,303.31,299.33,299.87,299.66,302.43,297.18,297.33,298.72,294.55,293.35,296.68,299.15,298.97,299.83,296.07,295.05,294.35,294.93,296.15,299.68,302.43,302.9,300.68,303.88,302.43,301.1,300.63,304.1,304.5,307.77,307.46,307.21,308.15,306.78,305.25,299.18,298.15,299.6,300.22,301.01,302.6,303.6,302.25,302.05,301.98,303.4,305.38,306.38,306.65,306.98,305.53,307.5,306.83,307.5,305.85,307.53,307.72,308.15,307.55,306.03,308.01,309.22,307.93,309.78,308.68,308.58,308.83,308.43,308.46,309.05,305.83,304.73,306.08,306.48,309.53,307.88,307.78,309.15,309.25,307.28,309.68,309.56,308.6,309.32,311.03,310.47,307.91,308.3,310.03,305.3,303.63,304.1,304.53,305.13,305.43,307.45,306.28,304.38,306.68,307.03,307.0,308.35,308.15,308.16,307.53,307.48,305.9,304.88,307.48,306.4,306.65,306.55,305.65,306.65,306.28,304.53,307.25,306.25,305.35,304.95,305.83,306.82,307.13,305.56,307.8,307.48,306.93,306.45,306.33,309.63,306.73,305.82,304.85,306.25,306.6,304.03,303.03,303.2,305.73,306.48,305.73,304.65,304.03,304.57,306.18,308.77,307.25,305.55,306.28,306.35,305.23,305.48,306.22,305.85,305.86,306.85,307.2,306.33,305.88,305.85,305.95,306.78,306.43,306.03,306.07,305.13,304.6,304.47,303.08,301.83,304.93,305.98,304.35,303.8,303.83,306.05,306.65,306.88,306.48,307.03,304.75,303.73,303.15,305.1,304.28,303.23,303.78,304.35,304.3,304.13,304.0,306.68,305.3,305.25,304.88,304.41,303.71,303.71,303.35,303.03,304.98,304.73,305.63,302.56,302.1,300.13,295.93,295.53,298.5,299.48,299.21,299.33,297.93,296.9,296.96,297.1,296.41,297.6,298.25,296.88,296.96,298.5,298.55,297.35,296.13,295.33,295.78,297.41,298.63,300.35,300.21,299.8,296.25,295.21,294.18,294.1,293.3,292.55,292.23,292.25,292.6,294.38,294.88,294.65,297.55,297.33,297.48,300.33,300.46,300.43,302.08,302.58,299.91,299.43,300.08,299.03,298.55,293.2,290.53,286.73,288.95,289.08,290.2,296.23,299.68,294.25,294.35,298.5,296.65,296.33,298.53,294.46,290.9,291.38,287.48,284.08,284.73,284.93,286.03,290.05,291.55,292.08,292.91,295.4,289.38
288.22,288.25,291.05,291.88,294.2,294.75,295.45,296.6,295.7,298.43,296.55,296.3,294.7,293.5,301.28,295.93,293.73,293.8,293.22,294.05,290.9,286.02,282.33,285.97,293.66,292.7,295.98,290.5,288.63,290.53,293.15,295.43,295.58,297.35,299.35,301.0,302.83,304.18,299.88,292.33,288.05,289.43,296.45,297.28,295.3,291.11,290.75,293.28,298.53,298.68,296.33,295.8,296.15,291.25,288.95,293.1,292.28,289.83,289.28,291.78,295.96,298.8,298.43,299.6,298.63,295.5,291.63,288.88,289.13,292.5,295.23,296.71,297.13,296.03,295.53,298.88,299.81,297.71,295.63,299.28,301.8,300.25,297.43,299.4,299.48,299.56,297.5,299.41,300.48,303.4,302.98,302.75,301.35,302.73,300.3,300.58,301.58,304.46,301.81,300.83,299.83,302.53,301.05,301.21,304.83,304.06,303.08,302.4,300.98,301.81,304.21,300.65,301.23,300.33,300.05,301.33,303.28,306.21,307.85,308.9,307.08,302.28,301.08,300.13,304.55,303.38,301.73,302.63,301.25,301.66,301.1,303.35,305.63,305.28,304.28,304.21,302.4,303.55,303.0,302.88,301.66,301.23,301.98,301.8,302.6,302.68,302.85,303.78,303.78,304.5,303.65,304.33,305.28,305.13,305.1,306.78,309.48,307.28,307.9,306.4,305.75,306.31,305.56,304.58,303.43,302.98,303.48,304.18,303.0,302.33,301.71,307.46,309.93,305.33,307.8,306.08,305.53,305.8,308.53,307.88,305.73,306.28,308.0,306.85,308.18,306.93,306.58,306.81,305.85,305.65,306.15,306.48,307.28,307.85,307.25,307.21,306.35,304.96,304.6,304.5,304.1,303.8,303.9,303.65,305.05,305.23,303.88,304.05,305.4,306.55,304.23,303.78,304.96,305.6,303.93,305.13,304.78,304.75,306.8,306.5,304.8,304.96,304.93,304.8,303.96,304.3,304.88,305.28,306.25,306.98,307.0,307.08,306.35,307.28,308.33,306.85,305.71,306.05,306.38,305.21,305.53,305.6,305.21,305.58,302.1,305.06,305.23,305.3,305.0,305.63,305.93,305.1,305.8,306.71,307.83,307.03,306.48,307.02,306.95,306.52,304.55,304.12,305.92,308.02,308.3,305.52,305.97,304.83,304.15,303.22,302.02,302.95,302.45,301.78,302.17,302.92,305.2,305.47,302.02,300.75,301.07,299.15,297.67,298.18,300.22,301.87,302.75,303.5,304.6,304.9,303.52,303.27,304.75,302.65,303.12,302.97,301.15,302.47,300.08,303.45,303.65,301.0,298.5,295.05,293.15,292.57,292.62,296.22,295.92,302.55,298.28,297.27,303.3,299.97,297.0,297.65,296.58,295.4,293.62,289.4,288.32,289.25,291.1,292.57,291.65,291.02,289.47,290.52,290.25,289.22,289.12,288.77,289.05,288.95,292.57,292.12,289.1,293.95,293.22,289.1,287.07,288.62,286.95,287.53,288.37,289.4,293.57,294.65,294.58,292.02,290.1,291.15,295.28,298.03,298.12,293.87,293.62,292.32,290.55,294.57,299.35,295.12,291.57,290.5,289.78
295.5,296.05,290.68,288.8,292.7,296.07,296.97,295.7,297.4,298.83,294.15,297.33,291.42,289.77,294.37,289.72,285.72,285.8,288.85,293.45,295.0,295.95,297.67,296.72,296.58,296.2,297.87,300.12,294.65,293.03,290.45,292.35,293.57,294.52,292.17,292.72,290.87,291.1,294.25,296.28,295.22,295.3,294.97,295.3,296.4,295.3,297.8,298.32,301.33,302.0,306.58,301.8,303.67,306.67,305.87,298.9,296.72,295.42,295.37,298.47,297.72,298.6,300.6,302.25,301.7,302.52,300.8,300.93,299.4,301.1,300.9,300.05,299.15,299.7,297.87,296.95,294.37,291.27,289.75,290.52,291.22,292.57,294.7,295.03,296.1,296.4,297.02,300.3,300.75,301.72,301.72,301.47,299.27,299.42,299.65,301.0,299.67,298.12,300.4,303.37,303.8,303.12,307.9,309.52,308.35,304.7,304.27,304.9,308.0,307.62,306.72,304.77,306.6,308.22,307.83,306.87,306.93,304.67,304.75,302.15,301.85,302.95,306.95,307.83,306.35,307.45,309.42,305.4,305.8,305.22,306.52,307.0,307.12,305.22,306.52,309.33,307.95,306.0,305.22,304.72,306.75,305.97,304.37,305.37,304.35,302.72,301.08,300.9,303.15,306.67,305.3,302.7,305.47,308.37,308.05,311.12,308.7,309.0,306.2,305.72,306.0,310.12,310.17,307.47,307.65,308.05,305.97,305.92,306.42,307.08,308.27,307.95,309.62,310.45,311.9,308.6,308.75,307.6,310.15,309.12,309.5,310.0,309.37,308.65,307.55,306.05,302.95,302.37,303.52,303.85,304.75,306.15,305.55,303.97,305.22,305.47,306.25,306.05,306.47,306.58,306.5,305.17,307.83,308.92,305.7,304.4,305.35,307.2,308.45,308.0,308.6,307.62,307.25,306.12,306.72,306.35,307.1,308.37,309.12,308.2,308.27,305.27,304.27,305.6,308.67,307.0,307.52,306.97,306.45,305.6,306.95,306.67,307.12,307.55,305.62,304.95,307.72,308.97,307.87,305.87,304.92,306.75,307.35,306.45,307.33,308.1,307.97,307.35,308.12,307.25,308.37,306.08,307.15,306.47,306.45,306.45,304.08,305.12,305.0,305.93,306.65,306.15,304.08,300.7,299.45,300.05,300.83,303.87,304.8,304.3,306.47,305.3,306.35,306.05,303.65,304.33,302.95,303.02,302.45,303.1,303.3,302.8,303.2,305.67,305.7,305.5,305.97,303.8,303.42,305.55,305.37,303.95,303.37,301.87,302.65,301.58,300.5,301.5,303.27,302.15,298.45,295.22,293.95,294.47,300.85,302.28,301.92,300.8,298.72,297.22,299.58,300.25,299.6,303.0,302.58,300.7,297.75,295.05,298.05,299.33,301.75,298.6,297.78,295.05,295.15,295.3,296.95,298.02,297.0,297.47,298.05,298.68,299.02,293.67,294.18,294.65,295.17,297.72,291.42,290.0,288.22,287.65,287.57,288.4,291.93,291.62,290.35,294.47,295.6,294.92,292.47,290.2,291.52,292.3,293.05,295.22,296.2,298.02,296.5,296.03,295.97,285.7,282.37,284.52,286.25
287.67,289.65,292.65,288.43,286.05,286.47,286.72,285.95,284.9,283.62,289.07,286.77,286.2,283.9,283.82,284.82,287.42,288.18,287.25,289.02,290.12,290.97,291.65,292.65,296.05,297.12,295.85,298.95,301.95,300.15,300.9,301.22,298.95,298.1,296.2,292.05,288.87,287.92,287.9,289.15,288.67,291.3,294.17,298.3,297.12,291.97,293.4,298.15,299.42,295.85,293.67,295.08,293.52,292.02,294.12,288.8,288.45,289.72,292.35,296.87,297.95,298.37,300.7,301.25,302.67,301.33,300.75,298.22,299.1,301.08,299.43,299.7,299.3,301.92,302.08,299.72,301.0,302.52,300.45,301.17,303.5,301.95,300.8,298.22,297.03,298.35,300.83,301.52,301.57,301.2,296.05,295.03,292.12,291.9,292.9,293.92,296.45,296.9,293.62,294.17,297.22,297.4,298.62,300.17,303.9,304.25,301.72,303.87,300.92,302.1,303.22,303.72,305.9,306.0,306.22,305.9,302.65,300.75,300.1,300.62,305.43,306.12,305.85,307.35,307.83,306.9,308.22,308.72,306.75,307.17,307.33,303.33,303.27,303.3,303.75,304.37,302.7,302.17,303.02,304.25,306.97,307.3,307.2,306.0,306.67,308.4,307.37,307.05,305.95,304.97,305.05,304.9,304.55,308.2,308.68,308.9,310.35,311.45,310.37,310.47,310.6,309.8,310.77,306.5,306.52,308.83,308.58,310.03,308.97,310.62,305.33,303.45,303.53,304.2,303.77,304.05,303.12,303.6,304.67,303.77,303.65,303.78,302.08,303.35,304.77,307.9,305.58,305.97,307.22,306.12,306.8,307.08,307.15,305.1,305.27,305.0,308.23,307.27,307.75,306.6,306.35,306.7,307.35,306.6,305.45,307.83,308.1,307.62,307.25,306.2,306.1,307.9,307.2,307.2,307.67,307.0,307.05,305.67,305.45,306.1,306.08,306.55,306.0,306.35,306.1,305.47,305.9,306.12,307.18,307.05,304.47,305.03,307.4,305.65,305.95,305.47,307.37,306.47,305.92,304.45,304.15,303.67,304.37,305.08,304.72,304.95,304.35,304.2,303.92,302.9,302.65,303.2,304.83,304.7,304.65,304.4,304.0,304.25,303.67,303.67,302.55,302.55,301.6,303.07,302.77,302.37,300.67,301.33,300.87,300.45,300.95,301.42,301.57,301.17,301.25,303.0,302.9,305.57,304.17,302.03,301.87,302.2,301.83,299.77,297.45,296.0,297.22,297.9,300.92,300.87,298.45,298.12,297.87,297.52,297.12,295.95,296.58,299.37,300.02,300.12,299.6,298.67,296.52,299.0,300.67,300.77,298.55,297.0,297.5,301.02,299.65,297.05,295.97,294.52,293.65,294.4,295.3,292.05,290.27,294.05,296.37,294.02,294.43,295.62,292.5,293.57,292.3,291.8,290.9,291.1,289.5,290.42,292.57,295.9,290.5,288.47,288.62,289.15,289.07,288.92,288.87,289.6,287.55,287.27,286.17,286.42,287.3,286.02,287.02,286.12,287.28,287.22,277.5,281.8,286.53,288.87,285.85,285.05,286.2,286.27,286.4,289.6,290.27,287.53,286.1
285.7,285.75,285.98,285.65,285.82,284.0,288.55,286.08,285.7,283.9,282.9,282.8,282.68,282.25,287.13,288.82,288.45,289.75,293.38,291.68,291.0,291.7,293.37,295.83,290.5,287.75,290.65,296.22,293.7,289.38,287.7,284.53,285.57,293.18,297.42,299.45,290.65,286.25,289.63,288.68,289.72,295.28,295.8,297.75,296.72,297.35,296.77,295.95,297.72,294.8,295.82,297.2,300.13,297.65,294.3,293.5,297.0,297.45,293.15,299.47,294.33,292.3,290.75,292.7,292.87,298.2,300.45,293.85,290.6,287.78,287.38,288.88,290.1,290.62,291.43,291.65,291.75,291.65,292.35,293.43,294.15,294.53,294.38,295.1,297.72,297.18,299.43,300.97,301.8,301.8,301.35,303.07,303.88,305.85,306.68,306.68,305.8,306.4,303.38,302.12,300.6,301.2,305.8,303.32,301.13,304.8,301.68,297.32,296.1,303.35,301.5,303.47,303.95,304.28,305.35,306.33,308.05,309.43,305.6,305.47,306.0,306.88,307.45,305.82,306.63,306.8,303.9,305.78,304.07,304.03,302.85,305.68,303.45,299.1,299.68,303.18,303.9,303.25,303.57,302.72,304.47,305.82,307.4,309.58,309.95,307.28,305.32,306.68,306.5,306.4,307.87,309.25,307.45,304.97,304.93,305.4,305.07,308.75,309.25,305.65,306.35,306.48,306.35,307.78,309.75,306.35,304.75,305.12,304.68,305.87,307.68,307.2,305.52,303.2,304.43,306.57,306.22,307.07,308.53,307.8,308.22,306.35,306.68,305.63,304.05,304.4,304.6,305.35,304.8,306.18,306.1,304.37,305.27,305.55,305.15,306.77,305.1,306.05,307.57,306.75,307.93,308.65,308.97,308.05,307.3,304.97,305.22,305.52,306.82,307.05,308.35,306.18,307.15,307.53,306.33,304.7,306.4,307.5,308.52,307.28,306.32,305.35,307.07,306.88,306.83,306.32,305.02,305.92,305.85,305.72,304.95,305.07,305.75,304.18,304.93,306.18,307.9,307.13,306.32,304.37,305.77,306.6,305.93,305.7,306.3,305.07,307.08,305.6,305.57,304.07,304.53,305.93,305.57,304.15,303.22,303.22,304.7,306.37,306.7,305.22,302.72,306.7,306.43,305.4,303.05,301.72,302.15,303.45,305.9,305.05,303.15,302.0,302.17,301.68,300.55,299.95,300.5,298.85,299.82,300.3,298.43,296.05,297.05,298.67,299.3,298.7,299.45,300.6,299.05,300.3,300.08,298.5,297.33,298.05,297.12,296.87,296.7,297.83,299.47,302.62,304.33,301.37,298.35,298.7,299.33,302.22,302.47,298.55,296.42,297.1,297.65,296.17,294.92,295.55,297.65,299.58,300.7,299.37,300.27,297.17,296.42,298.9,300.42,299.6,300.15,298.37,295.25,294.85,293.42,294.32,295.6,297.17,297.15,296.3,296.55,299.1,300.22,296.62,300.8,297.62,293.07,295.9,295.17,289.5,288.57,291.55,291.05,291.47,290.07,287.55,287.07,287.7,288.3,289.57,288.67,288.8,291.62,287.42,287.15,286.55,286.97,289.22,286.72,285.55,284.4
284.07,286.47,291.0,293.72,287.17,285.85,286.47,286.5,284.55,284.68,286.17,288.4,288.2,291.75,295.45,291.25,287.1,290.8,291.55,294.92,291.72,295.47,298.87,297.52,294.35,292.6,294.27,287.77,286.05,285.17,285.43,286.67,287.1,290.7,291.92,285.22,283.57,291.1,294.15,292.52,296.83,290.35,291.45,297.67,289.8,288.1,287.85,291.97,292.42,293.32,297.02,293.15,290.47,292.57,298.75,300.9,303.05,304.75,302.67,304.02,301.08,303.92,303.8,303.65,306.12,303.28,302.12,298.87,301.25,302.83,302.0,303.05,300.95,299.3,297.83,296.22,298.7,304.6,304.35,301.7,298.4,297.77,301.15,302.03,300.32,302.87,304.12,299.9,298.75,300.77,300.3,304.67,303.92,302.35,305.8,305.25,298.05,297.83,298.0,301.0,302.77,304.95,301.2,299.85,299.25,299.8,303.02,302.2,304.8,305.17,304.9,303.62,302.45,302.0,300.72,302.83,303.75,300.65,304.17,304.6,306.6,307.22,304.47,304.7,305.87,307.6,304.65,301.72,300.72,300.75,301.75,301.72,302.25,305.4,307.1,306.5,306.62,307.85,308.05,307.33,306.12,309.1,308.85,308.95,309.32,310.35,308.3,311.25,308.35,310.58,309.62,308.67,309.25,307.58,309.1,307.67,309.65,307.65,307.12,307.95,308.12,308.05,309.83,306.45,303.6,304.2,303.27,303.27,303.1,302.37,303.8,305.4,306.18,304.17,305.65,306.42,306.78,305.37,303.4,304.05,305.62,306.95,305.87,305.83,305.1,303.58,303.45,303.8,304.22,306.55,307.08,305.2,305.12,306.92,306.85,305.62,306.35,306.65,305.45,305.15,304.17,303.55,304.42,305.58,307.3,307.83,309.45,306.9,306.1,304.65,303.77,303.5,303.55,306.12,306.95,306.37,307.35,307.1,305.42,306.02,306.77,307.4,307.17,306.92,305.92,307.57,306.7,305.37,307.12,306.85,305.12,303.57,303.17,306.32,307.08,308.3,305.9,306.33,307.25,307.57,306.6,305.15,304.87,304.12,305.27,304.3,303.8,304.0,305.5,304.9,304.05,303.3,301.85,303.85,303.47,304.67,302.9,303.5,302.2,302.95,302.67,302.67,303.05,302.97,303.25,307.22,307.33,306.8,306.87,306.62,305.7,303.43,303.6,303.77,302.35,302.52,301.42,299.7,299.37,297.37,296.3,296.17,298.4,296.83,298.37,300.1,298.87,298.33,297.47,296.2,296.85,299.05,297.02,296.32,295.27,295.87,295.95,295.37,297.22,296.3,296.3,296.25,294.5,293.97,293.67,292.45,292.8,292.02,292.67,298.25,294.15,293.4,293.65,293.75,295.52,296.85,298.9,299.5,298.25,299.62,300.6,297.47,296.97,296.35,298.22,297.57,299.85,298.52,296.62,294.65,297.02,296.77,298.25,294.0,291.27,293.0,293.3,295.07,292.72,293.95,291.07,290.67,292.52,292.77,292.37,288.8,285.95,282.77,282.67,284.32,285.05,285.9,288.67,288.9,290.72,291.5,293.95,287.4,286.4,286.95,290.27,287.7,289.17,289.95,293.0
