299.33,299.41,299.23,299.46,299.08,298.68,299.15,299.18,299.31,300.03,299.83,299.38,298.63,298.61,299.0,298.98,298.8,299.03,299.48,299.11,299.03,298.88,298.03,298.25,298.86,299.28,298.75,299.11,298.86,299.06,298.93,299.08,299.23,299.13,299.05,298.55,298.75,299.36,299.71,299.33,299.08,298.93,298.78,299.23,299.03,299.11,299.63,299.08,298.81,298.68,298.63,298.81,299.23,299.38,299.5,299.18,299.68,299.5,299.53,299.55,299.48,299.53,299.43,299.71,299.85,299.28,299.13,299.48,299.58,299.28,299.21,299.48,299.33,299.6,299.18,299.16,299.41,299.28,298.98,299.38,299.13,298.88,299.21,299.48,299.36,299.33,299.73,299.48,299.9,299.75,299.68,299.78,299.28,299.11,298.96,299.16,298.86,299.21,299.55,299.18,299.55,299.41,299.13,299.25,299.16,298.93,299.23,299.58,299.48,298.98,299.36,299.21,299.21,299.5,299.25,299.13,299.31,299.38,299.36,299.23,299.08,299.55,299.53,299.68,300.0,299.55,299.5,299.46,299.78,299.75,300.08,299.33,299.93,299.36,299.48,299.73,299.75,300.0,299.78,299.85,299.63,299.68,299.3,299.48,299.48,299.38,299.86,300.11,299.78,299.08,299.56,299.16,299.21,299.63,299.96,300.0,299.66,299.5,299.68,299.63,299.86,299.66,299.63,299.8,299.78,299.8,299.28,299.83,299.88,299.86,300.23,300.15,299.91,300.25,300.03,300.08,299.78,299.83,299.96,299.78,300.08,300.28,300.18,300.08,299.55,299.41,300.23,300.23,299.18,299.08,299.8,299.83,299.15,299.71,299.56,299.48,300.11,299.5,299.75,299.43,299.53,299.63,299.68,299.3,299.81,300.05,300.03,299.83,299.75,299.83,300.13,300.18,300.05,300.3,300.08,300.38,300.56,300.05,300.13,300.33,300.25,300.11,300.48,300.03,299.68,299.78,300.0,299.53,299.33,299.61,299.4,299.83,300.11,300.38,299.8,299.53,299.91,299.65,299.58,299.88,300.11,299.75,299.78,299.75,299.86,299.33,299.23,300.0,300.03,300.36,299.46,299.96,299.23,300.11,299.75,300.11,300.33,299.3,299.58,300.0,300.3,300.55,299.68,299.93,300.0,300.03,300.23,300.28,300.43,300.38,300.5,300.43,300.58,300.71,300.23,300.18,300.3,300.53,300.4,300.6,300.56,299.85,300.3,300.21,300.28,299.98,300.53,300.43,300.46,300.43,300.28,300.88,300.78,300.4,299.88,300.13,300.16,300.33,299.93,300.43,300.28,300.48,300.31,299.55,300.28,300.13,300.58,300.5,300.46,300.65,300.61,300.41,300.55,299.88,300.56,300.08,300.23,300.58,300.18,299.73,300.43,299.5,299.46,299.93,300.83,300.63,300.21,300.3,300.33,300.61,299.91,299.88,299.61,300.18,300.08,300.36,300.08,299.63,299.58,299.18,299.96,300.25,300.43,300.88,300.81,300.21,299.71,300.11,300.21,300.53,300.38,300.18,299.73,299.3,299.75,299.73,299.61,299.75,299.78,299.36,299.18,299.61,300.18,300.05,299.96
299.88,299.98,300.03,299.75,299.71,298.95,299.98,300.78,300.91,300.61,300.18,299.98,300.5,300.5,300.61,300.63,300.93,300.5,299.9,299.78,299.61,299.65,299.23,299.08,299.4,299.46,299.53,299.71,299.35,299.46,299.78,299.88,299.8,299.13,299.25,299.46,299.75,299.98,300.28,299.65,299.36,299.5,299.96,299.75,299.85,300.0,299.88,299.93,299.9,300.23,300.25,300.13,300.08,300.25,300.08,300.63,300.71,300.28,300.0,299.63,299.48,299.65,299.48,299.48,299.98,300.23,300.38,300.28,299.43,299.25,299.71,299.48,299.43,299.55,299.33,298.88,298.5,299.48,300.61,300.11,299.88,299.81,299.88,300.16,300.73,300.53,300.58,300.46,300.46,300.16,300.28,300.13,299.98,300.63,300.53,300.33,300.03,300.05,300.28,300.33,300.21,300.05,300.21,300.05,299.96,299.78,299.46,299.78,300.23,300.4,300.18,299.93,300.21,299.78,300.23,299.73,299.93,300.0,299.98,299.9,299.66,299.93,300.08,299.68,299.73,299.68,299.8,300.18,300.48,300.43,299.93,299.65,299.61,299.73,299.73,299.8,299.98,299.68,300.48,300.11,299.88,299.96,300.08,300.08,300.21,300.25,299.88,300.08,300.21,300.36,300.56,300.21,300.41,300.5,299.68,299.65,299.88,300.38,300.53,300.21,299.88,299.96,300.18,299.96,299.78,299.75,299.86,300.35,300.28,300.56,299.9,300.23,300.41,300.55,300.83,300.41,300.41,299.61,300.16,300.03,300.08,300.11,300.28,300.5,300.25,300.5,300.36,299.91,299.78,300.28,300.48,300.08,299.71,299.53,299.75,300.18,299.88,299.78,299.33,299.53,300.18,300.5,299.48,299.68,300.21,299.98,299.93,300.38,300.83,300.88,300.55,300.46,300.18,300.23,299.61,300.11,300.78,300.43,300.25,300.31,300.18,300.16,300.48,301.08,299.83,299.9,300.18,300.13,300.0,300.21,300.86,300.53,300.71,300.98,300.75,300.86,300.75,300.81,300.63,300.38,300.25,300.71,301.21,300.75,300.68,300.88,300.83,300.75,300.83,300.41,300.98,300.9,300.63,300.33,300.53,300.53,300.63,300.46,300.71,300.9,301.0,301.5,301.11,300.18,300.5,300.31,300.11,300.28,300.53,299.68,299.91,299.88,299.65,299.8,300.08,300.15,300.11,300.93,300.48,300.25,300.25,300.73,300.16,299.61,300.43,300.36,300.21,300.43,300.71,300.78,300.73,299.91,300.33,300.18,300.21,300.43,299.93,300.3,300.5,300.43,300.13,299.96,299.86,300.08,299.91,299.88,299.83,300.43,299.48,299.73,299.5,300.33,300.13,299.9,299.85,299.86,299.58,299.53,299.58,300.13,299.96,300.03,300.48,299.98,299.71,300.08,299.68,300.31,300.36,300.08,300.0,300.08,300.18,300.4,300.11,300.15,300.1,300.33,300.18,299.98,300.18,300.21,300.03,299.93,299.88,299.66,299.9,299.88,300.05,299.91,299.5,299.5,299.71,299.71,299.63,299.9,300.03,299.78,299.78,299.98,300.0,299.96,300.21,299.75,299.91
299.98,299.96,299.75,299.9,300.03,300.38,300.03,300.13,299.63,299.88,299.9,299.53,299.93,300.0,299.88,299.8,300.28,300.03,299.83,299.83,299.83,299.86,299.41,299.73,299.71,299.58,299.73,300.08,299.58,299.88,299.63,300.08,299.71,300.0,299.83,299.78,299.93,299.83,299.41,298.88,299.5,299.88,299.53,299.91,299.55,299.53,299.43,299.88,299.78,299.55,299.36,299.53,299.03,298.93,298.98,299.06,299.28,299.36,298.68,298.88,298.98,299.33,299.78,299.55,299.98,299.98,299.78,299.43,299.73,300.23,300.15,299.68,299.83,299.83,300.03,300.13,300.25,299.53,299.48,299.43,299.28,299.08,299.75,299.35,299.21,298.98,299.06,299.0,299.3,299.68,299.23,299.4,299.43,298.9,299.21,299.46,298.86,299.56,300.03,299.75,299.11,298.81,298.83,298.13,298.65,298.83,299.46,299.68,299.58,299.23,299.58,299.36,299.21,299.83,299.5,299.41,299.56,299.43,299.5,299.05,299.41,299.23,299.13,299.46,299.48,299.43,299.46,299.45,299.53,299.81,299.46,298.93,299.88,299.93,299.63,299.66,299.83,300.08,299.58,299.46,299.61,299.96,299.86,299.55,299.58,299.68,299.53,299.61,299.5,299.68,299.83,300.21,299.71,299.71,300.03,299.9,299.98,299.31,299.23,298.96,299.11,299.71,299.71,299.91,299.5,299.33,299.18,299.55,299.61,299.88,300.11,299.78,299.81,299.78,299.53,299.68,299.5,299.66,299.88,299.88,299.71,299.61,299.5,299.68,299.65,299.38,299.25,299.43,299.55,300.03,299.98,300.13,299.71,300.03,299.58,298.91,299.48,299.41,299.48,299.63,299.93,299.8,299.78,299.86,299.93,299.36,299.68,300.0,299.65,300.08,300.0,299.96,300.03,299.71,299.61,299.53,299.66,300.0,300.08,299.88,299.91,299.48,299.81,299.9,299.83,300.0,299.58,299.96,300.16,300.11,300.0,299.91,299.98,299.9,300.0,300.25,299.8,299.81,300.5,300.3,300.0,299.5,299.98,300.21,300.53,300.28,299.21,299.55,300.1,299.65,300.15,300.16,299.88,300.58,300.33,300.5,300.36,300.5,300.28,300.58,300.43,300.18,300.71,300.63,300.55,300.28,300.53,300.71,300.63,300.53,300.53,300.23,300.75,300.68,300.58,300.11,300.08,300.13,300.21,299.86,299.88,299.8,300.55,300.9,300.43,300.96,300.38,300.13,300.61,300.28,299.98,300.48,300.03,300.4,300.21,300.48,300.18,300.33,300.61,300.25,300.21,299.58,300.28,300.81,300.36,300.48,299.61,299.91,300.36,300.75,300.63,300.78,300.08,300.15,300.1,300.18,299.68,300.03,299.93,299.65,299.73,299.98,299.63,299.58,300.18,300.21,299.9,299.61,299.63,300.28,299.68,299.83,299.61,299.83,299.63,299.08,299.36,299.25,299.98,299.83,299.78,299.63,299.86,299.83,299.88,299.61,299.55,300.18,299.78,300.23,300.18,300.0,300.11,299.58,298.71,298.53,297.58,298.08,298.03,298.88,299.53,300.13,300.0,299.36,299.58
299.48,298.53,299.13,299.66,299.41,299.75,299.55,299.33,300.03,300.16,299.66,299.88,299.05,299.36,299.18,298.98,298.91,299.65,299.16,299.08,299.68,299.16,299.31,299.58,299.63,299.73,299.36,299.46,299.3,299.71,300.0,299.53,299.88,299.75,299.53,299.53,299.78,299.6,299.56,299.35,299.33,299.41,299.28,299.86,299.83,299.96,299.96,299.93,299.88,300.0,300.21,299.48,299.13,299.38,299.11,298.63,298.96,298.55,298.88,299.03,299.88,300.25,299.41,299.65,299.25,299.33,299.61,299.48,299.38,299.66,299.18,299.18,299.43,299.73,300.18,299.98,299.86,299.68,299.08,299.1,298.96,299.41,299.43,299.48,299.3,299.18,299.41,299.43,300.08,300.0,299.86,299.61,299.65,299.58,299.33,299.18,299.83,299.71,300.21,300.6,300.71,300.63,300.73,300.58,300.58,300.43,300.33,300.5,300.38,299.98,299.71,299.25,299.25,299.58,299.33,299.63,299.88,300.38,300.33,300.33,300.1,299.91,300.11,299.91,299.88,299.73,299.15,299.8,299.93,299.83,299.93,299.93,299.71,300.28,299.93,299.66,299.06,299.86,299.96,299.86,299.43,299.36,299.93,299.78,299.71,299.63,299.61,299.96,300.18,300.36,300.0,300.0,299.98,300.36,300.23,300.28,299.71,300.21,300.36,300.3,300.08,300.16,300.43,300.43,300.38,299.93,300.13,299.75,300.21,300.0,300.05,300.58,300.75,300.5,300.21,299.88,300.13,300.63,300.78,300.18,299.83,299.88,300.28,300.28,299.75,299.83,300.85,300.28,300.23,300.48,300.13,300.03,300.0,300.11,300.31,299.78,300.08,300.68,301.21,300.88,300.78,300.58,299.93,300.0,300.25,300.5,300.48,300.46,299.75,300.33,300.33,299.91,299.73,299.68,299.86,299.65,300.43,300.65,300.46,300.21,300.08,300.16,300.0,300.68,300.5,300.38,300.35,300.28,300.8,300.28,299.98,300.28,300.53,300.21,300.11,300.33,300.48,300.63,300.78,300.8,300.78,300.28,300.63,300.83,301.03,300.93,300.98,300.78,300.41,300.58,300.48,300.33,300.53,299.73,300.18,300.28,299.85,300.06,300.18,300.08,300.23,300.71,300.5,300.63,300.03,299.88,300.31,299.83,300.58,300.68,300.61,300.43,300.3,300.31,300.28,300.11,300.33,299.61,299.86,299.73,299.96,300.05,300.06,299.98,299.9,299.98,299.63,300.08,299.66,299.38,299.73,299.68,300.43,299.83,299.78,299.48,300.36,299.71,300.18,300.25,299.96,300.5,300.55,300.35,300.38,300.11,300.21,300.48,300.3,300.38,300.41,301.03,300.36,300.66,300.5,300.71,300.53,301.06,300.08,299.8,299.86,299.38,299.5,299.71,300.0,299.61,299.16,299.58,299.9,299.73,299.63,299.36,299.06,299.16,300.0,300.66,300.43,299.8,299.98,299.21,298.96,298.73,298.61,299.21,299.25,299.21,298.83,298.8,298.58,299.3,298.4,298.46,299.03,299.18,298.83,298.33,299.05,298.33,298.11,298.56,298.53,298.63,298.48,297.93,298.36
298.68,298.63,298.73,298.68,298.68,298.96,298.8,298.55,298.46,298.43,298.11,298.41,298.3,298.13,298.46,298.83,299.03,298.75,298.61,298.3,298.33,297.71,297.81,298.03,298.4,298.36,298.41,297.93,297.58,297.73,297.33,298.0,298.25,298.21,298.5,298.75,298.71,298.83,298.73,298.46,297.91,297.9,297.73,297.5,297.73,297.73,297.93,297.88,297.96,298.43,297.98,298.08,298.21,298.55,298.43,297.73,297.06,297.13,297.88,297.73,297.61,298.46,299.05,299.28,299.05,298.73,298.5,298.21,298.18,298.93,298.93,298.65,298.23,297.81,298.08,298.05,298.5,298.21,298.61,298.18,298.28,298.16,298.16,297.96,297.55,298.06,298.05,298.56,298.63,298.46,298.58,298.63,298.96,298.48,298.5,298.4,298.58,298.21,298.38,298.18,298.31,298.3,298.18,297.53,298.83,298.66,298.53,298.63,298.53,297.96,298.0,298.55,298.5,298.83,299.18,299.23,299.13,298.93,298.83,298.75,299.18,298.58,298.58,299.38,299.0,299.18,299.3,299.11,299.03,298.78,299.13,299.18,299.16,299.48,299.05,299.43,299.25,299.08,299.0,299.36,299.4,299.71,299.53,299.36,299.73,299.78,299.61,299.63,299.9,299.75,299.43,299.58,299.05,298.98,299.05,299.13,298.98,299.68,299.61,299.53,299.48,299.58,299.46,299.33,299.55,299.86,300.0,299.98,299.75,299.88,300.18,299.93,299.78,299.73,299.83,299.86,300.13,300.06,300.25,300.13,299.95,299.88,299.73,299.71,300.06,300.18,299.46,300.15,299.98,299.58,300.21,299.78,299.8,300.31,300.06,300.18,299.75,299.98,300.11,300.11,299.98,299.71,299.6,300.0,300.21,300.06,300.0,299.46,299.68,300.48,299.96,299.83,299.16,298.96,299.8,300.25,300.16,300.56,300.78,300.48,300.13,300.08,300.16,300.08,299.98,300.36,300.03,300.0,300.15,300.03,299.46,299.56,299.88,300.15,300.5,299.98,300.03,299.38,299.83,299.75,299.55,299.48,299.86,299.96,299.83,299.68,299.55,300.0,300.3,300.08,300.36,300.28,300.73,300.41,300.0,299.96,300.61,300.33,299.78,299.55,300.33,300.33,300.11,300.16,299.68,299.98,300.5,300.13,300.18,300.23,300.31,300.3,300.28,300.16,300.25,300.46,300.61,300.78,300.05,300.3,300.21,300.05,299.86,299.86,300.11,300.16,300.25,300.0,300.16,299.9,300.21,300.03,299.78,300.08,299.88,299.65,299.93,299.73,299.23,299.41,299.83,299.75,299.58,299.38,299.96,299.63,299.83,300.38,299.86,299.68,299.25,299.38,299.88,299.68,299.8,299.65,299.96,299.43,299.86,299.5,299.65,299.85,299.43,299.03,299.3,299.78,299.38,299.25,299.08,299.41,299.0,299.23,299.61,299.5,299.75,300.03,299.68,299.75,299.63,299.56,299.58,299.93,300.0,300.0,299.58,299.58,299.4,299.68,299.73,299.58,299.48,299.03,299.53,299.4,299.73,299.41,299.28,299.3,299.68,299.68,300.16,300.0,299.63,299.68,299.56
299.4,299.48,299.4,299.13,299.11,299.25,299.03,299.13,299.43,299.91,299.81,299.5,299.36,299.58,299.21,299.08,299.4,299.18,299.15,299.5,299.68,299.41,299.13,299.18,300.0,299.38,299.3,299.53,299.18,298.91,299.18,299.05,298.63,298.93,298.98,298.78,299.03,299.21,299.65,299.18,299.58,299.08,299.05,299.38,299.03,299.61,299.31,299.38,299.33,299.16,299.23,299.58,298.86,299.11,298.75,299.03,298.68,298.86,299.36,299.18,299.38,299.13,298.75,299.05,299.13,299.41,299.58,299.38,299.5,299.73,300.0,299.53,299.38,299.3,299.33,298.98,299.36,299.6,299.28,299.28,298.96,299.05,299.3,299.25,299.23,298.73,299.03,298.28,298.63,299.1,298.68,298.61,298.68,298.28,298.46,298.33,298.75,299.13,298.98,298.93,299.0,299.11,299.33,299.5,299.03,299.21,299.11,299.05,299.23,299.11,299.38,299.43,299.5,299.25,299.43,299.23,298.91,299.3,299.25,299.21,299.0,299.13,298.86,299.05,298.91,299.31,299.36,299.63,299.48,298.88,298.66,299.11,299.15,298.93,298.88,299.23,299.28,299.36,299.13,299.11,298.98,299.28,299.53,299.11,299.53,299.08,299.11,299.28,299.3,299.16,299.08,299.13,299.11,298.71,299.16,299.18,299.3,299.43,299.23,298.96,298.55,299.21,299.28,298.81,298.93,299.46,299.38,299.25,299.33,299.4,299.43,299.13,299.25,298.98,299.05,299.08,299.23,299.18,298.68,298.63,299.46,299.55,299.43,299.65,299.48,299.48,299.21,299.08,299.55,299.73,299.46,299.55,299.43,299.05,299.21,299.0,299.15,299.38,299.46,299.33,300.08,299.61,299.36,299.75,299.15,299.91,298.88,298.91,299.36,299.55,299.25,299.66,299.78,299.65,299.36,299.41,299.43,299.33,299.63,299.68,299.48,299.83,300.23,299.66,299.16,299.73,299.8,299.58,299.43,299.98,300.08,300.13,300.13,300.18,300.13,300.23,300.13,300.3,300.23,300.06,299.63,299.88,300.05,299.65,300.05,300.21,299.71,300.08,299.6,299.13,299.88,299.91,300.06,300.13,299.78,299.75,299.65,299.5,299.48,298.75,300.28,300.21,300.11,300.53,300.38,300.73,300.63,300.71,300.78,300.21,300.65,299.91,300.21,300.3,300.63,300.38,300.05,300.48,301.33,300.53,300.48,299.83,300.41,299.98,299.75,300.13,300.21,300.11,300.13,300.23,300.36,300.28,300.36,300.73,300.03,300.0,299.68,299.68,300.11,299.81,299.63,299.48,299.28,299.53,300.0,300.03,299.43,299.55,299.0,300.11,299.61,299.25,299.58,300.06,300.1,299.71,299.53,299.55,299.46,299.73,300.0,300.03,299.73,299.81,299.33,299.71,299.3,299.21,299.56,299.68,299.73,299.08,299.38,299.53,298.68,299.33,299.0,299.13,299.53,299.86,300.0,300.0,299.88,299.83,299.88,299.28,299.33,299.58,299.23,299.91,300.08,299.43,299.36,299.16,299.23,299.43,298.93,298.75,298.86,298.63,298.91,299.33,299.41,299.06,299.38
299.05,299.08,299.25,299.4,299.43,299.23,299.23,299.53,299.3,299.21,299.05,298.88,299.13,299.15,299.15,299.13,299.31,299.53,299.78,299.53,298.98,299.03,299.13,298.91,299.0,299.0,299.46,299.18,299.08,298.35,298.13,298.45,298.3,298.5,298.73,298.73,299.23,299.21,299.25,299.33,299.21,299.36,298.93,298.75,299.36,299.23,299.15,299.41,299.38,299.48,299.33,299.53,299.21,298.9,298.9,298.71,298.71,298.25,298.28,298.63,299.11,299.73,299.56,299.05,298.88,299.3,299.65,299.78,299.25,299.23,298.0,297.68,298.43,299.0,298.75,298.8,298.5,298.53,298.35,298.83,298.75,299.75,299.58,299.21,298.78,298.66,298.75,298.68,298.78,298.88,298.8,298.75,298.78,298.83,298.68,298.61,298.88,299.23,299.13,299.23,298.91,298.61,299.05,299.13,299.16,299.0,299.13,298.75,298.98,298.98,299.0,298.93,298.93,298.63,298.75,299.11,299.4,299.43,299.38,299.55,299.5,299.33,299.46,299.55,299.86,299.61,299.28,298.93,299.03,298.55,299.28,299.13,299.38,299.36,299.53,299.33,298.78,298.83,298.75,298.73,299.53,299.83,299.71,299.71,299.48,299.56,299.81,299.66,299.5,299.28,299.38,299.48,299.93,299.7,299.61,299.18,299.25,299.0,299.28,299.16,298.86,298.93,298.93,299.33,299.31,298.96,299.48,300.18,300.33,300.38,299.75,299.46,299.55,299.88,299.3,299.08,299.5,299.93,299.21,299.21,299.38,299.21,299.03,299.08,298.8,299.03,299.15,299.13,299.38,299.25,299.41,299.68,298.88,299.21,299.36,298.91,299.08,299.46,299.03,299.53,299.8,299.81,299.86,299.75,299.28,299.66,299.93,300.16,299.31,299.71,299.73,299.38,299.98,300.28,300.0,299.83,299.93,299.71,299.8,300.5,299.83,300.18,300.13,300.0,299.43,299.48,299.21,299.83,299.8,299.91,300.03,300.03,300.0,300.25,299.61,299.21,299.63,299.75,300.0,300.23,299.78,299.63,300.18,300.28,300.33,300.28,300.41,300.15,299.83,299.96,299.63,299.88,300.58,301.03,300.78,300.5,300.93,300.46,300.88,300.23,300.65,300.75,300.18,299.78,299.91,299.88,299.3,299.68,300.28,300.35,300.3,300.1,299.93,299.78,299.65,299.75,300.21,300.46,300.46,300.18,300.25,300.23,300.73,300.03,300.33,300.43,300.4,300.03,299.81,300.08,300.03,300.05,299.71,300.18,300.05,300.66,299.96,299.91,299.36,299.83,300.0,300.38,300.61,299.98,299.98,299.96,299.75,298.86,300.03,300.48,300.41,300.71,300.53,300.5,300.58,300.43,300.41,300.63,300.23,300.21,299.88,300.25,300.63,300.41,300.36,299.53,299.83,299.53,299.48,300.08,299.23,299.13,299.0,299.23,299.43,299.43,299.75,299.78,300.16,300.61,299.8,299.86,300.0,299.36,299.41,299.15,299.53,299.75,299.5,299.25,299.43,299.25,299.36,300.18,300.16,300.36,300.08,300.05,299.58,299.3,299.8,299.48,299.3,299.41,299.63
299.47,299.21,299.68,299.39,299.76,299.89,299.51,299.89,299.84,299.96,299.98,299.74,300.01,299.81,299.49,299.89,299.86,299.66,300.01,299.94,300.04,299.68,299.54,299.54,299.56,299.59,299.86,298.76,299.23,299.41,298.99,299.34,299.51,299.61,299.31,299.88,299.78,299.81,300.04,299.68,299.66,299.54,299.16,298.84,299.41,299.56,299.02,299.01,299.01,299.21,299.39,299.36,299.51,299.68,299.71,298.93,299.46,299.68,299.41,299.24,299.56,299.34,299.49,299.39,299.81,299.86,300.18,299.86,299.43,299.68,299.61,299.79,299.76,299.76,299.91,299.74,300.11,300.11,299.99,299.98,299.89,299.56,299.81,299.99,299.74,299.91,299.96,300.01,299.98,299.96,299.56,299.04,299.64,299.94,299.73,299.91,299.61,299.44,299.16,298.81,299.51,299.93,300.19,300.42,300.14,300.09,299.89,300.02,299.99,299.74,299.56,299.66,299.66,299.59,299.56,300.01,299.86,299.68,300.16,299.74,299.89,300.19,300.16,299.89,299.56,300.36,300.41,300.16,300.31,300.51,300.37,300.24,300.26,300.39,300.03,300.44,300.14,300.39,300.48,300.39,300.31,299.56,299.81,300.18,299.67,299.94,299.54,299.78,299.61,299.41,299.69,299.99,300.34,300.41,299.76,300.21,300.06,299.91,299.96,299.61,299.51,300.02,299.79,300.03,300.21,300.03,299.81,299.94,300.16,300.26,300.01,300.16,300.21,300.41,300.21,300.26,300.34,300.16,300.31,299.79,299.09,299.94,300.31,299.86,299.08,299.91,299.91,299.89,299.34,300.11,299.93,300.06,299.93,300.06,300.31,300.39,300.18,300.43,299.41,300.54,300.13,300.04,300.71,300.71,300.34,299.96,300.09,299.86,300.09,299.79,299.11,299.66,300.11,299.71,299.56,300.04,300.77,300.26,300.49,300.41,300.16,300.38,300.19,299.51,299.73,300.69,300.62,300.76,300.49,300.31,300.34,300.56,300.92,300.71,300.61,300.61,299.74,299.01,299.78,299.89,299.71,299.56,300.16,300.24,299.99,300.86,300.46,300.51,300.86,300.41,300.54,300.41,300.21,300.79,300.41,300.67,300.76,301.41,300.96,300.49,300.69,301.19,300.54,300.43,300.21,300.39,300.86,300.41,299.74,299.04,299.91,300.18,300.97,301.09,301.23,300.79,300.96,299.61,299.59,299.88,301.09,300.86,300.56,299.78,300.51,299.98,300.51,300.19,300.43,300.29,300.26,299.51,299.99,300.86,299.71,299.84,300.21,300.64,299.96,300.51,299.73,300.52,300.64,300.84,300.14,300.31,300.59,300.09,300.18,300.51,299.81,299.99,299.98,300.24,299.71,300.03,300.06,300.51,300.34,300.29,300.64,300.68,300.41,300.31,300.36,300.19,300.06,300.18,299.69,299.69,299.84,299.84,300.08,300.06,299.44,299.54,299.18,299.34,299.44,299.84,299.66,299.68,299.93,299.88,299.91,299.99,299.98,300.18,299.61,299.54,299.41,299.81,300.16,300.01,299.59,299.51,299.56,299.86,300.01,300.09,300.01,299.68,299.56,299.24,299.44
299.78,299.81,299.68,299.71,299.71,299.84,299.88,299.98,299.86,299.96,299.24,299.09,299.28,298.86,298.46,297.29,298.36,298.81,298.86,298.51,298.36,298.54,298.81,298.84,298.71,298.46,299.04,299.34,299.41,299.86,299.76,300.14,299.74,299.64,299.56,299.49,298.96,298.96,299.04,299.26,299.11,299.24,298.86,299.06,299.24,299.16,299.21,299.14,298.96,298.71,298.79,298.96,298.93,298.49,298.59,298.49,298.49,298.31,298.14,298.92,298.79,298.73,298.61,299.01,298.86,298.64,297.67,297.78,298.81,299.31,299.39,298.86,298.69,298.23,298.49,298.93,299.03,299.34,298.81,298.76,299.29,299.49,299.21,298.89,298.76,298.81,298.86,298.81,298.76,298.41,298.39,297.93,298.42,298.31,298.62,298.51,298.56,299.18,299.29,298.91,298.59,298.74,298.11,298.58,298.71,298.84,298.71,298.59,298.34,298.44,298.06,298.39,298.68,298.86,299.46,299.38,299.41,299.44,299.24,299.06,299.24,299.31,299.04,298.78,298.93,298.81,299.23,299.04,299.43,299.74,299.98,299.76,300.01,300.24,300.06,299.84,299.79,299.67,299.99,299.84,299.63,299.54,299.21,299.44,299.51,299.66,299.91,299.67,299.46,299.31,299.51,299.46,299.06,299.01,299.66,299.66,299.84,299.96,299.98,299.86,300.11,299.81,299.56,299.08,299.39,299.51,300.11,300.06,300.21,300.49,300.11,300.24,299.69,299.74,300.18,300.06,300.16,300.48,300.34,299.81,299.66,299.71,300.18,299.68,299.6,299.25,299.8,299.73,299.5,300.0,300.11,300.25,300.58,300.28,300.03,300.13,300.25,300.71,300.63,300.75,300.83,300.38,299.88,300.08,300.06,300.3,300.18,299.63,300.25,300.13,300.05,299.83,300.41,299.83,299.18,299.78,299.5,299.78,300.38,299.46,300.53,299.96,299.66,300.43,300.38,300.63,300.86,300.96,300.78,300.75,300.63,300.53,300.33,300.38,300.88,300.88,300.83,300.68,300.78,299.83,300.05,300.08,300.3,300.86,300.83,300.68,300.46,300.31,300.78,301.03,300.46,300.4,300.48,300.71,300.75,300.43,300.46,300.38,300.28,300.05,300.38,300.21,300.0,299.85,300.06,300.38,300.48,300.46,300.36,300.53,300.15,300.11,300.71,300.66,300.46,300.61,300.86,300.55,299.85,299.53,300.55,300.55,300.73,301.05,300.78,300.75,300.18,300.35,300.83,300.46,300.91,300.66,301.05,300.65,300.58,301.0,300.55,300.53,300.46,300.03,300.15,299.96,299.83,300.28,300.03,299.93,300.05,299.43,299.78,299.96,300.13,300.33,300.58,301.25,301.18,301.0,300.66,300.55,300.3,300.3,300.5,300.41,300.58,300.46,300.68,300.61,300.23,299.96,300.41,300.16,300.08,300.0,300.25,300.0,299.68,299.71,300.11,300.71,300.28,300.0,300.35,300.38,299.88,300.15,300.25,299.58,299.05,298.96,299.23,299.36,298.96,298.78,298.36,299.85,300.13,300.11,300.0,299.93,299.93,299.86,300.11,300.05,300.08,300.31,300.38
299.98,300.28,299.93,299.4,299.88,299.75,300.0,299.83,299.68,299.36,298.91,298.93,299.31,300.0,299.96,299.88,299.78,299.98,299.93,300.33,299.88,299.48,299.58,299.73,299.03,299.46,299.5,299.75,299.28,299.66,299.46,299.13,299.21,299.78,299.53,299.33,299.98,300.0,300.23,299.5,299.25,299.5,299.73,299.75,299.36,299.71,299.8,300.0,299.41,299.46,299.78,299.78,299.36,299.75,299.96,299.93,299.08,299.11,298.93,299.23,299.25,299.5,299.86,299.68,299.23,299.58,299.98,299.71,299.21,298.83,299.28,299.18,298.83,299.0,298.68,298.83,299.25,299.8,299.65,299.18,299.68,299.63,299.63,299.56,299.66,299.5,300.08,299.68,299.03,298.93,298.75,298.71,298.81,299.28,299.15,299.18,299.25,299.3,299.1,299.23,299.38,299.61,299.58,299.5,299.78,299.73,299.53,299.58,299.78,299.33,299.15,299.25,298.63,298.71,299.03,299.23,299.13,299.03,299.61,299.53,299.41,299.91,299.55,299.78,299.78,299.25,298.73,298.78,299.05,299.68,299.91,299.73,299.21,299.96,299.75,299.6,299.36,299.48,299.78,299.98,300.05,299.38,299.05,298.75,299.68,299.16,299.5,299.71,299.71,299.53,299.41,299.08,299.11,299.46,299.21,299.18,299.25,299.11,299.63,299.61,299.48,298.91,298.88,299.16,299.23,299.33,299.78,299.33,299.43,299.16,299.23,299.25,298.91,298.65,299.03,299.11,299.08,298.73,299.06,299.21,299.08,299.08,298.68,299.18,299.13,299.25,299.71,299.5,299.41,299.65,299.33,299.68,299.43,299.63,299.61,299.96,300.11,300.18,299.96,300.03,299.68,299.8,299.21,299.83,299.58,299.15,299.53,299.5,299.43,299.28,299.93,299.53,299.75,299.66,299.0,299.28,299.83,299.58,300.06,299.86,299.86,299.98,299.63,298.78,299.58,299.56,299.65,299.73,299.65,299.58,298.93,299.46,299.33,299.58,299.61,299.61,298.96,299.46,299.05,299.56,300.13,299.73,299.61,300.21,300.21,299.86,300.28,300.43,300.11,300.28,299.93,299.65,299.78,299.8,300.16,299.98,300.55,300.25,300.43,300.28,300.55,300.36,300.03,299.93,299.93,299.81,300.13,300.83,300.46,300.25,300.3,300.0,300.08,300.3,300.53,299.61,299.16,299.58,299.83,299.28,299.11,299.8,299.78,298.93,299.78,299.61,299.3,299.13,299.03,298.81,298.53,299.38,299.5,299.0,299.3,298.46,298.61,298.91,299.05,299.41,298.98,299.23,299.06,299.21,299.23,299.05,298.88,299.0,298.93,299.18,298.28,299.11,299.58,298.48,298.55,299.38,299.38,299.46,299.23,298.71,298.86,298.78,298.83,298.33,299.35,299.46,299.0,298.65,298.56,298.3,298.88,299.18,299.23,299.75,299.53,299.11,299.21,298.91,298.98,299.18,298.53,298.91,299.03,299.21,298.71,298.46,299.08,298.96,299.11,299.56,299.0,298.86,297.71,298.58,299.08,298.98,299.13,299.11,298.93,298.83,298.25,298.78,298.71,298.73,298.43
298.86,299.33,298.9,298.81,298.53,298.83,298.88,298.61,298.63,298.58,298.18,298.25,298.55,298.93,299.36,299.33,298.68,298.33,298.46,298.38,298.75,298.91,298.9,299.35,299.03,299.4,299.33,298.9,298.25,298.73,298.86,298.68,298.25,297.98,298.31,298.03,297.96,298.98,299.13,298.73,299.03,298.75,298.93,299.06,299.08,299.16,299.5,298.88,298.33,298.33,298.46,298.43,299.21,298.86,298.8,298.93,298.91,298.78,298.8,299.48,299.35,299.18,299.3,298.91,299.45,299.03,298.85,298.96,298.96,298.65,298.36,298.83,299.58,299.36,299.53,298.93,298.96,299.33,299.5,299.61,299.11,299.0,298.73,298.78,298.13,298.63,298.68,298.96,298.53,299.03,298.53,298.98,299.11,298.96,298.68,299.13,299.1,299.16,298.98,299.13,299.28,299.43,299.38,299.25,299.38,299.8,299.73,299.38,299.68,299.73,299.58,299.58,299.03,299.36,298.93,299.23,299.5,299.3,299.13,298.91,299.21,299.98,299.33,299.21,299.28,299.53,299.58,299.53,298.96,298.98,299.33,299.46,299.33,299.53,299.08,299.5,299.71,299.83,300.23,300.11,299.68,299.48,299.21,299.53,299.36,299.4,299.38,299.41,299.06,299.48,299.5,299.31,299.23,299.63,299.46,299.73,299.48,299.1,299.05,299.55,300.23,299.83,299.73,299.5,299.43,299.73,299.38,299.86,299.61,299.58,299.11,299.03,299.03,299.13,298.96,299.18,299.18,298.86,298.68,299.33,299.73,299.78,299.48,299.68,299.38,299.03,299.8,299.83,299.83,299.08,299.43,299.61,299.98,299.88,300.11,300.11,299.98,299.46,299.8,299.5,299.5,299.48,300.08,299.73,299.61,299.43,299.96,299.53,299.86,300.16,299.98,300.0,299.61,299.61,299.33,299.86,299.4,300.43,299.78,299.58,300.05,299.53,299.36,299.31,299.78,300.06,300.05,299.4,299.23,299.53,299.46,299.3,299.5,300.05,300.13,299.75,299.61,299.78,299.41,299.53,299.28,300.0,299.83,299.16,298.78,299.4,299.98,299.75,299.43,300.58,300.21,299.36,300.68,300.25,299.83,299.43,299.48,300.23,299.71,299.98,299.63,299.68,300.38,300.41,300.03,300.03,299.61,299.53,299.31,299.61,299.35,299.55,299.63,299.55,299.46,299.93,300.28,300.33,300.05,299.58,300.16,299.96,300.18,300.53,300.31,300.03,299.9,300.13,299.96,300.21,300.11,299.88,300.35,300.3,299.8,300.11,300.0,300.48,300.78,300.68,300.6,300.33,300.33,300.21,300.03,299.86,300.15,300.18,300.68,300.31,300.33,300.06,299.13,299.88,299.61,300.08,299.98,300.08,299.78,299.83,300.03,300.38,300.33,300.11,299.33,299.46,300.21,300.58,300.66,300.71,300.46,300.63,300.16,299.53,299.68,299.73,299.98,299.96,299.48,299.25,299.25,299.71,300.36,299.75,300.03,299.78,299.93,299.63,299.58,299.73,299.4,299.86,300.13,300.36,300.21,300.1,300.11,299.55,299.43,299.68,299.38,299.3,299.25,299.8,299.91
300.53,299.63,299.56,299.61,298.83,298.83,299.13,298.96,299.41,299.5,299.63,299.93,300.05,299.63,299.63,299.46,299.85,299.61,299.08,298.8,298.58,298.66,298.68,298.46,298.05,298.21,298.33,298.93,300.08,299.98,299.96,300.21,299.81,299.93,300.08,299.8,300.08,300.05,300.1,300.03,299.5,299.38,298.48,298.48,298.38,298.78,299.53,299.68,299.25,299.16,298.96,299.1,299.18,299.13,299.68,299.48,299.58,299.63,299.33,299.03,298.63,298.98,299.71,299.5,299.38,298.96,299.61,299.98,299.83,300.75,301.03,300.23,299.98,299.9,299.53,299.88,300.23,299.93,299.48,299.3,299.18,299.56,299.83,299.73,299.25,299.21,299.13,299.28,299.43,299.8,299.75,299.4,299.53,299.9,299.93,299.58,299.5,299.96,299.86,300.16,300.4,300.08,300.21,300.18,300.21,299.9,299.73,299.43,299.23,299.5,299.36,299.86,299.5,299.83,300.06,300.08,299.38,299.8,300.23,300.28,299.81,299.21,298.93,299.4,299.78,299.88,299.63,299.61,299.63,300.0,299.68,299.75,300.33,300.41,300.06,300.05,300.11,299.91,300.08,299.86,300.11,300.53,300.16,300.23,300.41,300.28,300.08,300.13,299.71,300.23,299.96,299.63,299.63,299.98,299.35,299.71,300.21,300.13,299.78,300.18,300.38,300.13,300.0,300.08,299.43,299.43,299.48,299.88,300.4,300.31,299.88,300.21,299.61,299.75,299.65,299.73,299.61,299.8,299.61,299.85,299.58,299.78,299.83,299.68,299.0,299.25,299.53,299.53,299.28,299.13,299.55,299.81,298.88,299.43,299.23,299.28,299.36,299.78,300.21,300.18,299.56,299.8,299.93,300.08,299.3,299.96,299.53,299.48,299.96,300.21,300.18,300.33,300.0,300.21,300.68,300.18,300.41,300.75,300.46,300.36,300.05,300.46,300.03,300.78,300.38,300.73,301.11,300.8,300.46,300.56,300.58,301.16,300.18,299.98,300.38,300.36,300.53,301.23,300.4,299.63,300.06,300.65,300.65,300.86,300.38,300.41,300.08,300.4,300.33,300.18,299.88,300.48,301.0,300.53,300.0,300.33,300.41,300.3,300.53,301.05,301.33,300.73,300.48,300.36,299.63,300.36,300.33,300.66,300.88,300.28,300.71,300.46,300.53,300.05,300.08,301.13,300.75,300.86,300.73,300.21,300.38,300.86,300.38,300.7,300.53,299.96,300.3,299.83,300.33,300.73,300.41,300.38,300.66,300.5,300.06,300.13,300.43,300.58,299.98,300.8,300.81,300.75,300.68,300.63,300.15,300.25,300.58,300.43,300.3,300.71,300.5,300.91,301.0,301.46,300.4,300.08,299.96,300.66,301.4,300.91,300.93,300.66,300.23,300.08,300.41,300.53,301.0,300.21,299.86,299.75,300.25,300.1,300.08,300.3,300.91,301.23,300.66,300.58,300.75,300.88,299.93,299.36,299.61,300.3,300.0,300.18,300.53,301.13,300.43,300.71,300.66,300.53,300.33,300.36,300.05,300.18,300.25,300.13,299.46,300.25,300.16,299.8,299.96,299.48,298.88
299.05,299.75,300.11,300.15,299.71,299.61,299.88,299.98,299.88,300.11,300.0,299.48,299.16,300.11,300.25,300.21,300.13,299.61,299.43,299.43,299.58,299.71,299.23,299.28,299.88,299.71,299.61,299.43,299.48,299.75,300.16,300.28,300.06,299.98,299.93,299.9,300.05,300.21,300.16,300.03,300.08,300.21,299.83,299.96,299.8,299.4,299.53,299.83,299.73,299.83,300.21,300.13,299.9,299.9,300.0,300.11,299.98,299.75,299.5,299.38,299.53,298.96,299.0,299.96,300.13,300.13,300.15,300.03,299.9,299.75,299.28,299.03,299.38,300.11,300.43,299.73,299.58,299.28,299.3,299.5,299.78,299.91,299.38,299.65,300.16,300.13,300.21,299.5,299.5,299.83,300.08,299.96,299.73,300.05,299.68,299.73,299.8,299.53,299.88,300.05,299.96,299.95,299.38,299.91,300.25,300.03,300.03,299.73,299.88,299.93,299.81,300.5,300.75,300.25,300.21,300.21,300.3,300.4,299.96,299.98,300.48,300.08,299.86,299.66,300.0,299.93,299.41,299.36,299.21,299.55,299.91,300.11,299.58,299.93,299.73,299.66,299.61,299.58,299.61,299.38,299.5,299.38,299.61,299.58,299.75,299.5,299.55,299.43,299.73,299.96,300.03,300.21,300.38,300.33,300.36,300.28,300.3,300.03,300.21,300.56,300.38,299.9,300.4,300.23,300.28,300.08,299.88,300.31,300.35,300.03,299.98,299.61,299.46,300.11,299.83,299.38,299.43,299.73,299.86,299.91,300.05,300.21,299.93,299.25,299.33,299.55,299.96,300.36,300.03,300.21,300.53,300.18,300.3,299.88,300.5,300.63,300.03,300.46,300.18,299.85,300.11,300.83,300.63,300.63,299.93,299.58,300.55,300.86,300.0,299.5,300.33,300.53,300.68,300.48,300.73,300.36,299.93,300.73,300.78,300.38,300.36,300.66,300.9,299.58,300.71,300.73,300.61,300.86,300.75,300.36,300.38,301.16,300.91,301.05,301.03,301.33,301.08,301.13,301.03,301.63,300.98,300.88,300.96,301.0,301.18,301.08,301.23,301.65,300.73,301.13,301.23,300.78,301.08,300.83,300.23,299.83,300.63,301.15,300.96,299.43,299.86,299.93,299.71,300.3,300.93,301.5,300.88,300.21,300.68,301.23,300.8,300.78,300.71,300.28,300.68,300.96,301.11,300.88,300.98,299.68,299.38,300.58,300.05,300.06,300.46,300.33,300.08,300.91,300.75,300.48,300.75,300.71,300.46,300.83,301.08,300.46,300.93,301.28,299.66,300.08,300.58,300.96,301.05,300.65,300.3,299.9,300.55,300.48,300.83,299.61,299.98,299.91,299.41,299.68,300.36,300.21,300.18,299.75,300.48,300.83,300.55,300.48,300.53,300.23,299.85,300.4,300.96,301.16,300.56,300.63,300.5,300.23,299.83,299.3,299.61,299.61,300.5,300.71,300.25,300.18,299.88,300.16,300.23,299.21,299.25,299.23,299.36,298.93,299.53,300.08,300.21,300.0,299.46,299.28,299.38,299.83,300.0,299.56,299.16,299.68,299.78,300.08,300.05,299.81,300.23
300.56,300.28,300.38,300.65,300.36,300.13,300.05,299.8,299.55,299.56,299.75,299.68,299.75,299.28,298.86,298.41,298.58,298.78,298.83,299.08,299.28,298.86,297.93,298.68,299.13,299.25,299.18,298.63,298.33,298.25,298.65,299.5,299.43,299.08,299.13,299.05,298.75,298.5,298.88,298.31,298.43,298.33,298.25,299.16,299.05,299.5,299.5,299.28,299.13,299.36,299.28,299.03,299.36,298.88,299.23,298.63,298.25,299.21,299.58,299.3,299.13,299.08,299.06,299.16,298.93,299.43,299.48,299.46,299.18,298.96,298.61,298.88,298.55,298.61,299.05,299.08,299.38,299.33,299.0,298.5,297.98,298.0,298.41,298.96,299.58,299.53,299.38,299.21,299.35,299.53,299.53,299.33,299.25,299.55,299.71,299.71,299.68,299.13,299.21,299.18,299.13,299.38,299.63,299.43,299.33,299.4,299.36,299.23,299.46,299.73,299.98,299.86,299.98,299.86,299.68,299.0,299.36,299.36,299.23,299.63,299.96,299.88,299.8,299.88,299.36,299.48,299.28,299.11,299.66,300.16,300.13,299.93,300.08,299.85,299.73,299.98,299.88,299.58,299.66,299.8,299.96,299.68,299.98,299.86,300.13,300.0,299.88,299.53,299.43,299.73,299.86,300.0,300.3,300.13,300.13,299.96,299.75,299.91,299.73,300.36,300.48,300.63,299.91,299.86,299.9,299.93,300.15,300.53,300.43,300.4,299.68,300.28,300.55,300.38,299.93,299.73,300.18,300.53,300.38,300.18,300.03,299.78,299.91,299.78,300.58,300.18,300.03,299.96,299.63,299.63,299.66,299.96,299.78,300.11,299.98,300.18,300.48,300.38,300.08,299.58,300.03,299.38,299.88,300.46,300.0,300.48,300.5,300.58,300.48,300.83,300.55,300.03,300.21,300.88,300.23,300.73,300.98,300.66,300.36,300.53,300.46,300.05,300.5,300.83,300.48,300.18,300.18,300.31,300.36,300.18,300.08,300.35,300.28,300.46,300.21,301.11,300.63,300.41,300.48,300.95,300.63,300.93,301.16,300.63,300.61,301.0,300.65,300.93,300.91,301.13,300.78,300.55,301.05,300.35,300.58,300.81,301.13,301.21,301.0,299.85,299.8,300.4,300.38,300.88,300.41,299.73,300.43,300.9,300.83,300.56,300.81,301.21,300.98,300.38,300.38,300.71,301.1,300.8,300.73,300.68,300.98,300.96,300.96,301.21,300.86,300.96,301.05,301.21,301.71,300.96,300.53,300.88,301.0,300.48,299.73,299.9,301.0,300.88,300.83,300.71,300.55,301.13,300.71,300.41,299.8,299.58,299.63,299.21,299.18,299.36,299.86,299.78,299.66,299.66,299.71,299.61,299.53,300.13,300.3,300.18,300.21,300.16,299.8,299.3,299.25,299.0,298.93,298.73,298.93,299.46,299.05,298.46,298.23,299.11,299.86,299.36,299.23,299.53,299.28,299.98,300.13,300.08,299.38,299.5,299.56,299.05,298.73,298.28,297.93,297.38,297.78,298.33,298.5,298.93,299.05,298.91,299.25,299.11,299.5,299.71,299.33,299.53,299.68,299.53,299.8
299.8,299.83,299.61,299.15,298.53,298.4,298.21,298.61,298.68,298.61,298.63,298.53,298.38,298.43,298.53,298.53,298.71,298.75,298.98,299.28,299.18,299.11,299.33,299.13,299.33,299.5,298.63,298.03,298.93,298.58,298.31,298.65,298.78,299.48,299.46,299.25,299.13,299.08,299.28,299.05,298.78,299.05,299.16,299.25,298.5,298.53,298.75,298.8,298.66,298.73,298.4,299.05,298.56,298.71,299.13,299.08,298.98,298.98,298.5,299.25,299.11,299.08,298.98,298.36,299.08,298.4,299.03,299.23,298.86,298.93,299.25,299.0,298.88,298.58,298.61,298.96,299.33,299.18,298.75,298.8,299.08,299.18,298.68,299.11,299.25,299.46,299.33,298.93,298.88,298.83,298.98,298.88,299.08,299.36,299.3,299.03,299.25,299.41,299.68,299.43,299.45,299.21,299.25,299.71,299.46,300.08,299.73,299.83,299.38,299.38,299.38,299.65,299.66,299.46,299.25,299.46,299.4,299.63,299.5,299.63,299.88,299.75,299.91,299.43,299.4,299.5,299.53,299.48,299.18,299.36,299.5,299.48,299.63,299.48,299.28,299.38,299.63,299.93,299.66,299.53,299.68,299.55,299.5,299.23,299.11,299.3,299.36,299.31,299.48,299.48,299.78,299.63,299.31,299.38,299.38,299.23,299.86,300.13,300.11,299.88,299.65,299.75,299.86,299.43,299.46,299.9,299.86,299.65,299.21,299.36,299.36,299.23,299.38,299.5,299.43,299.73,299.71,299.35,300.28,299.91,299.5,299.78,299.91,300.23,299.66,299.71,299.75,299.86,299.38,299.71,300.15,300.0,300.15,300.05,300.43,300.38,300.43,299.98,299.88,300.46,300.0,299.8,300.08,300.0,299.65,300.21,300.46,299.71,299.78,299.93,300.23,300.56,300.46,300.55,300.83,300.8,300.38,300.31,299.83,300.1,300.25,299.8,300.06,300.71,300.65,300.63,300.48,300.68,300.66,300.86,300.63,300.58,300.46,300.53,300.23,300.53,300.48,298.96,299.61,300.75,301.18,300.91,300.5,300.46,300.18,300.5,300.55,300.16,299.88,300.23,300.58,301.16,300.78,300.0,300.13,300.61,300.13,300.13,300.38,299.68,299.86,300.48,301.08,301.18,301.08,300.5,300.58,300.71,300.61,300.5,300.8,300.61,300.81,300.43,300.68,300.48,300.63,301.18,301.18,301.03,300.75,300.58,300.18,300.33,300.46,300.78,300.63,300.63,300.83,300.68,300.58,300.31,299.93,300.0,300.91,301.0,301.0,300.8,300.55,300.46,300.36,300.15,300.25,299.93,299.93,300.31,300.43,299.98,300.3,300.08,300.0,300.33,300.38,299.93,299.93,300.28,299.88,300.13,300.41,300.43,300.16,299.73,300.18,299.93,300.25,299.5,299.63,299.48,299.78,299.71,299.66,299.78,299.93,299.63,299.58,299.68,299.36,299.81,299.48,299.36,299.66,300.21,299.61,299.38,299.46,299.96,300.23,300.43,300.11,300.05,300.21,299.71,299.71,299.53,299.53,299.38,299.43,299.63,299.88,300.03,299.96,300.05,300.61,300.38,299.78
299.41,299.78,299.66,299.46,299.18,299.68,299.73,299.46,299.78,299.48,299.5,299.3,299.53,299.38,299.05,299.11,299.11,299.28,299.13,299.61,300.15,299.75,299.9,299.86,299.46,299.03,299.21,299.33,299.78,299.66,299.36,299.58,299.43,299.0,298.93,299.16,298.83,299.03,299.08,298.83,298.18,298.66,299.08,299.0,299.05,298.93,298.65,298.86,299.25,299.13,299.56,299.63,299.5,299.35,299.56,299.73,299.93,299.4,298.86,298.96,299.28,299.56,299.61,299.75,299.63,299.63,299.68,299.71,299.43,299.15,299.0,299.03,298.88,298.93,299.21,299.48,298.86,298.78,299.5,300.03,300.0,300.1,299.56,298.33,298.61,298.33,298.88,299.21,299.56,299.83,299.73,299.86,299.63,299.53,299.36,299.75,299.88,299.73,299.5,299.11,299.48,299.48,298.9,299.13,299.25,299.36,299.58,299.55,299.38,299.31,299.08,299.41,299.5,299.41,299.56,299.68,299.43,299.4,299.48,299.3,299.03,299.06,299.88,299.93,299.71,299.73,299.61,299.43,299.96,300.13,300.05,299.75,299.91,300.0,299.88,299.58,299.46,299.83,299.56,299.58,299.58,299.31,299.75,299.71,299.68,300.08,299.86,299.71,299.73,299.41,299.0,299.23,298.98,299.75,299.78,300.03,299.86,299.91,300.0,300.18,300.41,300.25,299.96,300.46,300.4,300.23,300.53,300.23,299.46,299.98,299.8,299.96,300.0,300.03,300.1,299.66,299.8,299.28,299.73,299.93,300.23,299.7,299.68,299.88,299.23,299.33,299.93,299.98,300.06,300.16,300.38,300.58,300.05,299.48,299.73,299.48,299.93,300.53,300.63,300.16,300.55,300.63,300.61,300.25,300.46,300.75,300.48,300.46,299.63,300.41,300.58,300.73,300.41,299.96,300.18,300.18,300.36,300.68,300.25,299.61,300.25,299.83,300.03,300.83,301.25,300.53,300.71,300.43,300.73,300.86,300.3,300.46,301.06,301.53,301.03,300.65,300.8,300.65,300.38,300.08,299.98,300.46,300.75,301.03,301.06,300.88,300.66,300.55,300.96,300.78,300.25,300.9,300.33,299.75,300.58,300.78,301.03,301.28,300.96,300.93,300.78,301.13,300.93,300.63,300.5,300.25,300.41,300.83,300.98,301.11,301.25,301.46,300.96,300.83,300.7,301.13,300.83,300.75,300.86,301.11,300.53,300.25,300.58,300.38,300.56,301.06,300.46,300.48,300.28,299.75,299.98,300.18,300.03,300.38,300.38,300.48,300.18,299.93,300.48,300.63,300.71,300.13,300.46,301.16,300.75,300.61,301.08,301.28,301.3,301.38,301.15,301.28,301.38,301.48,301.28,301.0,300.86,300.46,299.93,300.18,300.23,299.96,300.23,300.28,300.33,300.33,300.23,300.08,299.98,299.98,300.21,300.06,300.1,300.25,300.23,299.98,299.96,300.18,300.58,301.13,300.93,300.53,300.16,300.46,299.98,299.88,300.58,300.48,300.68,300.43,300.5,300.18,299.96,299.61,299.75,300.03,299.71,299.91,299.81,300.0,299.81,299.13,299.63,299.71,299.71
299.61,299.48,299.28,299.6,299.71,299.66,299.28,298.86,299.43,299.73,299.78,299.18,299.33,299.43,299.31,299.25,298.68,298.86,298.71,299.13,299.41,299.78,299.88,300.0,300.03,299.75,299.88,299.78,299.71,299.46,299.46,299.0,298.66,298.41,298.43,298.53,298.83,299.21,299.18,299.11,299.03,298.68,298.86,298.66,298.55,298.71,299.31,299.21,299.43,299.4,299.4,299.0,298.73,298.96,298.86,298.93,299.03,299.13,299.03,298.96,299.11,298.86,298.8,299.23,299.3,299.46,299.8,299.4,299.46,299.3,299.48,299.68,299.61,299.38,299.5,299.6,299.38,299.35,299.38,299.48,299.5,299.25,298.93,299.28,299.13,299.8,299.88,300.03,300.25,299.88,299.73,299.93,299.75,299.56,300.08,300.13,300.38,300.18,300.0,300.68,300.28,300.11,299.61,299.75,299.5,299.25,299.41,299.8,299.86,300.16,300.08,300.13,299.96,299.08,298.78,299.23,299.45,299.25,299.15,299.3,299.91,300.18,300.28,300.08,299.78,300.13,300.05,299.88,299.66,299.75,300.23,300.43,300.0,300.28,300.48,299.78,299.78,299.83,299.75,299.73,300.25,299.93,299.68,299.98,300.25,299.81,299.58,300.0,300.38,300.08,300.21,300.13,300.08,300.66,300.41,299.88,300.08,300.08,300.21,300.61,300.38,299.96,300.11,300.05,300.08,300.18,300.08,300.33,300.13,299.88,299.93,300.36,300.53,300.31,300.18,300.05,300.03,299.83,299.75,299.78,299.25,299.48,299.96,300.05,300.0,300.18,299.9,300.55,300.36,299.86,300.11,300.11,299.53,299.75,300.25,300.03,300.21,300.41,300.06,300.13,300.15,300.36,300.06,300.0,300.66,300.16,299.63,300.58,300.05,299.73,300.28,299.28,299.46,299.88,300.5,300.68,300.25,300.08,300.43,299.9,299.78,300.11,299.86,299.78,300.28,300.68,300.81,300.78,299.98,300.91,300.48,300.41,300.66,300.88,300.86,300.58,300.6,300.36,300.05,300.16,300.68,300.73,300.96,301.05,300.53,300.73,301.03,300.96,300.73,300.66,300.53,300.33,300.16,299.96,300.21,300.21,300.71,300.83,300.21,300.13,300.41,300.15,300.58,300.73,300.78,300.13,299.6,300.41,300.66,300.38,299.98,300.8,301.18,300.65,300.96,301.08,300.98,299.83,299.88,300.31,300.61,300.5,299.6,299.93,300.53,300.71,300.16,300.11,299.78,300.25,299.96,299.98,300.33,300.58,299.63,300.11,300.18,300.63,300.16,300.18,300.23,299.93,300.21,300.08,300.21,300.28,300.31,300.13,300.35,299.68,299.21,300.11,299.75,299.55,299.36,300.36,301.08,300.43,299.83,300.25,300.46,300.18,300.05,299.6,299.6,299.48,300.13,299.88,300.08,300.03,300.41,300.28,300.25,299.86,300.25,299.38,300.0,300.38,300.25,299.96,299.71,300.08,300.21,300.23,299.93,299.43,300.25,299.91,300.23,300.06,299.93,299.78,299.53,299.53,299.66,299.83,299.86,299.46,299.83,299.83,299.16,299.21,299.86,299.88,299.68
299.86,298.91,299.46,299.55,299.48,299.78,299.73,299.61,299.78,299.43,299.3,299.36,299.03,299.41,299.18,299.66,299.13,299.18,298.8,299.05,299.56,299.68,299.88,300.13,299.46,298.88,299.18,299.13,299.58,299.33,299.33,299.21,298.93,298.73,299.0,299.36,299.71,299.81,299.88,299.63,299.66,299.63,298.98,298.98,298.68,298.78,299.11,299.06,298.68,298.78,298.91,299.5,299.3,299.5,299.28,299.13,298.91,299.11,298.88,298.8,299.08,298.78,299.33,299.55,299.55,299.66,299.78,299.98,299.38,299.68,299.48,299.73,299.25,299.25,299.21,299.08,299.11,299.53,299.48,298.9,298.71,299.0,299.4,299.38,299.5,299.18,299.05,299.13,299.48,299.61,299.38,299.71,300.0,299.88,299.65,299.56,299.73,300.0,299.38,299.36,299.73,299.75,299.88,299.68,299.71,299.38,299.48,299.18,298.91,299.33,299.48,299.38,299.48,299.4,299.33,298.78,299.53,299.5,299.23,299.25,299.28,299.36,299.23,299.98,299.91,300.05,299.88,299.65,299.98,299.96,300.43,300.18,299.55,299.5,299.78,299.73,299.5,299.13,299.46,299.5,299.88,299.5,299.93,299.81,299.78,299.55,299.55,299.48,299.71,299.61,299.68,299.63,299.41,299.46,299.11,299.71,299.78,299.53,299.46,299.63,299.78,300.28,300.63,299.78,299.75,300.0,300.0,299.88,299.88,299.66,299.53,298.96,299.56,299.13,299.58,299.58,299.78,300.15,299.9,299.65,299.11,299.61,299.28,299.43,298.95,298.88,299.45,299.98,299.75,299.63,299.9,300.18,300.08,300.03,299.83,299.36,299.78,299.53,299.71,300.48,300.06,299.03,299.5,299.96,300.23,300.33,300.11,299.78,300.21,300.11,299.83,300.18,300.28,299.8,299.08,299.71,299.86,299.63,299.56,299.36,298.8,299.03,299.36,299.68,300.25,299.9,299.88,299.93,299.56,299.63,300.28,299.86,300.16,300.05,299.65,300.0,300.16,299.96,299.93,300.13,300.18,299.48,300.16,300.28,299.86,300.15,300.1,300.25,300.03,299.96,300.28,300.43,300.68,300.38,300.41,300.08,299.98,299.98,299.71,300.53,300.58,300.53,300.33,300.48,300.46,300.98,300.73,300.28,300.41,300.61,300.75,300.48,300.18,300.18,301.11,300.78,300.33,300.48,300.03,299.96,300.0,300.43,300.38,300.03,300.63,300.28,300.5,300.38,300.25,301.03,300.63,300.63,300.58,300.58,300.5,300.91,300.53,300.41,300.18,300.0,300.61,301.03,300.28,300.03,300.3,300.36,300.61,300.61,300.53,300.6,300.28,300.71,300.46,300.71,300.55,300.38,300.23,300.41,299.78,299.38,300.21,300.68,299.61,299.16,299.66,299.88,299.86,299.8,300.41,300.68,300.25,300.38,300.68,299.63,299.48,299.0,300.08,300.38,300.18,299.93,299.61,299.03,299.25,299.98,300.58,300.73,300.48,300.0,300.18,299.86,299.53,299.78,299.96,300.55,300.18,299.98,299.63,299.78,300.28,300.43,299.91,299.73,299.93,300.16,299.93
299.55,299.92,300.14,300.27,300.37,300.15,299.99,299.57,299.55,299.97,299.82,299.52,299.49,299.3,299.6,299.75,299.55,299.8,299.37,299.97,299.92,300.12,299.75,299.47,299.52,300.05,300.1,299.74,299.37,299.85,300.05,299.57,299.85,299.99,300.52,299.87,299.6,299.67,299.89,300.07,300.27,299.55,299.37,299.32,299.49,299.25,299.17,299.32,299.35,299.57,299.72,299.55,299.62,299.67,299.55,299.8,299.37,298.99,299.3,300.17,300.45,300.05,299.92,300.14,300.55,300.32,299.97,300.25,300.15,299.87,300.35,300.5,300.35,300.74,300.6,300.57,300.52,300.35,300.27,299.55,299.74,299.62,299.32,299.62,299.17,299.02,299.22,299.42,299.25,299.17,298.97,298.95,299.12,298.82,299.7,299.9,299.9,299.62,299.2,299.45,300.05,300.22,300.3,300.0,299.37,299.8,300.1,299.6,299.42,299.85,299.65,299.92,299.92,300.1,299.39,298.99,299.1,299.27,299.55,299.25,299.35,299.74,300.4,300.2,300.15,299.77,299.97,299.7,299.8,300.32,299.95,299.92,299.77,300.32,300.1,300.07,299.32,299.67,300.07,299.87,300.05,300.14,300.3,300.47,300.85,300.97,300.95,301.2,301.02,300.6,300.55,300.27,300.75,300.22,299.52,299.87,299.8,299.67,299.75,299.8,299.49,299.37,300.35,299.82,299.72,299.8,299.8,299.87,299.35,299.82,299.7,299.37,299.75,299.97,299.55,299.9,300.07,300.14,299.92,300.14,299.99,300.57,300.1,299.57,300.02,299.85,299.39,299.95,300.02,299.77,300.6,300.74,300.89,300.77,299.57,299.42,300.07,300.82,300.42,299.77,300.02,300.52,300.77,300.77,300.22,300.4,300.27,300.02,300.24,299.82,300.14,300.05,300.57,300.87,299.95,300.24,300.12,300.45,300.42,299.87,300.67,300.55,300.52,300.25,300.5,300.49,300.35,300.45,300.5,300.55,300.97,300.12,300.6,300.22,300.62,300.4,299.67,299.52,299.92,300.15,300.22,299.82,299.12,298.8,299.8,299.8,300.49,300.57,300.49,300.72,300.82,300.62,300.87,300.62,300.4,300.2,300.6,300.49,300.42,300.82,300.62,300.32,300.67,300.17,299.89,299.9,300.27,300.1,300.52,300.49,300.77,300.07,299.55,300.6,299.9,300.02,300.24,299.62,299.92,300.4,300.14,300.82,300.6,300.8,300.7,300.37,300.32,300.45,300.14,299.99,299.6,300.57,299.74,300.32,300.47,300.77,300.6,300.45,300.35,300.57,299.32,299.02,299.12,299.62,299.95,299.95,299.75,299.7,299.32,299.52,299.47,299.62,300.15,300.27,300.17,299.74,299.82,299.75,299.82,300.2,299.37,298.95,299.6,299.62,299.74,299.95,300.12,299.65,299.6,299.42,299.87,299.67,299.57,299.77,299.32,299.07,299.45,299.87,300.27,300.02,299.92,299.8,299.92,300.05,299.3,298.82,298.72,299.3,299.14,298.55,299.1,298.67,299.12,299.17,299.12,298.85,299.37,298.82,299.0,298.89,299.14,298.9,298.89,298.12,297.2
298.49,299.07,299.55,299.4,299.2,298.75,298.37,298.45,298.55,298.62,298.49,298.75,298.95,299.25,299.05,298.87,298.75,298.97,298.85,298.85,298.62,298.07,298.2,298.47,298.47,298.85,298.8,298.74,297.52,297.45,298.37,298.4,298.42,298.17,298.45,298.4,298.92,299.22,298.5,298.42,298.55,298.32,298.45,298.22,298.77,298.52,298.22,297.8,298.62,298.6,298.37,298.45,297.92,298.0,297.89,298.2,298.95,299.05,298.85,298.47,298.9,298.89,298.67,299.22,298.74,298.99,299.27,299.1,298.82,298.7,298.49,298.7,299.07,298.97,298.7,298.85,298.75,298.72,298.6,298.27,297.92,297.57,297.75,298.17,298.3,298.2,298.4,298.35,298.19,298.1,297.45,297.14,297.79,297.92,298.05,297.8,298.3,298.32,298.32,298.14,298.42,298.57,298.92,297.87,297.47,297.55,298.24,297.77,297.27,297.25,297.65,298.39,298.4,298.7,298.15,297.47,298.95,298.8,298.07,298.47,298.12,298.65,299.25,299.02,299.1,299.27,299.42,299.24,298.5,298.89,298.85,299.35,299.82,300.2,299.97,299.67,299.22,298.67,298.74,298.47,299.05,299.85,299.95,299.7,299.17,299.32,299.35,299.39,299.89,299.85,299.89,299.25,299.02,298.65,300.0,299.85,300.1,299.7,299.57,299.49,299.2,299.8,299.67,299.42,299.27,299.27,299.32,299.74,299.95,299.39,299.3,299.45,299.6,299.65,299.35,299.97,300.25,299.92,299.55,299.67,299.27,299.2,299.25,299.17,299.89,299.55,299.99,299.99,299.85,299.42,299.25,299.57,299.3,299.52,299.32,299.02,299.05,298.77,299.35,299.3,299.35,299.45,299.77,299.17,300.47,299.82,299.82,299.32,299.55,299.99,300.1,299.8,299.25,299.85,300.17,299.85,299.52,299.07,299.55,300.14,299.35,299.47,299.52,299.65,299.42,299.79,300.32,299.17,299.65,299.9,300.42,299.8,299.24,299.45,299.14,299.77,299.95,299.64,299.52,299.3,299.22,298.85,299.35,300.15,299.8,299.05,298.87,299.95,300.27,300.32,300.14,299.75,299.32,299.49,300.12,300.22,299.37,299.07,299.75,299.75,299.62,299.8,300.12,300.17,300.57,299.57,300.1,299.97,300.17,300.14,300.02,300.12,299.99,300.27,300.5,299.82,299.7,299.57,300.1,299.8,300.15,299.4,300.3,300.12,300.22,299.32,299.89,300.0,299.62,300.07,300.12,300.6,300.22,299.5,300.42,300.1,299.8,300.12,300.02,299.57,299.32,300.02,300.55,300.6,300.02,299.7,299.1,299.85,300.05,299.97,300.05,300.57,299.67,299.17,299.32,299.17,299.49,299.85,299.67,299.0,299.7,299.32,300.1,299.5,299.4,299.57,299.45,299.9,299.72,299.52,299.52,299.45,299.57,299.52,299.14,299.22,298.9,298.47,299.0,299.85,300.2,299.89,300.0,299.7,299.39,299.2,299.17,298.77,299.02,299.27,298.95,298.77,299.1,299.12,299.22,299.17,299.0,299.07,299.24,299.07,298.67,298.52,298.6,299.02,298.82
298.45,298.37,298.82,298.97,298.8,299.0,298.77,298.72,299.04,298.62,298.55,298.2,298.62,298.27,298.8,298.97,298.5,298.95,298.77,298.95,298.55,298.82,298.67,297.8,298.2,298.35,298.5,297.82,297.75,297.37,297.7,297.82,298.14,298.22,298.77,298.37,298.95,299.12,299.1,299.07,298.5,298.25,298.37,298.9,298.52,298.12,298.47,298.7,298.62,298.37,298.77,299.19,298.82,298.42,298.45,298.35,298.35,298.45,298.39,297.97,298.27,298.32,298.47,298.77,298.82,298.7,298.3,298.64,299.24,298.99,298.5,298.05,297.92,298.42,298.3,298.57,298.97,298.85,298.85,298.57,298.92,299.3,299.02,298.97,299.05,298.42,298.37,298.92,298.72,298.95,298.35,298.57,298.14,298.12,298.12,298.45,298.64,298.82,298.57,298.02,298.32,298.15,298.32,298.17,298.02,298.57,299.12,298.6,298.3,298.54,298.12,298.24,298.85,298.32,298.24,298.85,298.6,298.77,298.82,298.49,299.0,299.17,299.32,299.14,299.07,299.14,298.82,298.95,298.87,298.82,298.8,299.05,299.17,299.05,299.35,298.94,298.77,298.92,299.2,299.39,299.22,298.8,298.49,298.62,299.14,299.27,298.95,298.64,298.92,299.2,299.22,299.7,299.82,298.97,299.2,298.9,299.37,299.65,299.67,299.2,298.32,298.57,299.14,299.2,299.7,299.55,298.99,298.87,299.05,299.39,298.97,299.25,299.2,299.0,299.17,299.07,299.22,299.05,298.35,297.87,298.75,298.82,298.7,298.97,299.1,299.42,299.27,299.0,299.1,299.8,299.72,299.77,299.7,299.42,299.17,299.3,299.05,299.2,298.99,299.17,299.45,299.9,299.89,299.64,299.5,299.55,299.6,299.1,299.3,298.62,299.25,299.12,299.02,299.25,299.6,298.99,299.24,299.32,299.74,299.35,299.27,299.6,299.4,299.52,299.64,299.39,299.32,299.57,299.3,300.02,300.1,299.17,299.12,298.95,298.65,299.87,299.77,299.3,299.77,299.45,299.27,299.8,299.35,298.95,299.2,299.1,299.62,300.12,299.87,299.9,300.17,299.69,299.75,299.57,299.14,299.65,299.77,300.1,299.5,299.55,299.25,299.62,299.97,299.95,299.5,298.97,298.75,299.24,299.35,300.39,299.97,300.22,300.47,300.0,299.37,299.32,299.99,299.65,298.92,299.24,299.65,299.15,299.74,299.7,300.35,299.92,299.35,299.62,299.22,300.2,299.72,299.52,298.97,299.72,299.87,299.95,300.25,299.75,299.42,299.5,299.7,299.39,299.25,299.3,300.17,299.32,299.37,299.17,299.2,299.5,299.8,299.55,299.05,299.25,299.1,299.02,298.8,299.15,299.39,299.55,299.77,299.65,298.95,298.85,299.0,299.07,299.35,299.6,299.62,299.37,299.45,299.57,299.45,299.32,298.89,299.24,298.49,298.82,298.12,298.67,298.25,298.35,298.85,298.95,298.52,298.62,299.14,298.89,298.72,298.39,298.6,298.95,299.12,299.22,298.77,298.9,298.82,299.17,299.05,298.77,298.67,298.92,298.74,298.95,298.72
298.17,298.67,298.64,298.6,298.5,298.5,298.72,298.55,298.49,299.22,298.85,298.54,298.32,299.27,298.45,297.97,298.49,298.97,298.42,298.89,299.37,299.25,298.02,297.92,298.3,298.55,298.24,298.1,298.27,298.2,298.52,299.14,299.27,298.82,298.57,299.17,298.77,298.65,298.87,298.95,298.77,298.62,298.57,298.55,298.27,298.32,298.8,298.65,298.42,298.39,298.32,298.52,298.32,298.22,298.42,299.1,298.75,298.2,298.47,298.6,298.55,298.55,298.6,298.67,298.7,298.82,298.99,298.97,298.62,298.6,298.77,299.07,298.92,298.72,298.65,298.35,298.7,298.47,298.67,298.25,298.27,297.89,297.35,297.9,297.92,298.14,299.42,298.72,298.62,298.67,298.97,298.45,298.55,298.62,298.64,298.35,298.74,298.14,298.49,298.24,298.17,298.6,299.07,298.87,298.95,298.62,298.7,298.82,298.8,298.6,298.82,298.77,298.35,298.42,298.3,298.42,298.32,298.65,298.92,298.99,298.6,298.97,299.07,299.2,298.97,299.1,298.8,298.65,298.72,298.82,299.2,299.05,298.9,298.87,299.12,298.85,298.9,298.87,298.89,299.35,298.9,298.75,298.62,299.2,298.97,299.35,299.47,299.2,299.72,299.5,299.5,299.2,299.32,299.5,299.27,299.2,299.47,299.55,298.82,298.42,298.9,299.27,298.85,299.07,298.02,298.42,298.95,298.74,298.57,298.8,299.12,298.9,298.74,299.2,298.8,298.97,299.07,299.32,299.45,299.32,299.72,299.77,299.6,300.1,299.82,299.6,299.64,299.87,299.85,299.77,299.92,300.02,299.35,300.47,300.14,300.15,299.72,299.6,299.9,299.24,299.89,300.05,299.0,299.42,299.32,300.3,299.65,299.47,299.52,299.45,299.1,299.39,299.6,299.87,299.97,299.67,299.87,299.55,299.8,300.35,300.67,300.75,300.12,299.47,299.75,300.6,300.17,299.85,299.77,299.97,299.72,299.85,300.45,300.3,300.55,300.65,300.97,300.8,300.25,299.62,299.7,300.32,300.49,300.55,300.37,300.4,300.37,300.27,300.3,300.25,300.27,300.42,300.49,300.1,300.2,300.7,300.77,300.55,300.55,299.85,299.89,299.65,300.32,300.3,299.57,299.62,299.77,299.45,299.64,300.7,300.27,300.17,300.04,299.89,299.77,300.42,300.82,300.0,300.5,300.3,300.85,300.1,300.55,300.95,299.7,299.5,300.4,300.32,300.2,300.57,300.85,300.22,300.32,300.49,300.1,299.97,299.87,299.97,299.62,299.87,300.15,300.39,300.3,299.67,299.52,299.74,300.05,300.35,300.3,300.2,299.22,299.15,299.72,299.99,299.77,300.7,300.7,300.95,300.7,300.02,300.07,299.99,299.57,299.85,299.87,299.75,299.92,299.85,299.7,299.32,299.05,299.15,299.47,299.5,299.57,299.27,299.72,299.55,299.72,299.52,299.22,299.27,299.6,299.42,298.89,299.12,298.82,298.82,299.39,299.9,298.99,299.55,299.52,299.05,299.25,299.49,299.14,299.27,299.72,299.22,299.17,299.1,299.07,299.1,298.72
299.45,299.49,299.42,299.47,299.62,299.45,299.3,299.22,299.64,299.4,299.17,299.25,299.52,299.1,298.49,299.12,299.02,298.69,298.77,298.5,298.32,298.92,299.07,298.89,299.0,299.07,298.57,298.62,298.37,298.15,298.22,298.32,298.45,298.32,298.22,298.82,298.8,297.97,298.9,299.42,299.42,298.89,298.22,298.14,298.42,298.55,298.87,299.17,298.35,298.8,299.49,299.27,299.02,299.22,299.62,299.2,299.55,299.45,298.4,298.25,297.95,298.37,298.7,298.8,298.72,298.95,299.52,299.22,298.72,298.72,298.95,298.67,298.8,298.52,298.47,298.77,298.94,298.87,298.72,298.52,298.87,299.24,299.02,298.6,298.77,299.35,299.47,299.22,299.45,299.42,299.22,299.22,299.17,299.15,298.8,298.9,299.05,299.14,299.22,298.57,298.37,298.65,299.32,299.02,299.72,299.45,299.52,298.77,298.92,299.1,299.52,299.65,299.15,299.37,299.1,299.77,299.45,300.07,299.8,299.65,299.37,299.2,299.17,299.87,300.1,299.62,299.47,299.57,299.39,299.0,300.12,299.67,299.92,299.72,299.07,299.7,299.42,299.2,299.14,299.22,299.27,298.82,299.15,299.4,299.4,299.25,299.04,299.45,299.57,299.85,299.85,299.57,299.42,299.37,299.97,299.72,299.67,299.72,299.85,300.05,300.07,299.92,299.52,299.87,300.07,300.45,299.8,299.35,299.55,299.7,299.79,299.7,299.52,299.97,299.87,300.22,299.95,300.05,300.2,299.95,299.32,299.8,299.72,300.22,299.72,299.79,300.12,300.2,300.12,299.72,300.2,299.74,299.57,299.85,299.6,300.05,300.47,300.62,299.99,299.35,299.92,299.57,300.25,300.57,299.95,300.12,300.05,300.5,300.05,300.07,300.0,299.95,299.92,300.07,300.57,300.45,300.45,300.49,300.3,300.24,300.0,300.27,300.5,300.82,300.37,300.67,300.87,300.67,300.87,300.77,300.52,300.6,300.12,300.42,300.82,299.95,300.02,300.35,300.22,300.6,301.02,300.7,300.22,300.52,300.82,300.55,300.45,300.07,300.35,299.6,299.92,300.37,300.3,300.37,300.6,301.45,300.67,300.65,300.42,300.8,300.9,300.67,300.7,300.75,300.44,300.47,300.27,300.52,301.07,301.45,300.55,299.82,300.82,300.72,300.37,300.6,301.24,300.9,300.57,300.87,300.62,300.52,301.0,300.82,300.82,300.92,300.89,300.52,301.1,300.77,300.8,300.77,301.22,301.24,300.97,300.8,300.87,300.82,300.85,301.47,300.42,300.52,300.64,300.6,300.6,300.4,300.4,300.92,300.47,299.8,300.35,300.87,301.12,300.37,301.05,301.12,300.52,300.22,300.02,300.32,300.65,299.95,300.7,300.24,300.17,300.12,300.77,300.37,300.47,300.5,299.95,299.57,299.99,300.77,300.1,299.8,299.82,300.07,300.05,300.07,299.9,300.02,300.1,299.82,300.15,299.4,299.37,298.65,299.39,300.49,300.05,299.7,299.05,299.37,299.37,299.32,299.22,299.27,299.07,299.07,299.14,299.95,299.65,299.62,299.89
299.78,299.65,299.6,299.6,299.22,299.42,299.4,299.18,299.3,299.3,299.8,300.18,299.12,299.6,299.62,298.97,298.93,298.77,299.07,298.88,298.68,298.73,298.45,299.85,300.28,299.82,299.9,299.72,298.87,298.3,298.05,298.97,300.05,299.13,299.18,298.82,299.05,298.95,299.3,299.53,299.28,299.18,298.93,298.57,298.6,298.78,298.43,299.02,298.95,299.12,299.6,299.05,299.22,298.97,298.55,298.4,298.5,298.6,298.53,298.02,298.52,298.53,298.42,298.7,299.05,299.7,300.43,299.37,299.68,299.68,299.32,298.97,299.62,299.78,298.9,298.9,299.18,298.78,299.02,299.57,299.55,299.25,299.65,299.93,299.93,300.37,299.5,299.22,299.65,298.93,299.45,300.15,299.68,299.45,299.47,299.5,299.6,299.72,299.9,300.1,300.33,300.32,300.2,300.18,300.05,300.27,299.87,299.7,299.12,299.95,300.27,300.15,299.82,299.4,299.75,299.8,299.97,300.22,300.0,299.75,299.65,299.75,300.3,299.8,300.1,300.05,300.0,299.82,300.4,300.7,300.72,300.47,300.55,300.18,299.75,299.98,300.33,300.55,300.5,300.65,300.8,300.72,300.63,300.65,300.45,300.6,300.72,300.6,300.1,300.3,300.6,300.65,300.43,300.55,299.93,300.65,300.68,300.4,300.4,300.38,300.32,300.6,300.88,300.88,300.93,301.0,300.85,301.37,301.25,300.8,300.4,299.9,300.3,300.43,300.68,300.6,300.3,300.45,300.75,300.3,300.03,301.1,300.87,300.27,300.13,300.07,300.35,300.5,300.57,300.55,301.05,301.15,300.2,300.1,300.15,300.5,300.9,300.6,300.68,300.6,300.02,300.15,300.32,299.9,300.7,300.77,300.72,300.65,300.55,300.25,300.3,299.97,300.25,301.03,301.3,300.38,300.43,300.62,300.6,301.07,300.75,300.0,300.53,301.07,301.58,301.18,301.15,300.82,301.05,300.1,300.6,300.45,300.8,300.87,300.45,300.38,299.8,299.95,300.57,301.13,301.15,301.15,301.75,301.32,300.72,300.72,300.65,299.95,300.4,300.77,300.97,301.57,301.25,301.0,301.2,301.18,300.98,300.5,300.8,300.8,300.12,300.67,301.03,300.88,300.22,300.47,300.05,300.07,300.6,300.13,300.68,301.05,301.22,300.87,300.93,300.05,301.25,301.25,301.3,301.82,300.95,300.7,301.38,301.18,301.15,300.38,300.1,300.73,300.22,300.93,301.2,301.0,301.15,301.1,300.82,300.28,300.25,300.12,299.88,299.93,300.08,299.2,299.97,300.1,300.6,300.18,300.3,300.2,300.2,300.13,300.35,300.37,300.43,300.63,300.0,300.28,300.3,300.37,301.0,300.72,300.0,299.97,300.1,300.12,300.22,300.5,300.4,300.22,300.85,300.78,300.55,300.25,299.88,299.52,299.9,299.27,299.37,299.85,299.97,299.75,299.35,299.47,299.73,299.3,299.15,299.6,300.37,300.1,299.27,299.57,299.62,299.3,299.32,299.58,299.95,299.3,298.7,299.2,299.85,299.93,299.45,299.5,299.18,299.32,299.32
299.38,299.78,299.52,299.8,299.75,298.9,298.95,298.68,299.05,299.15,299.32,299.05,299.28,299.45,299.32,299.15,299.28,299.43,299.1,299.0,298.68,299.05,299.4,299.68,299.63,299.75,300.05,299.62,299.07,298.8,299.3,299.4,299.22,299.2,299.07,298.93,299.07,298.9,299.08,299.32,299.5,299.5,298.95,299.02,299.05,299.07,299.4,299.4,299.43,299.47,299.43,298.9,298.75,299.03,299.2,299.0,299.1,298.35,298.6,298.72,298.48,298.85,298.55,298.8,299.1,299.97,300.4,300.1,300.18,300.15,299.75,299.48,299.0,299.32,299.38,299.48,299.52,299.68,299.82,299.7,299.63,299.63,299.7,300.07,299.83,299.78,299.47,299.32,299.38,299.05,299.45,299.52,299.88,298.85,299.6,299.7,299.88,300.1,300.25,299.68,299.82,300.1,300.02,300.1,300.2,300.35,300.07,299.82,299.65,299.73,299.7,299.47,299.6,299.4,299.28,299.1,299.9,299.72,299.55,300.1,300.47,300.47,300.28,300.72,300.77,300.18,299.53,299.6,299.93,299.72,299.68,299.77,299.45,299.47,299.63,299.85,299.82,299.97,300.25,300.0,299.95,300.3,300.43,300.07,299.53,299.55,299.65,299.85,300.05,300.15,300.05,300.52,300.45,300.12,299.28,299.85,299.85,300.27,300.07,300.13,300.07,299.8,300.03,300.13,300.5,300.3,300.05,299.38,299.7,300.07,299.47,299.97,299.4,299.65,300.43,300.37,299.35,299.93,299.22,299.93,300.3,300.12,300.2,299.97,299.65,299.72,300.13,300.37,300.12,300.27,300.28,299.52,299.28,300.0,299.82,299.93,300.27,300.35,300.28,299.83,300.07,299.95,300.5,300.1,300.52,300.97,300.72,300.52,300.32,300.78,300.95,300.75,300.4,300.5,301.05,300.73,300.35,300.58,300.23,300.08,300.5,299.93,300.03,300.21,300.2,300.1,300.78,300.78,300.55,300.88,301.21,300.98,300.46,300.05,300.35,300.35,301.13,301.53,300.85,300.53,299.73,300.08,300.6,301.53,300.71,300.71,300.18,300.13,300.43,299.9,300.48,300.83,300.48,300.48,300.18,300.5,300.35,300.75,300.58,300.33,300.3,300.96,300.75,300.98,300.71,300.61,301.25,301.38,300.98,300.93,300.88,300.88,300.46,300.33,300.71,300.68,300.85,300.63,300.6,300.4,300.73,300.28,300.58,301.21,300.8,301.18,301.1,300.5,300.35,300.21,301.23,300.96,300.35,300.3,300.58,300.83,301.05,301.48,300.98,300.68,300.83,301.1,300.71,301.0,300.65,301.43,300.58,300.35,300.48,300.75,300.78,300.6,300.63,300.68,300.85,300.81,300.81,300.58,300.55,301.23,301.4,300.25,300.65,300.91,300.33,299.43,300.28,300.4,299.8,300.43,301.18,301.08,301.08,300.46,300.5,300.23,300.15,300.08,299.88,300.33,300.23,300.33,300.21,300.4,300.6,300.05,299.96,300.18,300.3,299.98,299.8,299.35,300.15,300.33,300.3,300.08,300.3,300.25,299.78,300.08,300.13,299.8,299.25,298.88,299.38
300.1,300.08,300.25,299.71,300.0,299.35,299.9,299.8,299.68,299.83,299.88,300.21,300.15,299.56,299.93,299.73,300.23,300.68,300.21,299.88,299.9,299.55,299.03,299.18,299.5,299.55,300.0,299.98,300.65,299.96,299.91,299.93,299.98,299.46,299.2,299.68,299.71,299.25,299.21,299.28,299.0,298.75,299.18,299.25,298.98,298.53,299.53,299.88,300.0,300.21,300.46,299.83,299.46,299.88,299.35,300.48,300.4,299.95,299.71,298.2,297.96,298.88,298.93,299.38,300.03,300.13,299.58,299.68,299.53,299.23,298.55,299.18,299.13,299.48,299.55,299.73,299.98,299.28,299.38,299.28,299.48,300.13,299.9,299.23,299.45,299.65,299.93,300.23,300.15,299.71,299.23,299.08,299.41,299.55,299.63,300.23,299.58,299.5,299.08,299.23,298.88,299.25,299.9,299.65,299.46,299.28,299.53,300.0,300.05,299.65,299.41,299.18,299.58,299.43,299.48,299.15,299.15,299.63,299.75,299.33,299.28,299.91,300.05,299.88,299.96,299.63,299.38,299.78,299.88,299.78,299.75,300.03,300.08,299.88,299.53,299.63,299.78,299.55,299.88,299.88,300.08,300.23,300.13,299.96,300.25,300.35,299.98,299.68,299.9,299.55,300.35,300.3,299.91,300.31,300.3,300.5,300.78,300.38,299.15,300.18,300.68,300.65,300.25,300.35,300.48,300.78,300.58,300.03,300.41,299.91,300.15,300.55,300.18,300.13,299.88,299.83,299.88,299.43,300.0,300.66,300.53,300.13,300.55,300.21,300.25,300.15,300.23,300.75,300.85,300.23,300.0,300.18,300.46,300.21,300.7,300.81,300.53,300.0,300.18,300.53,300.2,300.83,300.25,300.71,301.08,300.9,301.0,300.78,300.41,300.58,300.78,300.88,300.8,300.9,300.5,300.9,300.6,300.72,300.55,300.68,300.75,300.52,300.93,300.6,300.75,301.02,300.72,300.75,300.5,300.22,300.68,300.93,300.65,301.22,300.5,300.47,300.45,300.97,300.8,300.45,300.7,300.93,301.0,301.12,301.13,300.9,300.97,300.93,300.48,299.8,300.57,300.97,301.22,301.45,301.15,300.93,300.9,300.32,301.18,301.3,301.05,301.05,300.57,300.77,300.63,300.93,300.55,301.18,300.93,300.07,301.07,301.18,301.18,301.05,301.4,301.15,300.53,300.47,300.7,301.13,301.3,301.45,300.95,301.13,301.6,301.28,301.03,301.13,301.25,301.15,300.82,300.75,300.3,300.37,300.68,301.53,301.32,301.23,301.05,301.05,300.65,300.65,300.63,301.2,301.3,301.0,301.3,301.1,301.13,301.07,301.15,300.7,301.13,301.3,301.3,301.25,301.2,301.6,301.38,300.55,301.02,300.57,300.12,300.22,301.18,300.53,299.87,300.45,300.7,300.88,300.97,300.63,300.93,300.68,300.6,300.85,300.9,300.85,300.3,300.9,300.28,300.32,299.63,300.38,300.32,300.15,300.47,299.77,299.78,300.13,300.2,300.4,300.22,299.68,299.62,300.47,300.38,300.6,299.93,299.78,300.32,300.15,300.18,300.12,299.3
299.5,299.75,299.15,299.3,299.5,300.13,300.43,300.53,299.9,298.63,298.88,299.28,299.4,299.47,299.82,299.82,300.0,300.0,300.2,300.17,300.05,300.05,299.68,299.85,299.95,300.03,299.57,299.7,299.8,300.15,300.27,300.47,299.6,298.22,298.3,298.43,298.77,299.07,300.47,300.62,300.22,300.3,300.0,299.35,298.88,299.6,300.32,300.0,299.6,299.6,299.4,299.32,299.52,299.75,299.93,300.32,300.32,299.9,299.57,300.13,300.27,299.6,299.85,299.93,299.78,299.63,299.95,299.97,299.9,299.65,299.6,299.25,299.18,299.2,298.65,299.45,299.97,299.63,299.9,299.75,300.13,300.18,300.22,299.75,299.1,299.47,299.9,299.6,299.55,299.93,299.93,299.57,299.85,300.07,300.15,300.12,300.23,300.3,300.4,300.18,300.02,300.02,300.18,300.33,300.15,300.12,300.35,299.78,299.47,300.18,300.03,299.68,299.78,300.3,300.35,300.05,299.53,299.66,300.13,300.13,300.08,299.93,299.71,300.43,300.48,300.05,300.38,300.75,300.71,300.4,300.46,300.71,300.65,300.38,300.05,300.28,299.88,299.83,299.68,300.23,299.9,300.38,300.48,299.93,300.1,300.35,299.96,300.0,300.05,300.66,300.65,300.46,300.68,300.38,300.18,300.63,300.16,299.78,300.46,300.35,300.25,300.1,300.15,300.53,300.46,300.65,299.9,300.43,300.28,300.18,300.38,300.46,300.05,300.23,300.21,299.83,299.93,299.88,299.98,299.83,299.63,300.33,300.38,300.96,300.9,300.28,300.58,300.8,300.73,300.75,300.98,300.5,300.33,300.5,300.85,299.83,300.21,300.58,300.55,300.35,299.93,300.08,300.68,300.83,300.78,300.58,300.5,300.65,300.4,300.43,300.48,300.25,300.5,300.46,300.73,300.85,300.58,300.6,300.88,299.93,300.4,300.85,300.98,300.71,300.5,300.43,300.25,300.55,300.4,300.33,300.38,300.46,300.28,300.55,300.83,300.28,300.15,300.33,300.85,300.88,300.23,300.3,300.73,301.43,301.18,300.63,300.68,301.33,300.78,300.71,300.66,300.58,300.88,301.05,301.1,301.35,300.43,300.56,300.78,301.4,301.08,301.08,300.75,301.15,301.08,300.98,300.71,300.83,301.23,301.35,300.43,300.68,300.68,300.98,301.03,301.0,301.16,301.23,300.98,300.71,301.0,301.03,301.13,301.23,301.5,301.63,301.15,300.35,300.63,301.23,301.33,301.03,300.46,300.28,301.08,300.73,300.46,300.88,300.63,300.75,300.48,301.33,300.9,301.08,301.13,301.05,300.91,300.58,299.93,300.1,300.13,300.46,300.1,300.43,300.4,300.33,300.9,301.25,300.28,300.3,300.05,300.3,300.5,301.03,300.25,300.58,300.48,300.4,300.68,300.28,300.6,300.18,300.15,300.83,300.46,300.46,300.28,300.88,300.68,300.48,300.23,300.0,299.73,299.98,300.46,299.88,299.95,299.66,299.83,299.4,300.0,300.33,300.15,299.83,299.48,299.7,299.95,299.48,299.63,299.6,299.68,300.25,299.95,300.21,299.68
299.6,299.58,299.65,299.71,299.4,298.96,298.93,299.33,299.18,299.03,298.55,298.58,299.1,298.83,299.58,299.05,298.85,299.48,299.68,299.78,299.13,299.13,298.85,298.9,298.2,298.58,299.73,299.65,299.35,299.35,298.63,298.88,298.85,298.93,298.43,298.05,298.65,298.55,298.45,298.68,298.7,298.35,299.03,299.08,299.08,298.78,299.08,298.58,298.21,299.03,299.43,299.46,299.55,299.25,299.0,299.25,299.5,300.03,299.38,299.53,299.13,299.35,300.05,299.83,299.63,298.9,298.96,299.03,299.03,299.48,299.73,299.3,298.9,299.3,298.85,298.73,299.3,299.08,298.85,298.98,299.4,299.71,299.58,299.23,299.96,299.75,299.03,299.6,299.9,299.93,300.48,300.23,300.13,299.8,299.35,298.96,299.6,299.63,299.28,298.83,299.25,299.33,299.25,298.65,298.85,298.98,299.33,299.13,299.16,299.93,299.63,299.43,299.1,299.58,299.71,299.9,299.68,299.0,299.28,299.35,299.46,299.75,299.33,298.83,299.88,300.05,299.83,299.8,299.73,300.0,299.83,299.73,299.73,300.13,299.9,299.58,299.46,299.45,299.68,299.83,299.98,299.53,299.58,299.85,300.13,299.75,300.08,299.56,300.2,299.55,299.35,300.3,300.25,300.4,300.41,300.18,299.91,299.83,299.9,299.43,299.88,300.21,300.21,299.35,299.73,299.85,300.13,299.91,299.83,300.28,299.75,299.6,300.46,300.53,300.1,299.65,300.18,300.33,300.6,300.73,300.83,300.63,300.13,300.21,300.35,300.3,300.18,299.91,300.28,300.21,300.0,300.13,300.1,300.0,300.15,299.96,299.71,299.98,300.13,299.9,299.83,299.53,300.33,300.55,300.48,300.46,299.98,300.08,300.68,300.25,300.15,299.85,300.05,300.71,300.88,300.68,300.16,300.48,300.3,300.83,300.98,300.73,300.63,300.8,300.68,300.35,300.15,300.58,300.8,300.96,300.56,300.25,300.35,300.68,300.83,300.53,300.8,300.6,300.3,300.48,301.3,301.63,300.9,300.91,300.58,300.96,301.78,301.13,301.0,300.75,301.1,301.2,300.98,300.96,300.23,301.0,301.03,300.53,300.5,300.53,300.66,300.38,300.78,301.03,301.33,301.06,300.63,300.88,300.98,300.38,301.28,301.1,301.15,301.08,301.53,301.5,300.9,299.98,300.4,301.15,301.03,301.28,301.13,301.1,301.33,301.0,301.08,300.68,300.35,301.03,301.05,301.0,301.13,300.93,300.93,300.75,301.58,302.18,301.93,301.8,301.46,301.23,301.1,301.55,302.25,301.75,301.35,301.16,301.18,301.3,300.83,301.28,301.58,301.7,301.46,301.18,300.55,300.9,301.0,301.65,301.65,302.0,301.96,301.86,301.48,300.98,300.85,300.6,300.21,300.68,300.9,300.38,301.25,300.73,300.5,300.0,299.48,299.88,300.18,300.71,300.55,300.1,300.4,300.9,300.75,300.73,300.28,299.9,300.25,300.85,300.83,300.25,299.98,299.75,299.88,299.8,300.1,299.88,299.78,299.88,299.48,299.96,299.63,300.23,300.06
299.96,299.96,299.13,299.28,299.93,298.98,299.48,299.33,299.03,298.53,298.7,299.63,300.5,300.13,300.13,300.18,299.98,299.5,299.78,299.8,299.78,299.48,299.8,299.28,299.46,299.48,298.88,298.75,299.1,299.25,299.81,299.65,299.23,299.25,299.58,299.5,299.78,299.9,299.48,299.53,299.58,299.91,299.31,299.4,300.05,299.6,299.73,299.4,299.83,299.25,299.15,298.8,299.08,298.91,299.95,299.75,299.68,299.48,299.13,298.88,299.41,299.03,299.28,299.71,299.98,300.13,300.21,300.08,300.23,300.41,300.1,299.73,299.98,299.98,299.43,299.65,300.53,300.03,299.8,299.93,299.83,299.65,299.38,299.46,299.71,299.91,300.1,300.03,299.63,299.71,299.35,299.03,299.45,299.88,299.93,299.73,299.63,299.78,299.13,299.3,299.85,300.13,299.98,299.5,299.03,299.43,299.03,299.53,299.28,299.21,299.46,299.71,299.66,299.96,299.75,299.71,299.88,299.38,299.25,299.66,299.25,299.6,300.23,300.08,300.35,299.73,299.55,300.21,300.28,300.3,299.9,300.33,300.18,299.98,300.38,300.25,299.93,299.8,299.88,300.08,300.03,299.43,299.65,299.58,299.15,299.35,299.63,299.48,299.68,299.33,299.91,300.48,300.23,299.75,299.73,299.53,299.66,299.78,300.18,300.23,299.9,300.0,300.28,300.21,300.4,300.25,299.73,300.33,300.75,301.0,300.53,300.53,300.15,299.85,299.8,300.15,299.8,300.1,300.23,300.03,300.25,299.73,299.93,299.65,299.88,300.48,300.1,299.96,300.03,300.1,300.1,299.8,299.88,300.38,300.16,299.78,299.45,299.9,300.23,300.3,300.15,299.98,299.98,300.53,300.0,300.1,300.41,300.35,300.23,300.73,300.71,300.43,300.6,300.8,300.98,300.83,300.8,300.85,300.48,300.5,300.1,300.1,300.03,300.46,300.35,300.3,300.46,300.4,300.13,300.41,300.25,300.35,299.6,299.8,300.21,300.43,300.31,300.5,300.35,300.48,301.23,300.75,300.41,300.13,300.25,300.48,300.85,300.03,300.21,300.23,300.63,300.33,300.16,300.3,300.48,300.5,300.78,300.58,300.71,300.75,300.53,300.8,300.38,300.15,300.63,300.53,300.45,300.15,298.35,299.88,300.91,301.23,300.23,300.83,300.43,300.53,300.25,300.78,300.55,300.45,300.28,300.28,300.23,300.21,300.18,299.85,299.71,299.91,300.13,300.18,299.96,300.08,299.93,299.73,300.18,299.78,300.18,299.4,299.25,300.06,300.25,300.06,300.48,300.28,300.28,299.6,299.88,300.43,299.75,299.63,300.13,300.23,300.48,300.28,300.8,300.33,300.0,299.6,299.55,299.5,299.53,299.53,299.55,299.21,298.73,299.4,299.53,299.68,299.15,299.46,299.98,300.08,299.6,299.4,299.3,299.71,299.6,299.8,299.83,299.63,299.35,299.53,299.5,299.0,299.73,299.63,299.53,299.21,299.28,299.18,299.35,299.3,299.38,299.2,298.75,298.9,298.58,298.9,299.0,298.85,299.05,299.28,299.3,298.55,299.48
298.46,298.6,299.05,299.06,299.5,299.3,298.98,299.15,298.7,299.05,298.62,298.77,298.48,298.33,298.2,298.08,298.38,298.65,299.05,298.85,298.62,299.0,298.35,298.97,299.83,299.65,299.21,299.35,298.73,298.65,298.6,298.25,298.13,298.21,298.58,299.05,299.43,299.15,298.95,298.9,298.52,298.65,298.98,298.62,299.3,298.83,298.6,298.63,298.78,298.83,298.62,298.8,299.25,299.25,299.2,299.1,299.18,298.6,298.78,298.93,299.32,299.5,299.43,299.4,299.35,299.15,299.15,298.83,299.1,299.1,299.23,298.9,299.0,298.88,298.97,298.48,298.82,299.2,299.2,299.25,299.33,299.33,299.32,299.78,299.78,299.88,299.83,299.63,299.53,299.4,299.13,299.15,299.02,299.25,299.5,299.3,299.08,299.0,298.63,298.73,298.65,298.55,298.83,299.0,299.1,299.3,299.7,299.75,299.4,299.35,299.63,299.5,298.97,299.1,299.22,298.9,298.82,299.3,299.0,299.47,299.53,299.18,299.32,299.76,299.28,299.8,299.53,299.5,299.35,299.38,298.58,298.63,299.0,299.3,299.65,299.63,299.78,299.65,299.13,298.75,299.23,299.75,299.38,299.43,299.2,299.35,299.41,299.4,299.38,299.25,299.38,299.35,298.95,299.15,299.28,298.7,299.25,299.35,299.35,299.3,299.05,298.85,299.2,299.5,299.72,299.52,299.2,299.4,299.43,299.65,299.45,299.43,299.6,299.4,299.62,299.45,298.35,299.0,299.78,299.65,299.55,299.5,299.13,299.08,298.93,298.9,298.75,298.98,299.6,299.5,299.78,299.46,299.1,299.4,299.45,299.6,299.53,299.35,299.8,299.45,299.98,299.98,299.58,299.63,299.87,300.28,298.95,299.35,299.73,300.18,300.27,299.6,299.75,299.6,299.05,299.2,299.6,299.73,299.45,299.65,300.15,299.88,299.81,299.72,300.1,299.95,299.78,299.76,299.93,299.57,299.4,299.93,299.45,299.6,299.58,299.5,299.73,300.5,300.32,300.28,300.18,300.43,300.37,300.03,300.15,300.0,300.57,300.43,300.63,299.95,300.4,300.33,300.78,300.63,300.53,300.4,300.46,300.68,300.71,300.8,300.33,300.53,300.43,301.21,301.05,300.55,300.38,300.5,300.05,300.2,300.35,300.13,300.28,300.13,299.33,299.55,299.9,300.35,300.15,299.8,299.65,300.18,300.53,300.75,300.6,299.73,300.13,299.6,300.63,301.0,300.56,300.8,300.65,300.78,300.1,300.55,300.05,299.88,300.13,299.98,299.58,300.4,300.48,300.58,300.0,299.78,299.38,300.0,300.55,299.9,300.21,300.35,300.38,300.43,300.61,300.33,299.33,299.78,300.21,300.03,299.78,299.68,299.83,299.63,299.73,300.03,300.41,300.06,300.05,300.35,300.2,300.1,299.78,299.58,299.6,299.35,299.93,299.73,300.18,300.23,299.73,299.63,300.03,299.65,298.65,298.33,299.05,299.25,299.25,299.5,299.46,299.4,298.98,298.95,299.18,299.68,299.65,299.48,299.16,298.78,298.96,299.25,298.73,298.96,298.9
299.0,298.83,298.63,299.28,299.56,298.98,298.93,299.4,299.4,299.53,299.8,299.4,299.53,299.53,299.4,299.3,298.8,299.78,299.03,299.15,299.07,299.08,299.6,299.6,299.16,299.46,299.28,298.83,298.68,298.43,298.25,298.23,298.71,299.0,298.98,298.73,298.9,299.13,299.0,298.85,299.15,299.3,299.4,299.3,298.65,298.6,298.48,298.68,298.63,298.38,298.23,297.96,298.3,299.68,299.25,299.3,299.38,300.21,299.93,299.18,299.23,299.25,299.43,300.0,299.48,298.55,298.73,299.43,299.65,298.98,297.98,297.85,297.85,298.23,299.0,299.48,299.25,299.15,298.85,299.33,299.46,299.08,298.88,298.75,299.23,299.3,299.1,299.38,299.0,299.43,299.4,298.98,299.03,299.18,299.55,299.23,299.15,299.1,299.4,299.28,299.21,299.25,299.28,298.9,299.23,299.41,299.83,300.08,300.03,300.03,299.91,299.21,299.68,299.85,299.75,298.98,298.98,299.03,299.38,299.63,299.8,299.4,299.43,300.05,300.18,300.0,299.88,300.13,299.83,300.08,299.9,299.98,299.9,300.25,300.53,300.38,300.25,300.06,300.31,300.28,300.18,300.3,300.05,300.25,300.25,300.18,300.25,300.43,300.25,300.3,300.18,300.18,300.43,300.53,300.38,300.4,300.23,300.75,300.28,300.13,300.4,300.38,300.75,300.28,300.15,299.75,300.13,300.1,299.65,299.88,300.21,300.05,300.21,299.98,300.25,300.4,300.1,299.95,300.43,300.38,300.25,300.5,300.85,300.6,300.78,300.8,301.03,300.9,300.41,300.71,300.25,300.38,300.33,300.38,300.43,300.73,300.63,300.35,300.88,300.65,300.71,300.46,300.18,300.05,300.18,300.38,300.55,300.5,300.68,300.5,300.58,300.08,299.88,300.23,300.23,300.48,300.71,300.33,300.93,301.28,301.05,301.0,301.25,300.75,300.6,300.5,300.28,300.65,300.38,300.6,300.55,300.73,300.28,300.75,300.78,300.6,300.98,301.43,301.13,300.93,301.03,301.18,300.68,300.58,300.96,301.05,300.33,301.08,300.71,301.23,301.1,300.68,301.03,300.5,300.16,301.35,301.43,300.87,301.25,301.35,301.4,300.8,300.72,300.87,300.8,301.0,301.15,301.12,300.7,300.83,301.22,300.75,300.87,301.02,301.5,301.4,301.3,301.62,301.18,301.1,301.22,301.37,301.17,301.1,301.1,300.47,300.75,301.0,300.8,300.9,300.78,301.0,300.75,300.97,300.85,301.33,300.85,300.9,301.2,301.12,300.5,300.92,301.03,300.87,300.95,300.67,300.75,300.62,301.92,301.58,301.62,301.35,301.32,301.15,301.25,300.35,299.93,300.75,301.15,301.72,300.92,300.5,301.02,301.05,300.95,300.5,300.53,300.72,300.82,300.35,300.33,300.35,300.33,300.03,299.87,300.4,299.8,300.2,300.67,300.35,300.0,300.12,300.65,300.65,300.72,300.52,300.37,300.75,300.85,299.92,299.95,299.55,299.72,299.55,298.9,299.0,299.35,299.2,299.28,299.75,299.87,300.53,300.62,300.15,300.75
300.72,300.6,300.08,299.85,299.42,299.85,300.43,300.15,300.05,299.92,299.77,299.95,299.55,299.22,298.97,300.05,300.05,299.9,300.15,299.9,299.55,299.9,300.02,300.0,300.55,300.77,299.95,300.37,300.17,299.92,299.97,300.45,299.47,298.43,297.92,299.12,299.87,300.52,300.58,300.35,299.98,299.35,299.62,299.83,299.75,300.0,300.7,299.82,299.72,299.3,299.1,298.62,299.17,298.95,299.2,299.65,299.47,298.97,298.97,298.65,298.87,299.15,298.83,299.17,299.22,299.2,299.72,299.35,298.87,298.57,299.75,300.05,300.15,300.1,299.52,299.7,299.53,298.55,298.47,298.92,299.37,299.97,300.05,299.07,299.25,299.67,299.93,299.52,300.2,300.22,299.93,299.57,299.22,299.55,299.68,299.2,299.5,299.42,299.05,299.62,299.08,299.02,298.97,299.9,299.33,299.17,299.2,299.9,300.3,300.42,299.9,300.2,300.08,299.97,299.52,299.65,299.67,299.45,299.52,299.62,299.7,299.55,299.08,299.7,299.62,299.83,299.6,299.33,299.95,300.17,300.15,300.05,300.3,300.1,299.87,300.05,300.03,300.2,300.27,300.1,299.87,300.05,300.25,300.15,299.47,300.22,299.92,299.9,299.77,300.07,300.25,300.08,300.08,299.47,300.17,300.12,299.8,299.93,300.35,300.1,299.92,300.28,299.83,299.92,299.95,299.65,299.85,300.42,300.03,299.33,300.1,299.97,299.87,299.9,300.15,300.02,299.67,299.68,299.58,299.37,299.55,299.95,300.2,300.1,300.08,299.75,300.05,299.62,299.87,299.83,299.6,300.25,299.57,299.58,299.75,299.75,299.65,300.0,299.42,299.68,299.3,299.4,299.9,299.95,299.5,299.6,299.82,299.83,300.17,300.42,299.85,299.55,299.53,299.45,299.27,299.45,299.08,299.58,299.65,299.85,299.45,300.1,300.32,300.05,300.37,300.1,299.92,300.22,299.75,299.68,299.62,300.2,300.15,299.45,299.55,300.25,300.27,299.77,299.47,300.25,300.12,299.6,299.65,299.78,299.22,299.55,299.7,299.4,298.97,299.17,299.45,299.58,300.35,299.8,299.58,299.68,299.6,299.45,299.97,299.87,300.02,300.12,299.5,299.42,299.45,298.87,299.95,300.08,300.07,299.33,298.83,299.58,299.97,299.92,299.05,300.03,300.0,299.77,298.97,299.87,299.6,300.2,299.2,298.87,300.12,299.72,300.17,298.62,298.62,299.37,299.58,299.72,299.0,299.52,300.0,300.2,299.4,299.62,299.85,299.95,300.27,299.62,299.22,299.25,299.1,299.52,299.15,299.92,299.65,298.9,298.95,299.18,299.35,298.85,300.27,299.58,299.65,299.52,299.22,298.95,299.62,299.28,299.08,298.95,299.8,299.77,300.17,299.45,300.05,300.17,299.9,300.58,300.75,300.3,299.95,299.97,299.78,299.37,299.52,299.4,299.5,298.83,298.4,298.65,298.55,299.67,298.65,299.0,298.97,299.4,298.65,299.07,298.65,299.4,299.82,299.4,299.27,299.1,298.62,299.0,298.43,298.3,298.75,299.02,299.17
299.17,299.4,298.83,299.2,299.15,298.68,298.8,298.6,298.15,298.77,298.97,298.92,299.33,299.35,299.97,299.65,298.72,298.92,299.15,298.77,299.1,298.5,299.2,299.12,298.42,298.4,298.67,298.6,298.55,298.55,298.87,298.92,298.72,298.7,298.4,298.58,299.12,298.7,299.27,299.75,299.55,299.25,298.87,298.85,298.1,298.95,298.85,299.2,299.15,299.05,299.35,298.75,299.12,299.65,299.17,298.9,299.32,298.87,298.58,299.23,299.2,299.5,299.67,299.0,299.08,299.72,299.5,299.15,298.5,298.95,299.17,298.7,299.02,299.67,299.57,299.55,299.25,299.25,299.37,299.18,299.75,299.6,299.97,299.2,299.1,299.05,298.62,298.22,298.27,298.7,299.33,299.12,299.25,299.85,299.47,299.1,298.97,299.15,299.47,300.0,300.1,299.65,299.22,300.05,300.03,299.7,299.8,299.52,299.25,299.17,299.3,299.55,299.47,299.33,299.97,300.2,299.5,299.27,299.6,299.3,298.95,299.25,299.1,299.42,299.5,299.8,299.53,299.02,299.55,299.5,299.8,300.25,300.0,300.1,299.95,299.78,299.27,299.08,299.8,299.62,299.6,299.62,299.8,299.5,299.4,299.05,299.3,299.12,299.37,299.95,299.8,299.83,299.97,299.17,299.4,300.08,299.87,299.68,299.72,300.12,299.67,299.4,299.8,299.12,299.2,299.37,299.15,299.02,299.4,299.33,299.22,299.3,299.35,299.53,299.3,299.12,300.07,300.2,299.78,299.17,299.8,299.8,300.02,300.12,300.0,300.05,299.85,299.33,299.68,299.1,298.9,299.67,299.72,299.83,299.67,299.85,299.57,299.9,300.2,299.12,299.52,299.67,299.85,300.2,300.5,300.58,299.72,299.77,300.0,299.9,299.7,299.83,299.85,299.42,299.83,299.83,300.3,300.72,300.65,299.85,299.87,300.07,300.25,299.92,299.85,299.53,299.67,299.37,299.85,300.17,299.35,299.3,300.08,299.95,300.05,300.22,299.85,299.65,299.87,299.85,299.72,300.0,299.87,300.1,300.08,300.12,300.3,300.2,300.4,300.35,300.15,300.47,300.23,300.12,300.1,300.95,299.97,300.4,300.25,299.58,299.72,300.5,300.15,300.25,299.8,299.47,299.45,300.0,300.0,300.55,300.35,299.97,299.4,299.43,300.08,300.0,299.95,300.45,300.43,300.1,299.97,299.83,300.2,299.62,299.53,300.45,300.27,300.1,300.17,300.42,300.2,299.95,300.37,300.62,301.0,300.58,300.83,300.95,300.55,300.4,300.05,299.97,300.15,300.08,299.83,300.37,300.55,300.33,300.17,300.35,299.85,299.7,299.92,299.8,299.27,299.97,299.47,299.58,299.35,299.45,299.78,298.72,298.95,299.07,299.4,298.75,299.22,299.5,298.9,298.95,299.52,299.52,298.7,298.72,299.4,299.83,299.95,299.75,299.35,299.6,299.62,298.95,298.4,298.5,298.17,298.17,298.65,298.37,298.62,298.55,298.85,298.9,298.65,298.62,298.58,298.05,298.02,298.72,298.42,298.55,298.58,299.15,299.35,299.3,298.85
298.7,298.4,298.22,298.35,298.6,298.6,298.45,297.63,297.9,298.2,298.5,298.25,298.22,298.27,298.32,298.82,298.53,298.53,298.4,298.7,299.28,299.48,299.82,299.1,299.12,298.8,299.35,298.82,298.75,299.1,298.47,298.35,299.0,299.22,298.8,298.3,298.18,298.57,298.02,297.8,297.88,298.3,298.12,298.25,298.45,298.82,298.43,298.52,298.7,299.07,299.15,298.72,297.95,298.27,298.57,298.77,298.95,298.43,299.1,298.45,298.75,298.95,298.3,298.67,299.05,299.53,299.9,298.9,298.15,298.75,298.75,299.32,299.45,298.9,299.25,299.28,299.1,298.93,298.6,299.0,299.05,298.83,299.02,298.8,298.98,298.77,298.95,298.95,298.97,299.45,299.07,298.88,299.25,299.97,299.22,299.72,299.25,299.9,300.3,299.45,298.45,298.15,298.93,298.63,299.4,299.45,299.32,299.5,299.03,298.78,298.65,299.22,299.22,300.32,299.75,299.45,299.02,299.45,299.35,299.87,299.45,299.6,299.75,300.0,300.65,300.55,300.32,300.83,299.72,299.3,299.07,299.68,300.18,300.07,300.0,300.3,300.15,299.97,300.32,301.02,301.0,301.22,300.82,300.47,299.85,299.72,299.85,299.82,299.15,299.72,299.52,299.43,299.82,299.47,300.02,299.22,299.43,299.43,299.37,299.7,299.15,299.3,299.4,299.93,300.02,300.03,299.85,299.63,299.9,299.5,298.87,298.95,299.2,299.47,299.48,299.15,298.88,299.35,299.35,299.68,299.88,299.45,299.37,299.75,299.9,299.62,299.75,299.93,299.93,299.63,300.0,299.27,298.97,300.12,299.78,299.45,299.07,299.18,299.03,299.72,300.45,299.68,299.47,299.82,299.8,299.95,299.62,299.6,299.75,299.02,299.72,300.03,300.07,300.1,299.82,300.43,299.55,300.0,300.47,300.22,299.55,299.65,299.9,299.95,299.85,300.07,299.6,299.47,299.72,300.15,299.9,299.55,299.93,300.15,300.25,300.13,300.0,300.57,300.25,299.7,299.9,300.2,300.03,300.4,299.7,299.85,300.0,299.57,300.12,300.07,299.15,299.63,300.05,300.4,300.68,300.43,300.7,299.95,299.53,299.85,299.9,299.93,300.32,300.25,300.0,299.9,300.95,300.75,299.9,299.72,300.1,300.82,300.15,299.68,300.13,300.38,300.57,300.87,300.87,300.27,300.47,300.87,300.43,300.35,300.17,300.25,299.92,299.87,299.92,300.45,300.55,300.62,300.22,300.12,300.58,300.65,299.65,299.43,299.67,300.33,300.17,299.97,300.3,299.77,300.22,300.52,300.55,300.25,299.97,299.8,300.35,300.33,300.47,299.33,299.62,299.92,299.47,300.2,299.9,299.87,300.42,299.92,299.72,300.08,299.85,299.62,299.95,300.12,300.77,300.42,299.8,299.75,300.25,300.05,299.8,299.82,299.6,299.42,299.9,299.85,299.35,299.6,299.53,299.2,299.85,299.62,298.8,299.52,299.82,299.72,299.65,299.65,299.42,299.67,299.75,300.25,300.52,300.1,299.8,299.87,299.45,299.58,298.87,298.62,299.05
298.95,299.58,299.62,299.0,299.2,298.72,298.9,298.9,298.78,298.7,299.18,299.12,299.12,298.75,299.05,298.95,299.45,299.2,298.8,298.45,299.15,299.2,299.52,299.25,299.33,299.83,299.27,299.22,299.17,298.95,299.2,298.85,298.92,299.12,298.77,298.75,298.85,298.67,297.95,298.18,298.1,298.22,298.53,298.25,298.5,298.4,298.25,298.85,298.5,297.97,298.47,299.03,299.8,299.1,298.55,298.55,298.58,298.12,298.87,298.52,298.62,298.37,298.0,298.1,298.3,298.55,299.08,299.15,299.3,299.7,299.58,299.47,299.75,299.1,298.77,298.08,297.33,298.15,299.15,299.7,300.22,300.12,299.05,298.6,299.33,300.08,300.1,299.45,299.0,298.58,298.82,298.9,299.27,299.62,299.65,299.77,299.45,299.95,299.62,299.6,299.83,299.3,299.42,299.0,299.42,299.7,299.87,299.8,299.35,299.55,299.87,299.2,299.9,300.25,299.95,299.5,300.0,299.4,299.47,300.0,299.85,299.75,299.47,299.62,299.7,299.75,299.97,300.08,300.47,300.5,300.67,300.08,299.65,299.85,300.17,300.0,299.7,299.37,299.83,299.58,299.58,299.72,299.82,300.22,300.27,300.22,300.0,299.93,299.82,300.12,299.77,299.95,299.92,299.7,299.55,299.45,299.68,299.15,299.62,299.72,299.83,300.18,299.55,299.4,300.47,300.05,299.62,299.4,299.87,300.27,299.43,299.62,299.72,299.5,300.08,300.02,299.5,299.6,298.92,299.37,299.65,299.83,299.97,299.08,299.27,299.25,299.65,300.12,299.97,300.55,299.9,299.77,299.7,299.62,300.12,300.25,300.47,300.12,299.97,299.83,299.82,299.62,299.67,299.77,300.3,299.52,299.83,300.03,300.2,299.47,299.5,299.58,300.4,299.6,299.9,299.75,299.3,299.62,299.67,299.95,300.55,300.15,300.22,299.95,300.05,299.75,300.05,299.3,300.0,299.97,300.12,300.87,300.22,299.67,300.08,300.5,300.52,300.35,300.25,300.92,300.53,299.95,300.45,300.45,299.75,300.33,299.72,300.37,300.0,299.95,299.97,299.42,300.82,299.97,299.75,300.32,300.02,299.37,300.27,300.77,300.08,299.67,300.62,300.92,300.05,299.72,300.6,300.4,299.93,299.22,300.62,300.6,300.17,299.92,300.45,300.35,300.25,300.12,300.5,300.22,300.5,300.52,300.15,300.5,300.75,300.5,300.32,300.6,299.7,300.22,300.3,299.9,300.1,299.8,300.02,299.83,300.0,300.12,300.2,300.62,301.1,300.47,299.58,299.72,299.9,299.9,299.85,299.65,299.92,299.35,299.92,300.25,300.25,299.77,299.17,299.7,299.17,300.17,300.45,300.77,300.58,300.6,300.2,300.3,299.87,300.37,300.05,300.02,299.87,300.55,300.32,300.07,300.45,300.25,298.87,299.22,298.72,299.22,299.2,299.4,298.87,299.25,299.57,300.05,299.7,300.05,300.05,299.35,299.25,299.75,299.9,299.55,299.6,300.02,299.72,300.07,299.67,299.65,299.25,299.52,299.65,298.6,298.8,299.17,299.72
