294.78,295.61,294.98,295.11,295.3,294.13,294.5,294.03,294.21,295.38,295.13,295.03,294.71,294.1,294.36,294.58,294.38,294.83,295.18,296.15,295.5,293.53,291.48,292.3,292.91,293.46,295.58,295.36,296.25,295.48,295.98,296.08,295.5,294.78,294.41,294.96,295.0,295.25,296.21,296.68,296.78,295.88,295.15,294.96,295.43,296.96,296.68,296.53,296.11,294.61,294.36,296.05,296.93,293.86,292.03,292.98,294.16,294.86,294.21,294.25,295.5,295.78,294.68,293.38,292.4,292.93,293.75,294.23,294.36,295.25,295.71,296.23,295.73,295.8,295.13,295.43,294.91,294.98,294.98,293.83,293.53,294.58,295.91,293.88,291.98,294.98,296.3,295.08,293.08,293.38,294.11,292.91,292.3,291.8,294.13,294.91,293.9,293.8,293.65,294.83,295.03,295.0,294.5,291.83,291.75,291.98,292.0,293.3,294.33,295.23,295.61,294.11,293.8,294.16,294.05,293.41,291.81,291.61,289.9,290.83,291.83,292.46,293.3,293.98,294.13,294.65,294.23,293.78,292.33,291.58,293.55,292.18,290.46,292.83,288.43,289.03,292.15,291.55,290.58,291.53,293.05,292.63,293.86,293.55,293.61,292.53,290.28,291.98,292.8,291.81,293.98,294.73,292.46,290.86,289.68,290.96,292.36,290.83,289.98,290.36,291.53,290.6,290.55,291.93,293.06,291.08,287.81,287.28,289.28,286.86,288.13,289.61,288.46,289.18,290.48,291.18,291.9,291.66,290.0,290.43,290.36,289.96,284.83,285.71,288.78,289.63,290.73,289.4,289.73,292.13,289.21,286.23,288.38,290.46,290.08,289.78,289.96,290.68,291.61,292.16,289.83,289.73,290.83,292.23,290.3,289.23,288.71,290.71,286.25,286.48,289.11,289.25,289.08,287.75,289.33,290.48,288.96,289.68,290.36,290.61,291.11,290.93,290.78,290.96,291.23,290.68,290.88,291.18,291.4,290.88,289.75,291.38,291.83,289.21,287.48,288.96,291.25,290.63,289.38,289.33,289.08,289.48,289.63,290.08,291.11,291.3,291.81,291.81,292.06,291.31,289.23,287.63,287.16,288.25,289.2,289.38,289.38,289.61,289.98,291.06,291.28,290.21,289.71,288.23,288.18,289.91,290.38,290.5,290.88,290.98,291.18,291.81,291.18,291.46,291.56,291.11,288.21,288.0,288.86,289.75,292.1,293.08,292.31,289.98,289.83,290.18,290.9,290.11,290.11,291.46,292.23,292.53,290.16,288.73,288.46,289.21,290.18,291.68,292.15,292.81,294.43,293.38,292.98,292.88,294.03,293.68,291.23,292.46,291.83,291.0,291.88,292.23,293.15,292.83,291.86,292.71,293.5,294.05,293.91,291.73,291.36,291.96,293.53,294.38,293.78,293.61,293.25,290.36,292.36,294.4,292.68,291.73,291.71,291.66,291.96,293.88,294.93,294.63,293.65,293.13,294.56,295.63,292.83,292.86,294.1,291.56,292.0,295.08,295.58,295.9,292.38,292.78,293.36,290.73,292.25,294.86,295.8,295.63,295.45,294.41,294.03,292.83,291.96,292.61,293.81
295.75,295.78,296.3,296.68,296.55,295.18,294.38,294.63,295.06,295.38,295.55,295.9,295.71,294.88,295.8,293.68,292.48,292.23,292.53,293.81,296.18,296.68,296.98,296.63,296.75,296.55,295.71,295.78,295.86,295.83,296.11,296.58,296.61,296.23,296.25,296.06,296.65,297.83,297.06,296.36,296.03,295.23,296.41,296.48,296.78,296.73,296.63,296.33,296.61,296.73,297.21,296.48,295.58,294.18,294.78,297.11,296.36,296.3,295.98,296.71,296.48,297.43,297.03,294.3,293.08,294.75,296.03,296.96,296.58,297.38,296.63,295.71,297.33,295.05,291.53,292.48,294.46,295.03,294.53,294.8,293.98,293.93,295.36,295.25,295.5,295.71,296.33,294.86,295.36,295.86,293.98,293.53,292.53,293.08,294.1,295.03,295.83,295.83,294.66,296.25,294.75,293.63,293.83,294.48,294.33,295.43,296.05,293.13,290.93,292.06,293.15,291.23,292.08,293.93,294.98,293.6,290.96,289.83,292.25,290.36,291.8,294.71,293.3,292.35,293.31,295.03,293.75,291.73,290.25,290.68,292.23,293.25,292.43,290.98,291.4,292.41,293.66,292.23,290.78,288.88,288.46,288.63,289.88,291.98,293.21,292.23,289.86,289.81,291.03,292.36,292.15,292.36,292.58,293.78,293.91,292.5,290.9,290.75,290.83,289.83,290.83,291.73,290.53,290.98,290.96,292.68,288.93,288.38,289.55,290.6,291.58,291.58,291.38,291.3,290.8,290.58,289.63,290.96,292.03,290.23,287.78,287.46,288.36,289.58,290.18,290.81,289.53,287.3,284.65,284.38,286.28,289.83,289.66,289.86,291.08,292.21,292.03,288.86,290.88,287.56,288.23,289.83,291.48,291.53,290.11,287.58,289.03,289.56,287.61,290.13,290.15,291.35,291.71,290.16,289.75,285.71,286.38,289.0,289.9,289.38,289.96,290.58,289.88,290.66,289.05,287.18,290.18,290.38,289.75,290.71,289.41,286.21,286.36,286.66,288.28,291.11,289.65,290.36,291.13,287.08,286.61,287.78,288.55,288.86,289.68,290.53,290.55,290.91,289.5,289.55,286.93,287.83,288.53,289.75,289.86,288.83,287.16,288.13,288.61,289.8,290.06,286.08,287.88,290.43,290.71,289.96,288.25,288.88,290.13,289.23,289.35,288.21,286.66,286.9,287.53,288.73,289.91,289.58,291.15,291.5,289.8,286.13,287.73,289.28,288.35,288.68,288.58,289.75,291.03,291.75,289.96,288.41,288.48,289.33,291.0,291.83,291.75,289.61,289.11,289.25,290.81,291.28,290.38,292.21,293.0,290.23,287.91,289.5,289.63,291.25,292.06,292.3,292.63,292.68,291.86,292.21,292.71,291.15,291.38,292.58,294.08,293.88,293.63,292.71,293.38,293.25,292.81,292.4,292.63,292.98,294.03,293.48,293.11,292.71,292.63,292.53,292.81,293.41,293.31,293.63,294.73,295.36,294.75,293.13,293.91,294.75,295.08,295.15,295.75,295.78,295.83,295.86,295.21,294.88,295.18,295.73,295.25,292.93,292.66,293.21,294.46,293.93,293.43,292.93,294.13
294.63,295.13,296.31,296.13,296.38,296.08,295.53,296.15,296.56,296.13,295.86,296.16,294.73,294.03,294.5,296.21,295.21,294.05,293.11,293.93,295.73,296.86,295.98,296.93,295.73,296.16,296.08,295.25,294.9,295.3,295.83,296.21,295.63,295.66,296.23,296.48,296.98,295.36,293.78,293.73,295.41,296.13,296.73,296.28,296.5,297.0,296.06,296.46,296.25,296.43,296.53,297.0,296.11,294.71,294.15,295.08,296.25,296.41,296.93,297.06,297.53,297.88,298.33,296.88,295.96,297.05,296.86,297.13,297.48,297.71,296.9,297.73,297.8,297.66,296.78,297.0,297.13,296.46,296.63,296.08,296.55,296.78,295.46,294.0,294.33,295.63,295.13,292.48,292.28,293.68,295.78,295.98,292.33,291.16,292.23,293.53,294.83,294.23,292.13,291.9,291.96,291.38,290.48,289.43,290.98,293.13,292.31,291.25,292.81,292.41,290.53,290.78,291.21,292.56,293.03,293.23,293.08,293.25,293.8,293.98,294.36,293.13,291.41,291.81,290.86,290.68,291.55,291.36,290.43,292.66,293.63,293.0,292.08,289.43,291.08,286.68,286.61,289.11,289.41,290.18,291.43,291.16,290.46,290.36,290.28,290.78,291.11,292.11,290.8,291.48,290.73,287.08,287.75,291.3,292.43,292.21,291.98,291.38,292.03,292.65,291.36,289.18,290.23,291.73,291.85,292.38,290.28,288.96,291.0,292.08,291.93,291.48,288.46,286.73,287.06,288.38,289.48,289.13,290.66,292.21,291.98,292.11,291.93,291.36,291.08,289.63,288.36,287.18,287.21,287.95,287.28,288.56,289.13,287.63,290.0,289.8,291.16,291.11,291.21,290.86,289.73,286.93,287.23,290.4,288.73,286.33,288.8,286.98,287.88,286.63,285.08,287.13,288.78,288.41,290.08,289.8,289.8,290.43,291.06,290.15,290.03,290.38,290.16,289.81,288.61,288.48,289.66,290.73,289.85,289.61,289.88,290.86,289.11,287.21,287.23,287.23,288.18,289.25,290.21,290.58,289.88,289.86,290.48,286.88,287.73,287.13,285.5,286.83,289.23,289.68,288.06,287.08,288.46,289.06,288.06,289.23,286.33,286.05,287.61,289.93,287.13,286.96,289.25,290.13,290.0,288.33,287.73,286.9,285.96,286.38,287.13,288.66,289.78,289.98,289.86,290.75,289.83,288.68,289.05,290.96,290.73,290.03,289.05,286.53,285.25,286.71,288.88,290.36,289.11,290.11,291.38,287.9,288.18,288.96,289.9,290.56,289.83,289.86,290.93,289.38,289.16,289.03,287.03,287.58,288.61,289.05,288.08,289.98,291.03,291.61,291.63,292.3,291.25,290.31,291.83,289.98,287.71,288.21,289.16,290.81,291.58,291.46,291.88,292.5,292.25,292.13,291.88,292.11,292.21,292.58,292.3,293.13,293.48,293.66,293.63,294.46,294.75,293.56,293.68,294.03,293.93,294.11,293.91,293.73,292.5,291.96,291.9,293.53,294.36,294.75,294.55,294.2,294.88,294.65,293.86,294.58,294.91,294.75,295.0,294.5,294.18,293.88,294.61,294.96,295.58
296.18,296.3,296.11,296.38,296.08,295.78,295.46,295.9,295.13,292.31,293.41,295.28,295.46,297.08,296.66,296.08,295.61,295.43,295.63,295.33,292.66,292.75,293.58,295.41,295.58,295.86,295.78,294.43,292.75,292.91,292.13,292.65,293.68,293.88,294.68,294.71,295.33,295.03,295.63,296.18,293.93,292.86,293.68,294.86,295.75,295.61,295.83,295.63,294.11,293.96,294.61,295.16,295.93,296.43,296.75,296.35,296.6,296.43,295.03,294.78,295.46,296.43,296.03,295.13,295.8,296.05,295.55,295.16,295.4,295.25,295.25,295.71,296.25,296.03,295.53,295.03,295.48,296.83,295.48,293.83,293.03,292.36,293.41,294.13,294.71,295.96,296.25,295.83,295.36,295.0,295.36,294.83,294.23,293.11,292.25,292.88,294.33,295.38,295.65,295.68,295.5,294.96,293.91,293.96,293.63,294.61,294.5,293.58,292.61,291.13,289.83,290.78,292.13,292.98,292.9,293.41,294.18,292.96,291.08,289.48,289.58,291.36,291.83,290.21,290.11,288.71,289.4,290.53,290.75,291.48,291.11,290.56,291.8,290.63,290.28,293.16,291.15,290.88,291.18,293.0,293.46,292.0,291.88,291.53,290.38,289.83,290.18,292.46,291.96,289.33,291.21,291.25,288.66,288.15,288.48,290.28,289.66,290.48,287.05,286.93,287.18,287.66,289.21,290.21,290.86,290.48,289.8,290.53,290.48,288.88,289.53,291.66,290.11,286.91,287.58,290.5,290.9,290.38,287.93,287.5,290.16,291.16,291.41,289.3,288.43,289.28,290.08,290.38,290.71,290.88,289.08,290.63,289.9,287.46,289.66,290.06,285.5,286.25,287.73,288.03,288.61,288.53,288.43,289.3,288.96,289.86,288.81,288.48,287.46,288.11,289.33,289.75,288.98,289.63,291.03,290.58,290.03,286.53,286.75,288.96,290.18,290.43,290.78,286.56,286.56,287.36,288.75,289.63,289.83,287.65,288.3,291.13,288.93,288.93,289.36,288.4,288.33,289.75,290.88,290.08,289.18,289.43,291.05,290.55,290.83,288.73,287.81,288.65,290.58,289.58,289.46,288.13,287.83,287.3,288.11,289.23,289.28,289.96,289.06,287.96,290.43,290.03,291.38,288.93,287.23,287.38,288.18,287.93,289.0,289.75,290.96,290.88,287.43,285.73,286.05,286.88,287.61,288.18,290.48,290.68,289.21,289.73,289.86,286.9,289.83,290.56,291.75,291.21,290.25,287.55,287.18,290.46,291.68,290.43,290.73,289.73,290.05,291.98,291.75,290.28,289.73,290.66,292.58,292.68,292.38,291.28,291.63,291.68,292.13,291.75,289.9,292.25,293.25,292.55,292.18,291.05,292.28,290.43,288.63,287.98,290.21,293.0,293.05,291.43,291.61,293.33,292.23,292.23,292.53,291.58,290.86,292.28,293.15,293.33,291.75,293.18,291.31,291.18,292.11,293.03,293.25,293.78,294.43,293.58,292.0,291.66,291.71,292.25,292.71,294.11,294.68,291.93,291.05,295.08,292.98,293.0,292.8,294.71,295.4,294.48,294.08,293.0,291.88,292.38,293.13
293.83,293.61,292.9,294.58,290.96,289.43,291.5,293.05,294.25,294.78,293.33,294.6,294.8,293.5,293.71,294.93,295.21,294.56,293.9,294.0,295.0,296.58,296.46,292.5,289.03,290.41,292.28,293.58,294.3,293.93,294.11,295.05,295.21,295.11,294.98,295.08,295.83,295.38,295.81,296.23,296.48,296.61,296.36,297.03,296.05,293.96,293.28,294.98,296.23,295.33,294.88,295.21,295.61,295.4,295.13,294.31,295.31,296.21,296.28,296.23,295.78,295.93,296.38,295.86,295.58,295.21,295.58,294.73,294.68,296.63,296.83,296.66,297.0,296.05,295.36,296.3,296.48,296.46,295.43,294.96,295.1,295.5,295.03,294.48,293.78,293.38,295.48,295.93,296.81,296.98,295.21,292.48,293.36,294.36,295.75,295.63,295.4,295.53,295.23,293.48,291.71,291.48,291.33,293.13,294.98,294.78,295.21,294.0,291.21,290.13,292.55,293.8,291.66,290.46,291.88,293.05,294.58,291.93,291.53,291.58,293.65,292.88,289.18,287.93,289.25,291.25,292.93,290.63,292.11,293.63,292.28,291.13,292.98,293.08,291.63,290.66,288.86,289.63,292.43,292.06,292.88,289.48,288.58,288.98,292.48,290.23,287.5,289.18,292.86,293.71,291.91,290.31,292.13,291.93,288.46,291.23,293.4,292.36,293.65,291.38,292.53,291.48,291.21,288.61,287.56,288.58,291.96,290.23,287.25,286.46,288.03,289.98,289.71,290.38,290.81,292.03,292.48,290.8,290.03,290.3,289.43,289.0,287.98,287.63,290.0,290.08,289.21,290.73,292.03,291.73,292.18,292.13,291.25,287.61,287.33,287.05,287.68,286.53,289.08,287.83,288.8,290.88,291.11,291.08,290.83,290.46,289.46,286.16,285.18,286.16,286.93,289.18,290.28,289.71,290.13,291.73,290.21,290.96,290.31,289.08,289.25,287.56,286.43,287.15,286.81,287.63,289.98,290.63,290.08,286.5,287.23,290.03,291.41,289.56,286.28,285.93,286.73,287.71,288.63,289.71,287.13,288.3,288.5,285.8,285.0,289.23,287.98,286.71,286.46,287.63,289.86,290.25,287.46,287.0,286.55,287.63,288.38,287.21,288.23,289.0,287.6,286.63,288.08,290.13,288.08,286.96,286.23,286.81,286.73,287.46,286.36,287.25,288.13,287.73,287.0,288.58,290.18,289.78,289.46,289.25,289.31,290.75,291.48,290.03,287.31,287.68,287.03,287.08,288.75,290.63,291.63,291.06,290.56,290.68,288.71,290.33,291.93,291.25,290.03,288.53,287.53,288.56,288.48,289.58,290.4,290.71,289.03,289.15,289.65,289.46,289.18,289.91,290.63,291.36,291.5,291.23,291.3,292.0,292.78,292.43,290.25,290.61,292.71,292.1,291.71,292.8,293.48,293.48,292.33,294.11,292.98,291.18,291.28,291.11,291.6,292.5,293.36,292.0,290.98,291.11,293.28,293.73,292.68,292.9,292.48,291.61,290.93,291.18,292.4,293.56,293.33,291.71,289.98,293.53,293.63,293.91,292.93,292.48,293.86,291.98,289.03,290.91,292.48,292.8,292.96
293.36,293.11,291.38,292.08,292.71,293.81,294.71,291.46,292.61,293.36,291.23,292.48,289.61,290.48,294.21,292.18,292.5,294.75,292.36,293.53,294.13,292.63,292.46,292.75,291.68,290.83,290.75,291.66,293.53,295.23,294.1,294.66,294.61,293.68,293.91,293.5,294.48,295.23,295.5,292.93,291.48,292.46,294.18,294.75,294.33,293.91,293.86,295.83,296.38,296.16,294.53,293.03,291.68,292.23,292.5,293.0,292.96,294.83,294.96,295.25,295.36,295.38,294.8,294.96,295.8,295.73,294.58,295.0,295.63,297.58,297.05,296.3,294.13,294.43,293.18,291.98,292.75,294.38,295.11,294.53,292.86,293.53,294.11,294.88,295.0,294.93,294.23,293.96,294.98,294.28,291.33,290.08,291.28,292.0,292.06,293.18,294.88,293.61,292.66,291.11,290.46,290.63,291.41,290.91,291.66,291.55,291.88,292.41,293.63,292.8,291.73,291.13,291.03,290.98,292.71,293.05,292.46,293.23,292.08,291.61,291.96,291.16,291.88,292.48,293.55,293.8,294.11,294.21,293.91,293.25,293.75,293.86,294.0,294.0,291.48,293.88,292.83,292.23,291.93,291.88,291.93,291.13,288.81,288.96,290.58,291.96,292.0,290.41,288.38,289.08,291.28,293.03,291.5,290.68,291.96,292.48,291.33,290.08,290.36,292.05,292.23,291.08,289.96,289.73,289.41,291.65,289.68,289.43,292.18,290.71,290.38,289.75,287.78,288.45,291.61,289.41,288.75,290.11,292.71,290.13,287.68,289.21,289.21,289.3,290.83,290.5,290.33,290.91,291.75,288.05,285.48,286.98,288.98,290.63,290.21,287.23,287.08,286.33,289.08,290.83,290.38,289.11,290.68,291.71,287.93,284.48,286.05,288.86,288.18,287.75,289.28,286.23,288.43,289.48,290.25,290.98,291.46,290.08,289.13,290.61,288.11,288.98,287.9,287.46,290.6,291.03,291.05,288.81,289.03,286.75,285.05,284.68,284.43,285.18,285.48,286.88,287.4,288.38,289.75,290.5,288.21,286.03,284.58,285.53,287.46,286.43,287.38,286.73,286.61,287.75,287.46,288.53,288.08,285.96,288.71,289.4,289.03,287.9,286.65,286.41,287.33,286.11,284.28,284.15,285.13,287.05,289.58,288.58,287.9,287.13,286.03,286.25,287.48,288.78,288.93,289.11,289.53,290.41,290.5,290.73,289.58,289.08,287.73,289.83,291.71,291.4,291.56,290.96,289.21,287.38,288.46,290.11,291.18,290.38,290.3,290.75,291.0,290.46,287.91,287.98,290.05,290.5,291.18,291.71,292.28,290.58,290.13,292.43,291.81,288.53,285.91,287.21,287.23,288.85,290.78,291.06,290.5,289.9,290.0,290.16,289.96,290.33,292.13,290.73,290.88,291.16,291.5,292.66,292.78,293.08,293.96,292.91,291.61,290.11,289.58,290.5,291.3,292.98,293.36,292.3,293.48,293.4,293.5,293.46,294.05,293.86,291.63,290.96,290.25,290.48,291.18,292.63,293.36,292.33,292.75,293.9,295.03,294.13,293.98,292.41,293.93,293.66,291.05,292.43,292.31
290.93,290.88,292.98,294.43,292.21,291.0,291.83,292.63,295.55,295.65,295.78,294.75,295.08,295.28,292.18,291.53,292.43,294.36,295.13,295.05,294.86,295.15,294.93,295.83,295.56,295.38,292.25,290.43,292.55,292.03,291.13,292.61,293.78,292.06,292.36,294.43,295.25,295.21,292.93,291.96,292.4,293.46,295.4,294.48,294.55,292.58,291.66,293.1,294.9,293.9,293.3,293.53,294.58,295.03,295.55,295.93,295.53,294.5,295.53,294.96,294.13,293.73,294.58,294.53,294.46,295.08,294.9,294.65,293.13,292.08,292.4,294.15,295.18,294.68,293.8,294.61,295.33,295.61,295.36,295.03,294.18,293.4,292.71,295.13,294.0,291.83,292.5,293.38,294.78,295.98,294.56,294.25,294.36,294.96,294.68,294.71,294.53,294.38,294.83,291.53,291.9,294.88,294.05,292.23,291.78,292.31,293.0,293.48,294.36,295.43,294.85,291.65,291.21,290.53,288.53,288.08,289.75,290.86,290.5,291.21,292.98,293.58,292.21,292.0,291.43,291.25,291.48,292.15,292.78,292.13,293.8,294.61,293.36,292.75,293.83,292.61,291.33,291.46,289.55,290.88,292.13,291.96,292.68,289.96,288.33,289.25,291.18,292.5,292.75,293.63,290.3,288.68,289.25,292.08,292.63,293.41,294.0,293.68,293.5,292.3,292.18,290.66,289.58,290.03,290.36,291.0,290.46,289.0,290.46,289.61,285.73,289.28,291.63,291.11,287.3,285.5,284.61,287.68,286.5,287.38,286.73,286.68,287.3,289.68,290.5,289.96,288.58,289.43,290.13,289.68,289.25,290.78,290.11,287.08,285.93,288.48,288.63,287.25,287.16,287.11,287.86,286.73,285.98,287.31,285.81,286.38,287.05,286.75,287.8,288.93,287.61,284.8,285.25,286.83,289.31,287.63,287.65,289.73,290.21,290.33,288.21,286.0,285.88,287.73,289.55,290.13,286.46,285.61,286.63,288.98,290.11,287.53,286.11,289.36,290.63,290.48,288.75,288.73,289.58,288.73,290.28,287.98,286.43,286.66,288.83,286.23,287.28,286.46,288.86,288.61,284.83,287.0,285.95,287.83,289.25,289.41,289.13,288.71,288.6,287.53,288.38,289.8,285.63,287.11,287.36,287.38,288.33,286.75,287.16,286.48,285.88,287.36,287.25,286.38,286.18,286.96,288.03,289.66,289.38,290.41,290.93,290.83,286.61,286.31,287.46,287.73,289.25,290.05,291.13,291.8,291.43,287.73,285.31,287.23,289.61,286.88,286.15,288.08,288.88,288.8,290.08,289.11,287.83,287.55,287.61,289.96,287.78,286.56,287.28,289.55,289.66,289.66,286.58,287.05,287.91,288.96,288.91,287.63,288.4,286.38,286.63,288.16,288.91,287.68,288.48,289.43,289.73,289.9,292.3,292.23,292.11,292.08,289.58,289.2,291.23,292.56,291.46,289.73,289.65,290.15,291.08,291.66,293.3,292.73,292.03,291.86,293.18,289.71,289.81,290.83,293.75,291.5,291.68,293.38,293.21,293.13,293.18,294.0,293.83,293.53,294.13,293.28,293.53,294.93,294.23
294.54,294.63,295.91,296.34,296.43,296.13,295.39,293.69,295.29,295.86,295.11,293.23,292.41,293.76,294.31,293.47,295.51,293.78,291.69,293.46,295.66,295.31,294.51,293.48,293.61,293.76,293.84,294.09,295.01,295.99,296.11,296.31,296.59,296.74,296.96,295.99,294.81,295.76,297.09,296.21,296.21,297.46,297.54,295.54,292.81,295.51,295.77,293.36,294.51,296.99,296.14,296.29,295.94,294.31,294.49,294.81,295.11,295.53,296.26,296.01,296.67,296.74,296.97,296.18,295.04,296.18,297.39,296.61,294.76,293.46,293.66,294.36,294.28,294.34,295.46,296.14,296.24,295.74,296.44,296.76,297.18,296.71,295.78,295.64,295.81,296.48,296.84,296.81,295.69,293.59,294.41,296.24,294.54,291.86,291.84,293.11,294.64,294.34,292.56,291.86,291.38,293.01,295.28,295.61,296.28,296.98,296.41,295.71,293.43,291.18,291.66,292.89,293.86,292.66,289.56,290.86,294.56,294.44,293.49,291.29,291.84,293.46,293.54,293.64,293.44,293.34,294.51,293.64,292.14,292.87,294.24,292.34,293.06,295.09,292.99,292.76,290.86,289.76,292.68,291.77,289.81,292.59,293.94,290.66,287.91,288.96,290.56,290.53,289.26,289.11,288.78,290.01,291.71,292.71,292.61,292.49,290.94,288.36,288.51,291.14,291.14,291.36,292.04,290.34,287.88,287.54,289.94,291.04,290.94,290.61,290.84,288.93,287.66,287.71,287.97,287.04,286.47,288.84,286.88,286.47,288.21,289.59,290.54,291.73,290.29,291.11,291.93,289.99,286.11,287.11,287.01,287.24,286.46,287.38,289.04,287.01,290.06,289.31,289.26,286.17,286.16,288.91,289.08,287.06,288.54,289.34,290.21,290.03,291.06,289.96,287.21,285.44,287.16,288.51,288.48,289.11,288.96,286.44,287.36,287.81,286.99,286.29,285.61,288.66,289.41,289.09,289.59,289.64,290.14,290.42,290.36,289.41,288.28,288.21,287.84,288.04,289.0,289.79,290.46,291.44,289.14,287.76,287.06,286.21,286.06,284.34,285.14,286.26,286.64,286.06,286.64,286.74,286.96,289.09,288.29,289.66,289.09,289.54,290.71,288.99,289.78,288.13,284.94,286.21,288.26,289.22,288.46,287.16,289.18,289.31,287.56,287.89,288.86,288.86,289.06,288.94,289.59,290.09,288.63,290.11,289.86,286.61,285.19,284.81,286.89,290.36,290.34,289.39,286.38,286.76,289.31,289.23,286.53,288.13,288.56,289.81,291.11,290.56,289.61,287.51,286.86,287.09,289.74,290.76,287.14,287.01,289.66,290.86,290.64,291.51,292.14,291.66,291.61,291.36,291.71,292.41,292.89,291.41,287.86,288.16,289.09,289.66,290.33,291.09,292.21,291.43,291.36,292.51,291.26,290.93,292.59,292.59,292.43,293.23,292.66,293.34,293.41,294.41,290.89,289.71,291.19,293.78,294.64,293.59,293.74,294.02,293.76,293.09,293.86,294.24,294.18,294.61,294.41,291.14,291.21,292.39,292.59,292.64,292.59,293.31,293.77,295.46,295.56,292.01,290.01
292.38,295.26,292.66,291.16,292.59,294.31,294.56,293.34,295.43,295.73,294.19,292.83,295.31,295.51,294.26,292.21,292.23,294.41,295.96,295.29,293.84,294.11,295.79,296.09,294.34,293.06,295.23,295.79,293.31,292.81,293.39,293.64,295.34,295.66,294.04,293.41,294.96,293.16,292.02,294.91,295.26,295.81,294.61,293.83,292.81,292.11,291.58,292.41,293.46,293.26,293.66,293.96,293.97,295.06,295.56,295.63,294.96,293.21,293.01,294.21,294.24,294.76,295.56,295.47,296.11,296.16,296.29,296.81,296.99,297.11,297.26,295.44,294.59,294.98,295.33,295.18,294.93,294.81,294.86,295.31,295.36,295.16,295.26,292.59,292.31,293.54,294.34,294.18,294.14,294.44,295.26,295.59,296.24,295.46,294.97,294.36,293.66,294.21,295.86,296.14,296.41,295.14,295.53,296.04,295.81,293.26,291.79,291.99,293.11,291.29,292.01,295.21,293.89,294.61,295.09,293.61,293.46,292.84,291.14,291.49,291.01,292.99,292.48,292.81,293.69,294.46,294.26,292.04,291.41,295.11,292.03,291.74,292.44,293.34,294.11,294.21,294.63,293.29,291.61,291.91,291.69,293.11,294.02,291.49,293.43,292.29,291.04,291.69,289.46,287.36,286.73,288.48,288.51,288.99,291.78,290.81,292.61,294.41,290.56,291.29,291.36,291.48,292.06,292.74,293.09,293.03,293.12,293.29,292.89,292.03,292.06,290.34,288.84,291.71,293.36,290.03,289.31,290.03,286.28,288.68,289.74,289.98,291.13,290.13,288.3,290.11,291.58,290.11,290.66,291.11,292.21,290.93,291.61,291.73,292.03,291.28,285.6,285.16,288.68,291.53,290.63,287.66,286.66,285.93,287.33,287.11,287.96,288.11,289.53,290.5,289.91,291.93,292.75,291.5,289.75,288.3,289.03,288.36,287.33,286.1,286.18,285.46,286.18,288.96,289.98,289.98,291.53,291.25,291.28,290.9,289.13,286.33,288.13,290.05,290.58,290.9,286.4,284.9,286.98,289.93,287.63,284.98,288.71,291.3,290.75,290.33,288.78,289.48,290.41,289.9,286.46,285.93,285.61,288.11,289.66,285.71,285.83,286.93,289.53,290.05,286.63,286.93,289.8,288.41,288.38,287.46,290.13,291.86,291.06,289.65,289.93,290.28,291.13,291.21,291.58,291.8,291.31,290.93,291.0,290.16,289.55,290.66,290.43,290.63,290.83,289.73,290.23,287.38,286.71,287.43,290.66,289.88,290.33,288.83,288.28,289.75,290.33,291.11,288.61,286.15,286.21,287.33,290.21,292.16,291.61,290.3,289.61,288.78,290.25,289.98,287.88,288.71,291.13,292.43,290.31,289.13,288.73,288.83,288.93,289.25,289.23,289.73,291.18,291.96,291.73,292.0,292.96,293.5,293.0,292.28,290.75,292.8,293.96,293.5,292.25,292.25,292.03,292.81,291.8,292.96,293.86,294.18,293.36,293.36,293.98,293.53,290.71,290.43,291.91,290.25,291.06,291.73,292.16,292.71,293.25,294.33,294.63,295.05,295.08,293.83,292.66,292.63,292.88,292.41,291.81
293.71,295.46,295.86,293.88,294.03,294.0,296.16,296.36,294.96,294.68,292.58,291.75,292.9,294.98,296.03,296.18,295.8,292.78,291.88,294.16,295.33,295.48,296.5,296.83,295.11,295.23,295.8,295.53,296.05,296.61,297.13,297.5,297.58,296.71,296.21,296.83,297.38,296.93,297.96,295.93,294.48,296.16,297.3,295.93,295.75,293.43,292.61,293.78,294.55,295.93,296.58,296.33,295.21,294.83,293.96,292.98,292.88,294.33,294.33,295.05,296.05,295.11,294.06,294.28,295.81,295.71,294.18,293.25,290.58,290.06,290.8,292.5,294.13,294.05,293.0,291.81,291.53,293.5,295.86,294.18,292.25,293.68,294.18,293.83,291.98,291.06,293.28,294.16,290.96,290.86,292.53,294.08,294.66,293.58,294.85,295.33,293.48,293.93,295.16,294.96,293.55,294.0,294.38,294.53,295.63,291.71,292.0,293.61,294.03,292.96,293.58,292.8,294.35,294.8,293.28,293.33,293.18,294.28,291.53,291.08,290.03,290.65,292.41,293.66,293.98,291.83,290.48,291.36,290.5,289.53,290.05,290.55,290.05,289.56,290.58,293.86,293.21,293.93,292.21,290.81,291.28,291.53,289.23,289.31,292.4,291.71,292.0,291.73,291.13,291.96,291.28,289.73,289.41,289.25,288.38,289.0,291.88,290.86,289.98,289.0,288.58,291.8,288.11,288.73,291.43,292.46,290.9,287.8,286.75,288.33,290.41,290.83,290.73,289.43,289.8,290.33,289.61,288.23,286.75,286.68,287.71,289.43,289.78,290.03,289.8,290.58,290.86,289.93,290.68,290.63,290.58,289.46,289.48,288.4,287.0,287.21,287.58,288.11,288.21,287.81,288.25,288.96,287.98,287.0,286.1,287.38,290.23,287.75,286.5,285.96,286.33,286.38,287.18,286.75,287.21,288.43,286.21,285.05,286.15,289.38,289.75,291.0,291.33,288.48,286.58,285.61,285.33,286.41,288.41,289.3,287.33,286.53,287.75,290.23,289.8,286.78,285.75,288.93,289.96,289.46,287.71,287.71,290.33,289.73,290.55,287.63,287.35,286.43,284.96,285.8,287.06,289.73,288.05,288.3,288.8,289.68,289.83,289.75,290.06,287.11,285.93,285.75,286.23,285.8,286.71,285.48,285.18,285.43,288.98,288.83,286.98,288.11,289.98,287.3,286.83,286.48,287.53,287.3,287.75,289.25,289.46,289.28,290.61,290.75,287.48,285.93,286.75,286.85,288.46,290.16,290.83,290.21,289.0,290.08,290.78,289.08,289.91,291.55,291.5,291.03,291.21,290.9,290.03,290.05,290.48,292.11,292.43,292.33,291.48,288.71,289.08,290.53,292.03,292.21,292.5,290.75,290.31,290.8,292.4,292.38,288.91,288.58,290.93,290.73,289.5,291.53,292.61,293.41,293.88,293.03,293.43,293.66,294.03,293.91,292.48,291.75,293.03,292.41,292.86,293.23,292.53,291.38,292.8,294.08,294.23,294.25,293.16,291.21,290.61,291.58,294.28,294.18,292.46,290.58,291.3,292.18,293.88,293.9,294.46,294.63,294.41,293.88,294.46,294.5,291.65
290.81,291.43,291.75,292.56,293.55,292.86,293.05,294.38,295.41,294.93,295.96,292.78,291.86,293.61,293.88,294.66,295.96,296.33,295.16,293.48,294.46,294.56,294.93,295.25,295.36,296.11,296.0,295.98,294.31,293.08,294.46,294.91,295.78,295.86,296.88,296.86,295.91,295.78,296.61,296.53,295.93,296.16,295.63,295.0,295.86,295.63,294.43,294.68,295.78,295.66,295.93,295.03,295.58,296.3,296.48,293.0,293.63,295.03,295.3,296.03,294.71,293.58,293.56,293.83,293.55,293.68,294.96,295.28,294.75,295.48,296.33,293.7,291.23,291.38,291.63,293.36,294.63,294.9,294.96,294.58,292.93,292.28,292.73,293.63,292.31,291.93,292.83,294.46,294.48,294.05,293.53,294.08,294.13,294.91,294.9,293.35,294.23,292.08,291.36,291.75,292.68,293.36,293.0,292.88,293.96,294.33,292.18,291.36,292.5,293.98,294.08,295.03,294.23,291.33,290.46,291.25,291.86,291.5,290.23,290.36,292.05,293.98,292.3,290.78,292.66,290.78,289.48,290.23,289.16,288.78,288.11,288.58,288.96,289.58,289.03,288.78,288.11,288.23,289.86,291.28,290.25,288.61,290.11,291.28,291.91,292.48,293.3,291.5,290.43,290.28,290.63,291.93,291.38,289.78,288.91,291.53,291.36,290.63,290.93,291.5,292.71,292.48,289.08,288.66,290.18,287.55,285.93,286.63,287.88,289.96,290.78,290.96,289.33,288.61,288.6,288.31,289.36,290.98,290.25,290.31,290.55,291.23,291.18,291.38,291.36,290.1,291.55,291.55,290.16,289.43,290.03,289.73,286.78,286.08,286.23,286.68,289.98,289.93,288.75,287.81,286.13,288.33,288.75,289.41,289.86,289.9,290.93,290.33,289.75,290.05,290.96,289.13,290.96,289.18,287.23,286.33,285.23,285.83,286.1,286.21,286.58,285.93,286.75,289.43,289.9,286.98,287.63,287.68,287.63,286.71,288.43,289.23,288.36,289.31,288.48,289.75,290.58,290.08,290.16,289.21,290.25,287.36,288.48,288.43,287.96,289.63,289.93,289.58,289.0,288.93,290.15,287.98,285.91,288.13,286.63,284.53,284.88,285.33,288.06,290.9,290.28,288.43,286.73,286.55,288.43,286.58,286.0,288.61,290.25,287.05,286.38,287.75,288.5,287.83,287.05,286.96,288.38,290.21,291.13,291.13,290.28,290.56,289.36,288.83,287.61,287.38,288.96,290.73,287.63,287.43,289.28,288.9,289.41,291.68,290.13,289.15,289.91,287.21,286.13,287.46,288.11,288.38,288.8,289.98,290.78,291.78,291.38,291.06,290.71,291.38,291.75,291.13,291.11,289.61,288.25,288.78,289.53,292.21,292.86,292.05,291.21,291.38,290.36,291.08,291.63,291.38,290.75,292.55,293.61,293.85,293.8,292.36,289.75,289.38,290.71,290.96,291.18,292.36,293.11,293.33,293.3,291.98,289.71,289.5,290.11,290.73,291.21,291.96,293.16,290.53,290.5,291.08,292.55,293.66,293.63,293.53,293.91,294.66,294.46,293.96,293.23,293.13,293.36,294.61,294.71
295.03,295.63,295.56,295.11,295.05,295.21,294.46,294.46,296.55,295.38,293.18,294.86,296.38,295.0,294.83,293.98,292.53,293.25,295.16,295.63,295.33,296.18,296.28,296.48,296.21,296.25,295.5,293.36,294.38,294.5,295.13,294.78,293.48,293.73,295.16,294.73,293.28,293.28,294.9,296.25,296.55,296.75,295.93,295.3,294.93,294.8,294.18,296.05,294.88,296.08,295.13,293.68,295.33,295.73,295.73,296.11,296.0,295.08,295.03,293.56,292.86,295.03,295.73,295.3,296.11,296.48,296.28,295.21,293.73,294.36,293.46,294.33,294.31,294.35,295.21,295.41,295.38,291.71,293.73,294.33,293.53,292.75,292.86,293.58,293.03,293.93,293.48,293.08,292.83,292.36,291.63,292.38,293.71,294.63,292.98,293.41,293.75,293.5,290.98,290.98,292.13,294.21,292.41,293.23,294.13,292.96,292.46,293.58,294.73,294.08,293.55,291.73,290.43,292.91,294.55,293.68,294.13,294.56,294.03,294.48,294.8,294.75,293.05,292.16,291.75,291.25,291.23,292.38,293.58,291.83,291.73,294.3,292.11,289.83,289.48,289.55,293.48,291.11,291.23,293.55,292.5,292.73,294.0,292.53,291.63,291.91,291.21,290.55,293.11,291.28,288.21,288.68,290.05,292.78,292.43,293.25,293.18,293.38,293.13,292.48,293.65,293.28,289.5,288.18,288.96,290.48,291.4,291.93,290.98,288.68,287.73,288.11,289.03,290.13,290.81,291.18,291.98,292.41,292.61,292.15,291.13,290.0,288.18,286.13,286.5,288.96,286.5,286.83,287.38,288.11,288.75,289.36,291.28,289.08,288.0,288.8,288.83,289.31,289.9,290.31,291.96,291.05,290.06,286.96,286.78,288.18,290.33,289.46,289.15,291.75,290.43,289.4,289.23,290.43,290.8,289.3,288.38,286.98,286.28,288.66,288.5,290.4,290.03,288.93,288.66,288.66,289.13,289.71,290.78,290.86,290.58,290.75,290.46,290.8,289.88,287.46,287.38,287.16,287.13,288.31,289.55,291.38,289.9,287.75,289.71,291.11,289.0,286.8,285.86,286.25,286.8,285.53,286.5,288.33,289.36,290.06,289.63,289.21,289.5,289.98,290.46,288.48,289.95,289.43,286.68,286.98,287.93,288.25,286.98,286.15,285.96,286.43,285.98,287.11,289.36,289.48,289.71,290.0,291.0,291.5,291.0,290.13,290.63,291.3,291.48,291.05,291.36,291.33,291.48,288.68,287.9,288.63,289.25,289.11,291.53,293.21,291.3,290.46,290.55,289.03,288.0,288.03,290.73,288.3,288.25,290.43,290.46,288.68,289.11,290.23,288.83,288.46,289.38,289.21,290.53,292.36,291.78,290.66,290.35,290.43,291.33,290.68,289.43,289.48,290.15,291.25,292.65,292.96,292.98,292.43,293.71,293.83,293.73,293.38,293.55,293.23,292.83,292.5,291.0,291.5,291.8,292.8,293.38,288.68,288.43,291.78,294.55,293.41,293.86,292.71,292.73,293.38,293.63,293.61,294.63,295.05,295.11,294.73,293.31,290.98,290.86,292.96,294.98,295.88,295.38
291.73,291.58,293.36,294.8,295.25,295.18,295.61,294.71,293.16,293.28,294.63,294.41,293.71,291.66,291.5,294.5,295.63,295.98,295.0,294.03,292.93,293.43,295.35,295.96,296.0,295.68,295.43,295.58,296.55,296.58,296.63,295.68,295.61,295.68,296.16,296.93,296.5,296.68,296.46,295.25,295.93,296.91,297.55,296.88,297.0,297.55,296.71,296.61,297.4,295.86,296.33,297.13,295.68,295.88,297.18,297.21,297.1,297.03,295.96,295.55,294.43,295.38,296.23,296.25,296.08,295.61,295.23,294.93,295.48,295.56,295.88,296.5,297.03,297.33,297.0,297.25,296.86,297.23,296.5,296.11,296.5,296.41,295.4,296.13,297.06,297.48,294.43,292.61,292.46,292.75,294.21,295.23,294.28,292.6,294.21,293.55,292.03,291.58,291.28,292.83,294.03,293.98,292.66,293.53,294.25,291.78,290.18,290.71,291.11,292.66,293.86,291.73,291.0,291.31,291.36,289.68,290.3,293.41,293.66,292.83,292.36,292.46,292.03,289.93,289.15,291.18,292.88,292.28,293.48,292.98,291.21,291.78,289.83,287.63,287.53,289.23,289.38,289.11,290.63,291.38,291.78,291.96,292.21,292.63,292.0,290.68,289.41,290.0,292.1,292.33,291.86,291.86,291.81,291.55,287.53,287.91,290.0,291.71,292.21,292.33,291.48,289.63,288.16,287.93,290.08,288.23,290.28,290.58,291.48,290.36,287.98,291.8,292.86,290.41,291.25,288.38,289.41,288.93,286.71,286.88,287.23,289.78,290.55,288.98,289.8,291.93,290.75,288.78,287.16,289.23,290.73,291.43,292.33,291.9,291.61,290.66,289.08,288.4,287.23,286.25,286.63,286.86,288.43,289.63,287.38,287.88,290.13,287.83,287.3,289.63,289.23,289.3,289.56,289.96,290.18,289.81,289.66,290.86,290.38,290.33,290.36,289.75,289.31,289.68,286.98,285.68,284.86,285.98,285.41,287.16,289.05,288.31,289.18,288.31,286.91,287.75,289.53,286.0,285.81,287.4,288.08,288.55,289.86,289.16,285.55,286.63,286.48,287.08,286.65,287.21,288.28,289.21,290.06,289.5,289.68,288.13,289.0,291.06,290.98,288.68,290.48,291.23,291.58,290.41,289.08,290.9,291.46,289.8,287.23,287.61,287.23,286.98,289.68,290.75,291.73,289.78,289.28,287.9,287.46,288.66,288.71,288.46,288.41,289.58,290.93,290.21,290.23,292.18,290.9,290.53,290.5,291.16,291.61,291.38,289.21,289.88,290.86,290.18,290.06,289.88,290.36,291.8,290.78,292.11,290.93,291.91,291.53,288.28,288.15,289.3,290.71,291.36,290.98,291.48,292.86,292.3,292.18,292.43,292.05,289.68,290.88,290.8,292.05,292.71,291.71,291.78,290.28,290.71,291.08,291.28,292.48,291.96,289.68,290.05,290.98,291.96,293.08,291.71,290.38,290.13,291.98,292.38,290.93,291.53,293.28,291.48,289.48,290.38,291.83,290.96,289.95,291.5,292.8,292.73,293.31,292.61,291.78,291.73,292.88,293.18,294.03,292.3,292.6,291.98,291.0
293.21,293.55,290.03,289.21,294.13,294.83,294.81,293.55,291.36,290.93,291.93,292.53,292.41,292.75,292.36,293.53,294.41,294.3,294.78,295.91,295.61,294.41,294.21,292.58,291.23,292.71,293.71,294.33,294.96,295.88,294.78,292.58,291.66,291.73,292.0,293.21,293.71,293.75,293.83,293.46,292.21,292.91,293.86,294.21,294.98,295.18,296.08,296.05,295.58,296.18,295.71,295.0,294.5,296.0,294.98,294.98,295.9,293.88,293.18,295.36,293.53,291.61,291.68,290.71,290.55,291.75,293.28,292.9,292.5,293.11,293.88,294.63,291.96,292.58,293.61,295.41,295.5,294.91,295.88,295.36,295.0,295.53,294.38,294.18,294.71,294.38,294.68,294.5,294.53,294.83,295.08,292.86,292.58,292.65,292.03,292.93,293.15,291.03,294.08,295.75,294.73,293.61,292.93,293.3,293.63,293.36,293.73,293.25,292.98,293.93,292.25,290.23,289.75,291.11,291.83,292.61,293.58,293.71,292.25,291.5,293.48,293.63,293.83,293.58,289.91,289.03,290.53,292.53,293.18,290.78,289.25,289.6,288.11,291.88,293.23,292.61,293.78,293.63,293.83,293.66,291.73,289.91,290.16,292.43,292.73,292.55,292.48,292.21,292.33,292.3,292.83,290.98,289.61,290.18,292.73,291.5,290.73,292.41,287.5,287.15,291.28,292.75,292.66,290.83,289.93,289.63,288.43,289.41,287.4,287.48,290.18,290.25,290.98,290.83,290.66,291.41,291.08,291.68,292.16,291.75,291.78,291.11,288.23,291.65,289.31,288.25,289.53,291.86,289.13,287.23,287.56,288.63,288.33,289.53,289.18,289.88,291.5,289.0,286.5,286.75,285.55,289.11,290.58,291.03,289.83,288.1,287.81,289.1,290.15,287.55,287.63,288.31,289.25,290.85,290.38,286.18,285.03,286.55,288.63,287.58,287.0,287.33,288.55,287.38,286.23,287.98,290.11,287.55,285.65,285.63,285.36,286.08,288.28,289.08,289.18,290.18,290.96,291.25,289.93,288.28,289.03,286.58,286.03,287.56,287.33,288.78,288.98,290.43,290.3,289.71,288.65,287.11,285.88,285.68,285.71,286.16,285.81,285.93,286.05,286.98,287.98,288.63,289.55,289.21,289.73,290.23,290.18,290.0,289.86,290.86,290.5,290.15,291.28,289.23,288.33,288.13,287.0,286.96,289.93,290.18,290.11,290.36,289.8,287.98,288.16,287.4,289.46,289.73,289.21,289.18,289.33,289.88,290.58,290.43,291.63,291.16,289.38,289.53,289.93,290.46,291.05,291.5,291.08,290.93,292.28,291.96,291.63,291.48,291.66,291.78,291.65,290.43,290.0,291.75,292.38,291.8,290.21,291.18,292.71,290.53,291.33,294.11,293.33,293.03,291.93,291.0,293.0,292.86,290.71,291.4,290.58,290.43,290.08,291.73,292.28,292.3,293.23,293.38,293.36,292.33,292.25,292.13,293.3,293.05,291.11,292.15,293.58,292.88,291.9,290.68,291.43,291.53,291.73,293.85,294.05,294.3,293.41,291.88,292.28,293.5,294.43,294.63,294.61,293.75,293.43
293.33,291.21,291.25,291.9,292.48,291.91,292.33,293.15,294.28,295.16,295.08,295.48,294.86,292.25,291.9,294.38,296.11,296.5,296.5,295.88,295.41,294.58,294.16,293.08,292.5,293.86,294.66,293.55,292.8,294.75,294.88,292.88,292.98,293.75,295.5,295.66,294.98,295.25,295.5,296.08,295.71,294.48,293.88,294.13,294.68,295.55,296.38,295.3,294.21,291.5,292.53,294.78,295.86,294.13,292.93,294.73,295.13,293.5,291.23,292.25,295.35,296.5,295.96,295.56,293.5,291.38,290.55,291.8,292.96,294.83,295.53,294.78,293.96,294.58,293.81,294.75,294.61,292.25,293.86,295.83,292.75,293.33,293.43,293.86,292.9,295.5,293.53,291.83,293.11,294.83,294.16,293.91,293.91,294.53,292.86,292.98,294.48,295.5,295.75,296.46,294.3,292.55,290.43,290.9,290.88,291.43,293.71,291.0,289.55,289.86,291.0,292.58,292.9,292.61,293.41,293.68,293.71,293.86,294.08,292.46,290.75,289.63,291.9,289.83,290.05,289.61,291.23,291.88,291.91,291.4,290.93,289.98,292.73,293.83,294.28,292.68,290.08,289.05,288.96,290.78,290.83,289.58,288.8,288.65,288.93,288.93,290.25,292.36,292.5,290.11,289.53,289.86,291.66,290.8,287.53,286.08,287.0,287.46,289.5,288.25,291.48,290.18,286.73,286.48,286.98,287.43,287.0,288.68,289.33,290.8,291.98,289.8,288.55,289.13,288.4,288.33,290.63,290.43,291.3,291.78,291.66,290.38,290.93,291.28,288.48,287.11,287.43,289.13,291.48,289.03,288.08,290.13,290.58,289.53,287.96,286.5,287.96,289.48,287.73,286.98,287.16,289.08,289.68,286.23,284.75,287.18,290.55,289.58,288.43,287.3,286.88,287.23,287.46,288.21,288.46,289.66,289.61,287.98,287.48,289.03,289.53,290.33,290.48,289.61,288.15,286.5,285.58,287.56,288.25,287.23,287.21,289.73,288.73,287.0,286.11,288.0,286.68,288.48,290.05,289.43,290.03,289.03,288.73,289.0,286.23,285.96,289.21,288.23,289.53,288.31,285.03,286.56,289.11,287.55,287.83,287.68,286.88,287.25,288.4,288.78,287.46,286.08,288.91,290.16,290.3,287.48,285.55,285.33,285.68,285.78,286.66,286.13,288.16,287.43,286.28,288.75,289.91,288.78,285.93,286.0,285.61,286.41,288.25,286.21,286.36,288.83,288.56,285.78,285.75,287.28,288.66,289.23,288.68,287.21,286.86,290.93,289.75,289.25,287.08,288.86,287.48,286.86,287.1,288.23,289.43,290.56,290.83,291.36,290.83,290.43,289.03,288.05,290.13,291.05,289.88,288.38,287.71,288.63,290.75,287.65,287.3,289.75,289.53,288.43,290.18,292.46,292.25,291.98,292.41,292.53,291.2,288.16,288.9,290.58,291.75,292.41,292.68,292.41,292.66,293.23,292.41,292.55,293.33,293.75,293.98,292.86,292.56,293.33,293.55,293.68,294.43,294.78,293.68,294.63,295.66,293.48,290.96,290.13,290.75,291.28,291.9,293.28,294.08,295.08,295.43
294.86,294.91,294.73,295.48,294.18,293.0,293.16,294.1,293.8,294.78,295.3,294.83,295.53,295.25,294.88,295.56,295.58,295.15,295.43,295.86,296.0,295.23,295.03,294.96,294.11,294.33,295.25,296.58,293.93,292.93,292.93,292.93,294.0,294.58,295.3,295.78,296.25,296.11,295.38,293.61,292.61,295.15,295.38,294.43,294.08,293.53,292.86,293.18,293.61,293.5,294.21,294.75,295.18,295.5,296.05,294.91,295.15,296.31,295.23,295.86,295.78,296.38,295.88,295.78,294.53,292.11,291.33,291.31,292.15,292.96,293.75,293.86,292.68,294.31,293.03,294.5,294.48,292.43,291.3,291.66,294.23,295.58,295.93,295.03,294.18,294.6,294.21,291.96,292.15,294.91,295.55,295.13,292.73,293.16,293.71,292.16,292.25,294.78,292.8,289.48,289.36,290.58,292.48,292.5,290.25,290.96,292.23,292.91,294.38,292.68,290.96,292.11,293.58,292.75,290.21,288.96,289.83,291.16,291.46,290.33,287.83,287.63,288.5,290.41,291.61,292.63,290.3,290.13,292.08,291.75,292.58,291.0,287.91,288.28,290.13,291.18,289.86,289.91,290.28,291.48,292.28,292.73,291.73,290.71,289.93,290.78,292.46,293.18,293.05,293.11,289.25,287.98,288.15,289.08,291.03,292.28,291.73,291.96,292.1,292.08,290.86,289.1,288.73,289.65,290.0,287.41,286.48,287.03,291.25,291.3,292.03,292.23,292.0,292.36,292.53,290.68,289.88,291.23,292.03,291.13,289.53,287.46,288.13,290.36,291.46,290.33,287.98,286.98,288.96,291.58,291.63,289.18,287.63,287.18,287.23,288.13,290.4,290.46,290.28,291.35,291.58,292.08,291.78,290.75,290.28,290.93,291.5,291.55,290.66,291.18,290.75,287.46,286.21,286.98,287.23,287.66,288.5,289.75,290.9,290.88,291.11,290.33,290.75,290.9,290.53,289.96,290.78,290.08,290.06,291.41,288.68,287.28,287.78,288.38,289.88,291.58,289.83,289.11,290.21,290.61,288.41,287.88,288.55,289.41,286.5,286.28,286.86,288.11,288.36,287.96,290.11,291.11,289.23,289.08,286.91,286.55,286.53,288.23,290.36,289.88,287.28,285.73,285.61,288.25,290.08,288.58,287.78,285.63,286.66,290.43,288.96,288.58,290.4,290.11,290.1,290.28,290.38,289.58,288.73,287.41,288.36,290.93,288.75,289.83,289.03,286.83,285.83,286.73,288.53,287.13,288.5,290.46,291.41,290.48,290.33,291.03,290.93,291.35,291.53,292.55,291.93,291.78,288.78,287.0,287.78,288.21,289.75,291.21,289.6,287.38,287.48,289.68,289.16,289.98,290.41,290.13,291.3,292.23,292.71,292.58,292.5,293.11,292.75,292.43,292.15,290.88,291.58,291.28,290.03,291.33,293.13,293.38,292.33,290.88,291.41,293.48,293.18,292.78,293.41,293.66,291.8,293.53,293.18,291.73,290.96,291.86,293.33,293.25,293.98,294.48,291.28,291.33,292.38,289.56,290.58,293.0,293.58,294.08,294.96,295.33,294.61,294.88,294.36,294.33,294.88
294.4,294.93,295.88,291.23,289.46,291.13,294.73,295.93,296.13,296.21,296.16,294.11,292.43,291.03,290.55,291.48,292.23,294.23,294.8,293.8,291.93,291.38,290.66,292.61,295.68,294.03,293.21,294.43,295.53,296.08,294.78,294.41,293.28,292.0,292.03,294.06,295.0,295.13,293.8,293.33,293.3,293.46,294.38,294.96,296.61,295.43,293.81,293.11,293.28,294.4,295.8,294.73,293.61,294.3,293.25,292.21,292.75,294.5,294.21,291.78,292.98,290.88,291.91,294.33,295.13,295.13,292.83,291.78,293.65,294.48,293.71,294.91,295.23,291.21,290.5,291.78,294.08,294.33,294.3,294.25,294.73,295.5,296.15,294.43,294.71,295.18,294.43,293.5,294.88,294.83,293.28,293.96,295.28,295.15,292.25,290.05,291.13,291.56,290.41,290.63,291.48,291.18,292.61,293.8,294.25,294.91,293.21,293.28,292.93,292.66,292.86,292.58,293.28,292.93,292.71,293.15,293.63,293.23,291.13,292.38,293.21,290.23,291.3,294.13,293.96,294.03,294.11,295.13,295.0,293.28,293.11,292.81,292.8,290.81,289.78,290.05,289.61,289.5,290.98,292.38,293.93,292.83,292.68,292.78,293.28,293.36,291.73,290.4,289.71,290.93,292.63,291.33,288.48,291.43,292.11,291.91,289.35,291.25,291.96,290.98,291.38,291.18,292.41,292.66,292.93,292.21,291.9,292.25,292.63,290.63,291.28,291.23,287.11,286.8,287.36,287.41,287.53,289.5,289.46,290.86,291.48,288.63,289.68,291.03,291.43,289.5,288.18,290.3,291.73,292.16,290.58,290.48,287.98,287.78,288.91,290.18,289.98,289.73,290.05,290.43,289.81,290.96,290.38,290.0,289.66,289.3,289.85,290.71,290.61,291.28,291.11,290.53,287.43,287.36,290.21,291.88,292.38,289.65,287.68,286.98,288.98,290.5,289.63,287.56,287.28,289.0,291.81,291.78,291.18,286.41,285.65,288.98,288.43,286.08,285.98,286.73,288.8,290.65,290.13,289.81,290.08,289.58,287.63,290.25,291.13,290.68,287.91,286.58,286.61,288.35,289.5,288.61,290.36,290.68,290.61,287.81,285.83,287.93,289.93,290.53,288.53,287.23,287.63,290.11,287.71,285.4,284.13,283.88,286.71,288.93,289.48,290.96,286.93,286.55,287.05,287.38,288.06,288.61,289.63,288.63,288.98,288.5,288.05,289.25,290.93,290.58,289.13,289.63,290.16,289.21,291.1,290.9,291.78,290.8,291.83,292.08,292.33,291.93,290.28,291.88,292.43,292.75,290.73,287.96,287.48,288.08,287.88,288.98,289.23,290.53,290.98,291.5,291.98,292.11,291.95,292.25,290.03,288.1,288.43,290.56,292.68,292.58,292.03,291.41,290.33,291.13,292.83,291.46,290.56,291.28,290.65,292.68,292.93,292.63,290.41,290.28,290.38,291.16,291.63,292.0,291.31,291.91,294.08,293.33,291.23,291.28,292.31,292.98,293.08,291.78,291.23,291.83,293.03,293.63,291.25,291.43,293.15,292.03,289.46,290.8,292.11,292.63,290.91,289.9,290.91
293.3,293.71,289.71,289.38,289.71,291.33,292.58,293.66,293.58,293.88,294.66,294.53,294.4,294.23,294.46,294.21,294.38,295.03,295.53,293.21,291.86,291.43,293.31,295.03,295.25,292.33,292.35,293.41,294.53,294.41,294.41,295.25,295.0,295.0,293.28,292.73,294.08,294.38,295.36,292.41,294.4,295.75,295.35,295.81,294.0,291.9,292.21,292.9,293.38,294.08,294.48,294.48,295.53,295.5,295.83,295.53,294.93,295.25,295.71,296.28,296.63,296.16,296.13,294.21,293.66,293.93,294.06,293.3,294.5,294.58,293.15,293.3,292.65,292.11,291.0,290.58,292.18,293.96,294.5,293.38,291.25,290.33,290.08,290.48,292.3,294.18,295.18,293.93,293.63,294.28,295.25,292.63,292.08,291.68,291.63,290.11,291.21,293.83,293.61,293.61,294.18,293.4,291.28,290.68,292.18,293.73,294.25,295.23,294.91,294.08,293.66,293.43,292.78,291.91,291.88,293.4,289.43,288.93,289.03,289.53,290.58,289.88,289.96,291.28,292.25,291.08,289.73,289.93,290.96,290.21,289.43,292.28,290.33,291.03,291.88,291.75,291.08,287.58,287.18,287.13,290.71,291.73,289.48,290.53,289.8,289.48,287.28,287.75,286.93,287.28,287.73,288.78,290.13,291.41,288.43,287.8,288.38,289.21,290.58,290.38,287.05,289.16,289.68,289.73,290.08,290.08,290.28,290.0,291.0,291.31,290.75,286.65,287.23,290.43,290.58,289.06,290.08,288.9,289.25,288.55,288.71,287.33,286.43,286.58,287.98,289.71,287.13,287.33,285.5,282.98,284.11,284.78,285.3,289.05,289.55,289.75,288.36,287.88,288.5,288.58,289.53,290.75,290.06,287.25,286.11,287.31,287.23,287.18,287.53,287.53,287.21,287.36,286.05,286.61,289.18,285.78,286.71,287.36,286.18,285.21,286.33,288.53,289.48,288.83,286.63,285.41,285.75,288.05,289.08,287.88,285.93,286.8,285.33,285.71,286.8,285.33,286.25,286.63,287.73,288.88,287.05,287.05,286.41,287.08,288.53,290.05,289.38,290.71,290.31,288.28,285.5,285.41,286.08,285.71,287.73,286.83,284.98,284.16,285.13,287.15,288.96,287.23,286.61,288.68,288.0,287.46,288.4,287.88,285.58,286.43,286.71,285.55,285.58,287.86,288.43,288.88,289.4,288.15,287.03,287.43,289.08,289.25,288.25,288.88,288.03,287.63,288.66,290.43,291.33,289.05,286.75,287.5,288.78,289.75,289.73,288.58,288.11,288.53,291.13,291.13,290.35,290.91,289.46,288.8,287.66,287.08,286.63,287.48,290.35,289.55,288.16,288.28,289.05,288.88,289.11,290.63,290.96,290.78,290.66,291.31,291.16,290.46,291.53,292.71,292.23,292.11,291.91,293.25,292.61,290.05,288.78,288.08,289.18,289.91,290.0,290.61,290.93,291.43,291.58,292.61,292.46,290.41,288.8,287.98,289.13,289.98,291.11,291.16,290.46,290.23,291.33,292.71,293.65,292.75,292.48,293.46,293.23,292.11,292.11,292.08,293.08,293.63,293.9,294.33,294.18
294.55,294.62,293.62,292.57,292.87,294.05,294.05,294.42,294.0,293.6,294.17,293.05,293.77,293.82,294.92,294.42,292.8,293.12,294.49,295.15,294.6,295.6,295.5,294.85,294.77,295.17,293.8,292.95,292.65,293.55,294.37,295.2,294.67,294.92,294.87,292.67,293.05,294.02,293.14,292.99,293.1,292.97,293.67,294.1,293.85,293.77,294.22,294.49,294.3,294.14,294.44,295.07,295.2,295.05,295.35,295.12,294.85,294.6,294.15,294.77,295.6,295.87,295.72,295.72,295.2,293.8,293.62,293.67,294.07,294.82,294.72,295.92,295.62,295.12,295.62,295.74,296.7,294.87,293.67,293.92,294.42,294.24,294.15,295.8,296.35,296.02,295.1,294.92,294.0,294.6,294.45,293.17,292.77,294.2,296.07,295.95,294.87,293.14,292.05,293.7,295.24,294.1,292.95,293.07,293.49,293.25,293.02,292.85,293.49,292.82,293.95,294.32,292.95,293.3,293.65,294.52,294.49,293.97,293.8,292.99,293.64,294.7,294.67,294.1,291.62,293.05,292.05,292.42,291.39,291.17,291.2,290.27,291.52,290.49,289.85,289.57,290.75,290.2,290.6,290.8,290.67,291.72,291.55,291.77,291.87,292.02,292.35,289.89,291.47,291.72,292.72,292.67,291.82,291.2,289.62,287.87,287.52,287.52,288.42,290.45,291.62,290.1,288.95,290.62,288.55,287.64,290.45,291.8,292.02,289.37,288.07,289.95,290.99,289.85,291.2,291.05,290.39,291.1,291.37,289.65,290.5,289.72,288.95,289.1,291.4,291.8,289.85,289.54,287.37,285.77,287.45,290.9,290.1,288.55,287.45,288.3,290.45,290.3,290.15,290.07,288.27,285.77,286.92,285.85,286.85,288.72,289.02,288.6,288.39,289.75,287.17,286.75,289.35,290.3,290.89,291.0,290.72,289.49,286.6,287.6,291.35,291.02,291.45,289.5,288.39,286.97,286.85,287.27,287.72,288.02,287.07,288.07,288.35,288.57,288.45,286.52,288.6,289.87,290.49,289.79,288.85,285.72,286.82,288.97,288.85,289.47,289.45,289.6,291.14,291.49,290.82,291.24,291.77,289.57,286.89,287.37,289.05,290.45,289.67,287.57,289.15,289.6,287.49,288.42,288.2,285.57,286.2,289.45,288.5,286.57,287.47,288.27,289.07,287.72,288.1,285.95,285.8,287.45,287.55,288.9,288.45,287.52,286.39,286.97,288.15,289.6,289.27,287.15,285.67,288.22,286.6,286.3,285.1,284.97,286.42,288.2,289.05,289.7,290.2,290.89,287.6,287.85,289.95,287.95,286.6,286.37,287.42,287.22,286.37,287.2,287.17,287.77,289.37,290.65,289.47,290.35,290.6,290.07,290.97,290.52,289.82,289.55,288.72,290.3,291.87,289.85,292.52,292.45,291.85,288.14,287.2,287.8,287.57,289.47,291.27,290.52,289.85,291.24,290.3,291.17,290.42,288.3,291.07,292.7,290.2,287.82,289.22,288.85,289.52,291.77,294.2,293.85,291.1,290.75,293.27,293.39,291.3,293.72,292.07,289.97,290.87,292.77,292.4,292.55,293.47
293.15,290.22,288.05,288.14,291.39,293.42,293.77,294.24,294.92,293.87,291.9,293.14,294.7,294.17,294.52,294.35,294.12,294.45,294.45,294.32,294.74,293.45,293.2,293.32,295.49,295.89,295.35,295.52,295.62,296.35,296.14,296.52,297.45,297.57,296.72,295.87,292.7,293.47,294.75,295.99,296.77,297.17,296.97,293.6,294.57,295.72,294.05,293.12,293.05,293.77,294.15,295.4,296.32,296.22,292.89,292.15,294.57,295.7,296.07,294.0,292.97,292.17,292.07,292.7,293.57,294.2,295.2,295.35,295.65,296.27,296.2,294.25,295.2,294.32,295.99,293.87,290.8,291.3,292.39,292.72,293.9,295.07,296.17,296.35,296.7,296.7,293.57,291.87,292.95,295.74,293.7,294.95,293.9,294.89,294.3,294.15,294.4,293.57,293.07,293.62,294.27,293.3,291.77,290.12,290.35,292.12,289.42,289.17,289.62,290.47,293.07,291.55,289.65,290.27,289.17,287.57,287.87,288.6,289.1,288.77,292.15,293.0,291.67,290.67,290.4,287.87,288.5,289.4,289.07,289.37,291.1,291.85,291.92,291.05,288.7,287.32,286.9,290.22,289.4,289.85,289.72,289.14,289.97,289.6,286.92,287.32,290.07,292.6,288.55,286.82,288.7,292.05,288.77,288.55,287.97,289.27,289.77,288.42,288.14,289.02,289.95,289.55,289.3,288.32,286.2,286.45,286.5,288.97,289.77,289.72,290.72,290.57,288.32,287.77,287.32,288.87,288.77,288.37,287.07,285.87,287.42,287.62,287.75,289.37,289.52,287.77,287.47,288.67,289.77,291.35,292.07,291.02,290.35,287.32,286.32,286.22,285.87,286.55,288.89,290.6,290.42,289.72,290.47,291.1,286.6,285.45,286.67,286.07,288.62,289.97,289.77,287.64,284.39,285.75,286.77,286.75,288.9,289.07,289.39,287.39,285.65,285.52,286.64,286.24,288.24,289.3,287.72,288.27,289.05,286.4,286.05,287.82,289.17,288.7,286.37,284.85,285.49,286.92,285.35,287.25,289.42,288.35,289.19,287.02,286.14,285.47,286.85,289.17,290.85,290.37,290.22,289.97,290.12,288.22,286.35,287.6,290.52,289.22,288.55,289.1,288.27,289.35,288.35,284.67,285.87,285.17,286.65,289.49,289.35,288.55,288.14,287.37,288.6,289.8,287.1,286.52,285.39,285.35,288.67,290.65,290.17,287.42,287.35,288.7,290.65,290.72,290.35,289.35,288.67,289.6,290.15,291.37,289.32,287.25,287.2,287.57,288.32,290.47,289.22,287.24,286.42,287.95,291.12,290.32,290.55,290.8,291.6,291.74,291.77,290.97,290.12,289.62,289.07,290.92,289.82,287.42,287.82,287.9,288.99,290.15,292.07,291.8,289.7,289.64,291.17,289.32,288.97,291.05,292.0,291.17,291.62,292.87,292.22,292.27,292.67,293.17,293.49,292.0,291.42,292.32,293.87,293.57,293.27,292.15,291.7,289.6,291.45,293.45,292.67,294.12,294.12,293.05,293.65,294.6,294.07,291.82,291.7,294.22,292.74,291.75,291.95,292.12,292.32,292.64,293.5
295.22,296.1,295.77,296.29,295.85,295.95,295.32,295.6,296.75,296.92,294.8,294.72,296.35,296.6,294.62,295.52,296.3,293.67,294.02,294.72,295.02,294.32,293.0,293.22,292.6,292.8,293.15,295.02,295.72,295.82,295.97,295.55,295.17,294.49,294.74,296.35,296.24,295.87,296.32,296.3,296.6,297.17,297.77,296.35,295.62,297.12,297.02,297.27,297.12,296.49,296.42,296.72,296.6,295.1,294.85,293.7,294.22,293.32,293.27,292.62,294.3,293.52,293.4,294.52,294.65,293.64,293.67,295.1,295.37,296.02,296.7,297.05,296.62,294.05,292.27,292.2,292.62,291.47,293.25,294.5,294.24,292.37,293.02,294.2,295.92,294.52,295.14,294.62,295.1,292.0,291.8,293.57,293.22,290.52,291.42,293.14,293.72,292.75,293.77,292.22,290.7,289.74,290.3,291.7,293.1,293.12,293.22,294.0,294.27,293.22,293.97,294.07,293.2,291.52,293.1,292.4,291.1,288.82,288.25,288.8,288.7,289.87,291.52,290.35,289.8,290.97,293.07,293.67,294.27,291.95,289.14,288.7,290.14,293.07,289.47,288.45,288.3,288.49,289.77,291.97,293.05,293.15,290.74,288.99,290.12,289.44,289.45,290.12,289.02,287.35,292.82,289.6,287.99,289.27,289.85,291.14,289.65,290.65,286.72,285.8,286.07,287.07,287.0,289.12,290.95,288.32,287.67,288.35,288.57,287.57,288.02,288.5,289.17,288.4,290.8,289.7,288.4,286.14,286.85,289.47,290.87,290.05,285.35,286.52,285.1,289.27,287.42,286.17,285.7,288.3,287.6,284.97,284.85,285.52,287.45,287.75,288.14,287.37,288.99,287.74,285.72,284.57,286.72,288.27,286.05,287.0,288.97,289.1,290.35,288.62,285.87,284.15,286.12,288.7,288.52,287.4,286.25,286.35,286.49,287.22,288.7,288.95,289.12,288.32,289.32,290.05,289.87,286.37,286.12,285.77,285.7,285.92,285.82,286.05,287.42,288.5,286.45,285.7,286.8,288.42,286.45,286.45,287.62,286.89,288.39,289.74,289.2,287.62,284.52,285.54,287.99,288.37,289.17,289.32,288.7,287.57,286.2,285.37,286.74,287.97,288.35,286.37,287.97,287.25,286.97,286.52,286.57,287.1,289.82,288.7,288.6,288.52,290.14,287.3,287.47,289.42,285.07,285.8,285.27,286.42,285.55,284.55,287.75,289.2,286.97,284.77,284.82,287.1,288.62,289.12,290.45,290.15,288.85,288.42,288.49,289.92,290.14,289.39,289.47,289.07,289.35,288.7,287.75,286.62,287.0,285.87,288.3,289.85,290.55,290.1,291.47,288.3,289.72,290.3,286.92,288.62,289.57,289.47,289.67,288.25,289.25,290.47,290.42,290.1,289.8,289.75,290.55,290.22,290.64,291.32,292.67,293.25,293.77,293.5,291.67,289.82,288.6,289.05,291.27,292.05,292.17,292.87,291.92,290.87,290.12,290.82,290.32,289.6,290.1,290.72,291.12,291.45,292.22,292.42,291.89,292.8,293.12,293.22,292.99,291.37,291.35,291.62,292.6,293.57,294.22
293.92,294.1,293.52,292.95,293.32,294.47,294.42,293.04,292.89,291.67,293.6,293.97,294.44,294.37,295.05,294.85,293.02,293.47,294.15,292.25,293.8,295.85,295.8,294.5,293.07,293.74,295.45,296.57,296.7,295.4,294.67,294.35,293.97,294.47,295.32,296.6,295.95,293.95,292.2,293.42,294.2,294.07,294.15,294.12,294.05,295.07,295.55,296.05,295.6,295.72,295.85,296.25,296.65,296.32,294.2,295.82,296.52,295.07,293.12,295.14,294.95,294.87,293.15,293.42,293.74,295.05,294.99,295.2,295.87,295.92,295.82,295.85,295.77,296.72,295.32,294.57,292.32,292.14,294.67,294.14,292.52,292.35,293.85,293.22,293.49,293.57,293.22,292.82,291.72,293.87,293.02,294.52,295.39,293.27,292.2,290.87,291.19,291.95,292.12,293.87,294.52,295.05,293.95,294.0,294.77,295.1,295.32,293.12,291.72,291.29,292.27,292.14,294.62,293.42,294.14,291.05,289.7,290.07,291.0,291.57,292.5,293.1,293.15,292.32,292.22,293.0,293.32,294.49,292.97,294.45,293.67,290.92,289.7,290.05,291.87,292.2,291.6,289.57,291.17,293.32,292.24,291.27,290.4,290.55,291.5,290.74,291.12,292.15,292.47,292.62,291.24,292.22,290.32,289.57,286.6,288.22,288.14,287.9,289.64,287.35,288.2,289.49,286.5,286.67,289.5,290.15,290.8,290.32,291.55,290.02,286.7,289.2,292.45,291.02,289.2,288.12,291.57,291.17,289.65,288.67,289.35,291.95,289.95,288.42,289.24,289.72,289.9,288.7,290.1,290.77,290.99,290.75,290.49,289.15,289.77,290.17,288.87,290.8,291.77,290.45,290.92,291.27,290.1,289.67,291.94,289.97,288.85,288.87,289.45,288.57,286.95,287.0,285.92,284.7,286.92,289.32,290.77,287.52,287.52,288.37,290.02,290.22,291.32,290.32,287.45,286.14,285.82,287.1,289.62,288.1,289.2,290.47,289.2,289.12,288.8,290.15,288.15,290.07,291.02,290.6,290.62,290.49,289.62,287.27,289.24,290.57,288.42,287.32,287.65,286.67,285.99,285.52,286.77,287.1,286.42,286.74,287.7,287.27,287.07,288.3,290.12,287.65,286.02,286.57,287.74,288.75,288.6,290.05,290.57,286.8,285.52,286.02,287.07,288.2,286.74,287.42,290.3,289.82,289.42,290.17,290.32,289.77,287.39,286.42,287.62,288.02,288.97,289.85,287.17,285.85,286.32,289.52,290.6,290.72,289.42,289.72,289.1,289.72,288.64,287.07,289.55,292.12,291.14,288.72,288.02,287.89,288.87,291.37,292.47,291.22,290.14,287.6,287.6,286.45,288.85,289.02,287.25,288.77,291.37,289.77,288.65,290.37,290.47,291.02,292.2,290.8,290.1,292.07,291.52,292.64,292.15,292.89,293.12,293.1,292.32,292.62,294.27,293.64,291.37,292.82,293.92,292.65,291.27,292.92,293.32,293.15,293.82,293.67,293.92,293.92,294.52,294.42,294.67,295.12,294.85,293.8,293.82,294.52,293.97,291.85,292.17,294.24,294.87,295.05,296.35
295.77,295.24,293.5,293.25,293.2,293.0,294.5,294.87,294.95,295.12,294.1,293.82,295.22,295.1,292.87,294.25,294.02,292.82,294.32,296.55,296.7,293.94,294.37,295.25,295.45,294.9,295.75,296.02,296.37,296.92,297.22,296.55,295.92,295.5,295.72,295.67,296.02,297.32,296.52,295.7,293.6,292.17,292.9,295.82,295.35,294.82,296.74,296.49,296.35,296.8,297.25,297.17,296.37,296.52,296.49,297.49,297.47,294.97,292.89,292.97,293.12,293.72,294.22,295.1,295.85,295.99,296.4,295.77,295.77,295.87,295.85,294.97,293.55,295.77,296.7,296.65,297.22,297.1,297.17,296.9,296.35,293.85,295.57,294.3,291.95,293.65,296.15,292.62,293.85,295.64,294.64,294.07,293.65,294.97,294.82,292.17,293.95,292.82,293.42,291.85,290.7,293.69,295.47,296.0,295.65,295.45,292.7,289.87,292.74,293.55,294.7,295.05,295.4,293.92,294.85,291.27,290.7,294.22,295.65,293.19,292.3,292.3,293.02,294.2,294.22,295.25,295.25,294.45,295.64,293.2,292.85,289.25,289.55,291.52,292.85,291.07,288.67,288.52,289.52,289.7,291.02,288.6,288.8,289.55,291.32,290.1,290.07,290.72,291.1,291.45,290.52,291.47,292.05,291.97,289.82,290.89,289.22,292.7,292.02,291.0,291.17,292.17,288.97,288.7,291.62,290.27,290.17,291.72,292.95,290.65,287.77,290.12,292.42,291.1,291.74,290.7,288.77,289.95,290.95,290.37,291.42,288.82,287.97,289.25,291.0,292.27,292.75,289.92,287.3,288.1,288.27,288.39,290.97,291.74,289.52,288.02,288.35,291.22,290.6,290.7,291.5,291.89,292.22,291.3,289.5,286.72,284.57,286.7,290.62,289.15,288.02,287.25,287.14,288.05,288.4,287.82,288.55,286.55,285.77,287.1,288.12,289.45,287.45,286.02,285.3,286.72,287.87,287.1,286.37,287.75,289.37,289.2,288.97,289.07,289.5,289.25,289.3,289.05,287.82,288.55,289.57,289.64,288.97,289.3,289.65,289.37,290.32,290.45,287.57,286.95,286.32,285.72,286.97,289.7,291.74,289.99,286.6,287.42,290.24,291.47,290.37,288.67,286.6,287.1,287.72,288.22,288.27,288.17,289.77,290.1,289.47,285.3,285.85,285.47,285.62,285.52,286.75,289.57,290.5,288.3,285.35,285.9,285.82,286.72,286.62,287.47,287.62,288.35,288.95,289.57,289.9,289.87,288.97,288.17,287.85,289.8,290.89,290.79,290.67,290.4,290.02,290.62,288.2,287.3,288.1,288.8,291.4,291.77,291.5,291.52,290.65,290.17,291.14,290.02,288.3,288.05,287.52,287.97,290.87,291.45,292.17,292.45,291.17,290.89,291.0,290.05,290.37,291.02,291.49,291.67,293.07,293.74,293.7,294.15,293.67,294.14,294.4,293.55,292.47,289.85,290.22,291.22,291.2,291.92,293.0,293.52,292.4,291.25,291.7,290.89,291.64,293.82,294.14,294.7,294.47,292.74,292.72,294.7,292.39,291.1,292.05,292.72,293.74,293.87,293.74
293.75,293.33,294.95,294.05,294.75,295.55,295.4,294.93,293.63,294.22,294.68,292.15,292.27,292.1,293.22,295.13,295.7,295.52,296.28,295.55,294.12,293.4,293.3,295.05,295.57,293.85,294.8,295.85,297.05,297.03,295.38,295.35,296.45,296.85,296.37,296.5,296.43,296.0,295.25,294.55,294.6,295.35,295.63,296.22,296.1,295.12,295.55,296.1,295.62,293.53,294.4,293.8,293.62,294.95,296.45,296.37,296.0,293.85,294.68,295.3,295.68,294.75,293.43,292.63,294.85,295.33,295.5,295.82,295.6,296.95,295.57,295.55,294.52,295.95,295.22,295.47,296.32,296.6,295.75,296.95,293.43,291.15,291.85,293.57,294.78,296.4,295.35,292.82,293.18,294.78,293.72,291.85,292.75,294.7,292.7,290.25,290.55,293.1,294.47,293.5,291.57,290.87,294.68,292.68,291.87,292.6,291.1,289.9,291.5,293.05,293.63,294.95,292.38,291.38,293.1,291.95,291.1,293.35,292.62,292.2,293.2,293.7,292.13,292.85,294.9,294.05,292.97,291.95,294.65,294.03,292.77,292.07,291.72,292.05,292.53,293.93,294.82,292.77,290.28,291.12,293.68,294.6,293.02,291.45,291.82,291.95,290.32,289.95,291.08,292.57,293.37,293.22,290.5,289.07,290.22,290.85,291.9,291.9,292.85,292.48,289.7,292.7,293.0,293.73,291.82,293.62,290.05,289.85,290.2,291.45,293.07,291.57,292.83,291.5,290.07,290.03,291.18,291.88,291.4,290.95,290.87,291.47,290.1,288.05,288.15,289.2,290.77,290.82,292.45,292.6,291.05,290.4,289.83,288.4,290.4,290.58,289.47,289.53,290.57,287.97,288.22,286.75,288.32,289.37,289.57,290.05,287.82,290.25,288.38,291.12,290.2,287.32,288.47,291.05,289.85,287.65,289.13,291.45,290.65,289.93,286.3,286.87,287.07,290.32,290.28,290.68,291.5,290.07,289.1,287.88,287.1,285.83,287.7,289.2,289.72,289.43,288.85,288.68,288.68,286.6,287.8,289.4,290.1,290.6,290.82,291.12,290.25,290.25,288.6,288.93,291.02,288.47,286.93,287.12,286.85,286.55,289.38,290.3,288.25,286.43,285.57,286.2,286.95,285.47,286.47,289.52,288.33,289.28,287.27,286.95,287.4,287.03,287.57,288.43,289.12,288.32,288.07,289.65,290.05,289.0,289.05,289.7,286.93,288.9,288.5,288.25,290.13,288.37,290.32,289.97,290.95,288.02,288.43,289.7,290.45,290.48,288.72,288.38,289.22,289.43,289.68,289.97,290.9,288.68,287.5,287.45,290.18,291.55,291.82,292.3,290.88,291.47,292.65,290.65,288.2,289.65,291.68,290.32,289.25,290.75,291.07,291.22,291.57,292.97,292.62,293.18,290.43,290.97,292.55,292.38,292.55,294.68,294.5,292.1,293.75,295.4,293.68,290.32,290.88,291.0,291.22,292.0,294.25,290.38,288.63,288.95,289.15,290.88,292.25,294.07,293.93,294.57,293.75,291.77,290.8,291.22,290.85,290.77,290.9,293.82,291.57,291.72,292.68,294.15,292.55
289.68,291.8,294.82,291.43,291.93,293.8,294.07,294.5,292.7,293.12,293.85,294.47,293.57,291.7,291.85,291.65,291.72,293.4,295.93,293.58,294.4,295.22,295.37,294.85,295.75,294.1,294.47,294.5,296.27,296.85,296.65,297.0,296.68,296.03,295.97,294.55,293.52,295.27,295.45,294.52,292.32,294.2,294.4,291.3,291.68,293.68,295.28,295.68,295.97,296.2,295.47,294.35,294.7,294.82,292.72,291.22,291.57,294.57,295.98,294.28,295.45,295.38,295.4,295.55,294.1,295.1,294.47,295.2,294.1,292.2,292.5,295.82,296.0,296.77,296.18,296.2,296.07,295.27,294.8,295.15,295.72,296.03,296.25,296.57,294.9,293.2,290.53,290.75,292.37,295.15,294.07,295.15,295.88,293.95,290.55,290.32,294.57,296.0,293.35,291.82,291.43,295.88,295.52,292.88,292.35,292.35,290.68,292.72,290.32,290.68,292.95,294.18,292.8,293.25,290.95,291.88,292.75,293.18,293.32,292.75,289.27,291.47,295.35,293.58,290.65,289.95,290.75,292.2,294.6,293.1,287.8,288.0,289.18,290.68,288.52,288.65,290.57,293.05,291.9,288.22,288.0,290.78,290.03,289.77,293.47,294.62,292.85,291.65,292.2,292.78,291.62,291.35,292.02,292.15,292.87,293.27,292.0,291.25,293.07,291.9,290.38,289.17,292.28,293.28,288.72,287.95,290.62,289.82,288.85,289.5,287.82,290.68,292.45,293.17,291.93,291.15,290.05,288.45,288.3,287.3,287.2,289.08,287.78,289.65,289.15,289.05,290.0,289.93,289.43,290.53,290.95,290.72,291.68,290.32,288.28,285.65,285.55,286.15,286.87,287.97,289.47,290.62,291.03,290.15,290.13,290.63,289.75,288.07,288.07,287.0,288.18,287.35,289.7,289.41,288.63,288.05,287.06,286.58,285.65,288.3,289.55,289.78,290.28,290.45,289.93,287.65,286.85,287.9,288.7,290.3,290.7,288.53,288.5,288.0,288.8,289.53,289.28,290.91,289.7,290.63,288.95,287.1,285.66,286.33,287.45,289.88,289.35,287.58,287.08,288.15,288.55,288.43,288.6,289.3,290.68,288.88,289.48,289.05,288.3,286.5,287.08,289.43,290.23,288.65,288.28,287.66,287.33,286.58,287.15,288.43,287.28,287.35,287.33,286.55,285.75,286.58,287.98,288.98,288.85,289.2,289.25,288.08,289.08,289.95,290.23,289.25,286.06,286.53,290.13,291.03,291.03,289.43,288.35,290.1,288.98,289.75,290.73,288.63,287.95,287.75,288.13,288.73,287.68,287.8,289.08,289.7,291.0,291.38,290.28,287.9,288.03,287.45,288.25,289.23,291.45,290.2,290.35,292.28,291.78,287.98,288.65,291.3,291.78,291.8,291.65,291.66,290.98,290.13,291.03,292.0,292.58,293.13,293.28,293.28,293.75,293.38,293.68,294.18,293.83,293.48,295.18,293.0,291.48,294.78,292.45,290.75,294.5,291.73,289.98,290.75,295.25,293.53,290.73,291.78,292.38,293.41,293.05,294.38,294.5,293.58,293.6,293.55,293.63,293.88,294.23
295.0,295.58,294.31,292.53,292.43,293.98,294.48,293.4,293.85,293.48,292.83,294.3,295.33,295.23,295.13,295.48,296.15,295.58,295.93,294.96,292.75,292.43,291.6,291.9,292.98,292.75,292.33,292.7,292.98,294.08,294.28,295.41,294.58,295.13,294.4,295.75,296.38,295.63,296.68,294.23,293.75,295.63,296.53,294.96,293.0,292.63,294.13,295.53,295.41,295.78,295.73,295.48,295.35,295.13,295.55,295.98,294.71,293.63,296.1,296.38,296.18,295.88,295.91,296.33,293.48,293.0,293.93,294.65,294.98,295.9,297.08,296.68,294.28,291.85,292.88,293.28,293.8,295.08,295.25,295.43,295.4,295.28,294.5,294.93,294.71,294.43,294.2,294.35,293.93,293.73,293.53,292.55,291.78,291.3,292.25,292.5,291.2,292.83,294.55,295.53,293.93,292.43,292.08,292.66,293.13,293.41,293.78,294.68,294.43,295.0,295.58,293.18,290.45,294.68,294.8,293.43,292.1,291.85,291.85,291.98,292.68,293.3,293.9,294.13,290.48,288.73,289.48,291.5,292.66,294.56,293.18,292.15,291.93,293.5,293.25,294.55,294.75,293.28,293.63,292.2,291.2,289.2,288.48,289.1,289.03,289.33,292.48,293.73,291.38,291.13,292.3,290.33,288.28,288.93,288.45,289.3,291.18,292.88,291.18,289.88,291.3,290.95,292.16,292.58,292.35,289.68,289.13,291.1,291.13,291.78,289.23,289.45,288.95,291.1,288.63,289.23,291.35,290.98,289.93,291.45,291.03,291.23,291.63,291.73,291.48,291.6,292.38,289.83,289.18,290.23,291.53,291.83,292.18,290.0,289.15,289.08,289.35,290.45,290.48,288.0,286.9,286.73,287.13,287.85,288.83,291.18,291.85,289.7,289.08,288.1,289.38,290.23,289.85,288.82,288.0,286.52,286.4,288.23,288.47,287.72,290.2,289.75,286.82,286.05,286.45,288.32,289.27,288.45,288.23,289.25,290.6,289.2,287.0,288.1,291.08,291.02,289.22,289.18,289.32,289.2,289.5,290.5,291.43,289.87,286.57,285.97,289.85,289.7,288.0,287.88,288.38,289.33,290.07,289.77,289.57,286.7,285.5,288.0,287.78,288.85,290.02,288.1,288.12,288.68,289.07,289.18,289.8,290.15,290.43,289.93,289.22,289.65,291.72,289.53,287.45,287.28,287.47,288.7,290.62,291.83,291.77,291.15,290.75,291.0,291.75,289.7,286.7,286.82,288.47,288.4,288.35,289.62,289.75,291.2,288.07,288.05,290.18,290.88,291.28,291.9,291.82,292.18,290.37,290.63,291.5,289.82,289.02,292.72,292.82,292.4,292.72,292.22,290.2,290.35,289.5,291.07,293.1,292.6,289.78,288.03,287.5,288.7,289.82,291.75,291.93,291.88,291.27,290.47,290.18,290.32,290.93,291.43,293.38,293.0,292.78,288.4,288.72,289.48,290.25,291.68,292.63,292.05,291.85,293.25,289.87,288.38,290.07,292.85,292.7,289.9,291.4,292.93,291.9,291.65,293.25,293.68,290.13,288.1,288.87,291.93,293.35,289.75,289.73,290.78,290.78
291.32,291.45,291.75,290.22,289.1,289.13,290.38,291.55,293.07,293.87,294.22,294.45,294.5,294.48,294.35,294.4,294.9,294.45,294.07,294.9,295.4,296.53,295.75,293.9,293.78,294.1,295.2,292.2,291.53,291.22,291.85,291.3,291.05,292.45,293.9,293.82,292.62,293.5,295.22,294.47,294.9,294.97,295.45,295.12,291.5,291.28,291.72,293.18,293.93,294.1,294.97,295.1,295.68,295.97,296.0,295.3,294.55,295.43,296.78,296.98,296.1,294.73,292.35,290.7,291.3,292.8,293.8,294.55,295.0,295.3,295.55,296.12,293.9,293.43,292.37,292.87,294.9,293.6,295.93,294.78,292.28,293.62,294.82,293.65,294.53,295.63,294.97,294.52,293.43,293.18,294.12,294.05,292.45,295.75,295.75,292.05,290.95,292.18,293.68,294.2,294.6,293.85,295.47,292.02,290.65,292.8,294.68,294.57,294.88,294.43,294.63,295.38,294.58,294.63,294.68,294.63,294.75,291.65,289.43,291.53,293.41,294.55,294.6,293.63,292.38,293.38,294.0,294.53,292.1,288.5,288.33,289.63,292.9,293.58,293.55,293.75,292.35,293.2,288.98,286.93,287.48,291.55,293.7,291.9,292.08,293.18,293.4,290.23,289.33,290.63,291.5,290.75,289.13,289.18,288.68,289.0,290.43,291.55,291.15,289.93,289.35,289.53,289.55,290.03,290.33,291.43,291.5,288.88,290.73,290.83,293.3,293.28,290.8,287.93,286.33,288.31,290.6,289.35,289.6,289.41,290.95,291.23,290.7,291.43,292.2,292.95,291.9,291.68,289.28,287.45,286.48,286.18,288.05,289.6,287.15,286.05,287.5,291.33,292.03,292.68,291.03,290.85,289.13,285.73,285.18,285.58,288.9,290.4,288.23,288.88,289.5,288.93,289.83,290.7,288.83,290.6,288.6,290.0,290.1,290.55,289.15,287.03,286.9,287.05,286.68,286.7,287.78,289.18,290.2,289.23,287.4,288.4,288.95,287.43,286.68,289.13,290.43,291.06,290.03,287.45,288.48,290.6,290.08,289.45,289.7,289.7,289.98,291.08,291.0,291.15,289.03,287.85,286.88,286.8,287.13,289.35,288.98,286.25,286.53,288.3,290.0,290.08,290.03,289.91,289.25,288.08,286.3,286.35,288.1,290.13,289.13,286.43,286.68,285.7,285.9,287.98,288.83,290.68,290.3,290.5,289.4,286.9,285.68,286.43,289.43,291.35,291.28,292.28,290.81,287.43,287.6,290.18,289.68,289.6,289.9,289.78,291.53,290.8,288.25,291.2,289.13,289.03,289.48,289.85,288.15,289.53,290.63,290.55,289.33,289.25,289.1,291.73,291.75,289.8,287.58,287.3,286.83,287.73,290.0,288.85,290.88,292.08,290.23,291.03,292.23,291.13,290.95,290.75,291.35,292.3,294.16,290.95,290.25,290.91,292.93,293.28,290.95,292.0,294.03,293.0,292.58,293.3,293.15,293.56,293.4,293.75,292.2,290.68,291.2,294.03,294.9,294.1,294.6,294.68,294.65,295.0,295.13,295.3,295.58,295.25,295.6,295.75,294.78,294.53,293.93
292.43,292.5,294.25,295.23,295.68,295.31,295.63,295.55,294.75,294.55,294.85,295.35,293.38,294.23,293.43,292.1,293.53,295.25,295.33,292.58,291.68,293.5,295.03,295.68,293.85,294.0,296.0,294.08,294.98,294.68,295.58,296.23,295.46,295.03,296.05,296.58,296.21,296.68,296.8,296.98,297.18,296.1,297.03,295.23,296.75,296.53,295.5,294.71,294.18,296.0,296.73,294.56,294.35,295.3,297.23,295.38,291.88,293.35,294.35,295.28,295.95,295.23,294.55,292.58,293.6,294.25,295.0,295.1,295.38,296.05,296.78,295.98,295.08,294.6,295.33,294.81,294.23,293.93,293.7,294.43,295.5,294.18,293.25,293.33,294.15,295.96,293.68,293.1,293.63,293.55,294.3,295.46,294.0,292.03,291.43,293.25,295.16,294.71,294.13,293.88,292.45,292.78,292.98,293.88,294.71,294.9,295.03,294.83,292.91,293.4,294.48,295.35,295.1,295.0,294.28,293.48,293.95,294.63,294.0,292.15,293.08,293.7,293.83,294.5,294.25,294.28,292.3,290.5,289.25,288.95,289.2,289.41,293.15,292.63,291.83,291.18,290.9,290.95,291.28,293.18,293.05,292.93,292.03,293.08,293.33,292.5,292.28,291.68,292.0,289.03,287.58,289.73,293.2,290.43,287.55,287.33,287.75,289.63,289.63,289.8,288.7,290.3,291.1,289.78,287.85,289.23,291.65,290.16,290.9,286.81,287.28,288.1,289.41,289.85,290.23,289.5,289.55,291.5,292.18,290.18,288.35,287.75,286.98,287.28,287.35,289.13,289.5,288.5,289.25,286.95,287.08,287.3,288.98,289.48,289.33,289.93,290.15,289.13,289.75,288.28,288.88,289.48,289.2,289.6,290.43,287.38,287.2,289.05,288.4,289.28,290.75,289.43,289.28,289.1,287.88,287.23,286.93,285.85,287.3,289.25,289.28,289.95,290.7,289.45,288.28,290.03,290.9,291.03,290.75,290.48,289.75,290.88,291.2,291.1,289.43,290.16,289.05,288.91,288.58,289.7,291.18,290.4,290.2,289.5,288.7,288.15,289.88,291.25,290.08,288.28,286.08,285.98,287.41,288.55,289.43,290.65,290.73,290.98,291.03,290.7,290.1,291.65,290.58,290.35,291.78,290.81,290.48,291.73,290.45,287.1,285.63,285.7,288.55,291.25,290.16,289.0,288.55,289.15,286.28,286.16,288.93,290.78,291.15,290.8,291.18,291.25,290.03,290.43,291.35,290.38,290.41,290.55,290.48,290.3,287.16,286.9,287.58,289.38,291.33,290.75,290.43,290.91,290.66,290.15,290.7,291.4,291.63,291.55,291.85,292.08,291.9,292.23,292.15,291.93,292.3,290.95,289.28,289.15,289.58,289.5,290.33,291.93,292.5,291.98,292.25,292.85,293.08,292.75,292.08,292.08,293.45,292.23,291.68,293.65,292.48,291.7,293.15,291.2,289.9,290.05,292.38,293.28,293.43,292.35,291.78,291.08,290.81,291.78,291.6,292.45,293.28,293.53,292.68,293.68,293.38,294.38,294.15,292.15,292.63,294.13,295.03,295.03,294.58,293.66,292.78
292.8,294.13,294.83,294.38,294.38,295.45,296.15,295.93,295.93,295.25,295.3,294.7,296.46,297.6,296.25,296.68,294.53,294.23,296.9,297.0,296.1,294.78,294.25,294.25,293.7,295.48,292.9,292.78,295.48,295.71,295.03,296.35,295.13,296.28,295.85,295.53,295.83,294.25,294.35,295.78,296.0,296.68,296.98,296.75,296.98,296.28,296.1,295.8,295.93,296.33,296.28,296.83,297.13,294.98,295.43,297.8,297.78,296.83,296.75,296.85,296.5,296.4,296.81,296.43,296.98,297.21,297.21,296.0,296.18,297.15,297.16,296.75,296.98,296.43,296.95,296.91,293.48,293.88,295.35,296.6,296.81,295.71,295.05,294.68,295.3,295.35,294.71,295.25,292.63,293.5,295.85,294.2,293.8,293.65,295.75,294.88,292.88,291.6,293.08,294.78,296.23,295.21,295.33,295.16,293.2,292.43,292.95,294.81,294.73,291.38,290.58,293.28,293.4,290.93,291.18,294.2,295.5,295.23,291.03,291.45,292.6,293.2,294.41,289.95,289.98,291.63,293.58,294.46,294.38,294.46,288.98,289.03,289.5,293.05,293.18,291.18,290.83,291.83,292.5,292.08,289.08,288.45,289.66,292.63,293.53,292.6,289.55,288.33,292.23,292.05,288.58,287.85,288.53,290.63,290.5,290.65,291.1,291.0,290.53,289.73,290.1,290.4,291.83,292.35,291.63,292.03,289.6,292.18,288.93,290.63,288.7,288.55,287.25,290.2,289.41,291.5,290.0,289.66,289.55,289.98,291.7,291.78,290.95,289.28,288.13,288.0,290.41,290.6,290.98,291.35,290.7,291.05,291.33,289.18,289.03,290.38,291.73,290.88,289.25,291.48,290.73,290.05,290.3,289.53,291.35,291.23,291.75,290.98,290.65,290.7,287.03,286.2,287.2,288.38,289.53,287.3,288.13,290.55,287.48,286.93,289.28,287.55,286.18,287.23,288.4,288.73,287.06,288.55,288.28,288.48,288.55,286.63,286.38,287.83,290.18,289.05,290.25,290.3,291.2,291.3,290.2,289.05,286.05,286.53,287.08,286.5,285.88,285.3,287.75,288.78,288.43,287.03,284.93,286.41,286.55,287.7,289.45,290.98,290.6,289.73,286.88,287.73,288.15,290.38,288.83,288.28,289.03,291.8,287.88,287.03,288.2,288.95,290.28,291.08,289.83,290.1,291.33,291.03,290.58,290.63,290.98,291.13,290.3,291.0,291.38,290.48,291.5,291.3,287.75,288.33,288.45,290.43,289.25,290.55,291.73,292.03,290.48,289.15,289.28,290.85,291.68,291.25,290.41,289.83,288.53,293.08,292.08,292.05,293.5,290.53,290.8,290.65,291.5,291.13,293.1,293.9,293.16,291.75,291.95,293.43,289.4,287.95,290.5,291.78,292.35,293.25,293.2,293.73,293.18,292.8,292.8,292.48,292.53,292.98,292.0,292.85,292.35,293.53,293.43,293.28,294.18,293.85,291.58,291.6,292.63,292.1,293.38,292.7,291.23,291.53,293.3,293.5,293.7,294.6,293.2,292.0,294.46,293.65,293.88,292.05,291.05,293.7,292.6,292.25,294.03
295.43,293.55,291.6,291.1,293.82,294.65,295.52,295.25,295.56,295.53,294.68,294.98,295.4,295.13,295.08,295.7,295.55,295.72,296.03,297.38,297.7,296.85,295.63,294.08,295.28,296.07,297.1,295.8,292.88,293.3,294.13,295.45,296.73,296.8,296.58,296.7,295.88,295.08,295.05,294.15,293.88,296.03,296.5,292.28,293.07,294.8,296.12,295.95,295.0,294.5,294.6,295.98,296.38,296.6,296.75,293.85,291.18,292.9,295.9,297.2,295.88,295.43,295.13,294.3,292.82,293.77,293.52,292.65,294.6,296.43,296.6,295.87,296.3,297.28,296.25,295.46,293.85,294.0,292.82,293.7,294.28,294.8,295.35,295.93,295.28,291.72,291.43,294.27,295.7,290.77,290.38,292.28,293.8,295.13,295.27,295.5,293.85,293.32,293.9,294.03,295.32,294.8,293.78,294.48,295.6,293.65,292.2,292.93,293.43,291.5,292.05,289.95,290.35,292.93,294.7,294.15,293.95,293.78,293.9,294.7,294.9,291.3,290.18,289.18,290.43,290.62,292.97,292.5,291.37,291.97,290.87,287.95,287.45,289.85,290.7,291.68,291.28,287.97,289.65,290.8,291.95,293.57,291.7,292.18,287.7,287.2,289.9,291.6,291.97,292.22,292.5,292.22,290.6,288.93,287.72,287.18,288.15,291.65,289.72,288.75,289.95,292.8,290.7,288.5,290.45,289.97,292.35,290.97,289.33,290.13,289.6,289.3,290.82,290.62,286.48,285.95,286.47,287.62,286.97,286.93,287.88,288.32,287.72,289.8,290.68,289.93,289.25,289.53,289.62,288.72,290.27,290.8,288.47,288.73,287.97,288.55,289.15,289.97,289.12,290.65,289.63,287.12,285.5,285.43,290.47,289.52,290.35,288.93,286.52,286.57,286.95,287.52,287.32,289.52,290.6,291.18,289.65,289.95,288.97,290.52,290.85,289.05,287.53,286.75,287.35,288.5,289.4,290.25,290.2,289.45,289.35,289.17,285.93,285.2,288.38,287.5,286.07,285.97,286.32,286.8,287.32,287.7,289.37,288.47,287.9,287.35,288.63,290.22,287.88,285.7,285.58,289.0,288.88,286.33,286.03,286.03,287.28,290.53,290.35,289.43,288.66,289.3,288.38,286.91,286.03,286.88,289.7,290.18,287.65,286.53,286.93,287.6,287.5,287.33,287.08,288.15,289.3,290.03,290.95,290.85,291.03,290.5,286.63,286.83,287.9,287.75,288.2,290.38,291.68,290.83,287.56,288.31,289.08,288.2,288.98,289.68,290.83,290.85,289.58,287.98,288.63,290.3,286.9,288.05,291.08,289.9,288.0,287.38,287.1,288.0,290.45,291.05,290.83,291.4,292.1,290.1,288.88,288.38,289.78,291.98,292.33,291.15,290.53,289.13,288.7,286.93,287.95,288.25,288.43,289.03,289.6,289.18,288.58,288.95,288.88,290.28,291.85,293.2,293.13,291.13,290.68,291.68,291.43,291.38,292.08,292.95,293.33,293.88,293.9,292.15,291.33,291.08,291.6,292.35,291.4,290.98,291.0,290.48,290.5,292.98,293.65,293.8,293.93,293.88,293.9
294.02,293.93,294.57,293.3,295.85,294.68,294.28,294.85,293.95,293.68,291.6,291.0,291.47,293.78,295.05,293.22,290.43,291.4,292.7,293.28,294.57,294.78,295.55,295.4,295.3,295.33,295.03,295.03,293.9,293.68,292.35,292.2,292.78,294.78,295.33,295.98,296.25,293.9,293.23,294.3,295.63,294.28,295.15,295.93,295.96,294.83,294.65,293.88,293.65,293.78,294.85,295.71,295.93,296.1,295.96,296.53,295.3,294.7,295.98,294.2,294.28,296.38,295.75,295.68,291.65,293.41,296.08,293.7,292.63,291.95,292.38,292.93,292.03,293.93,294.68,295.43,294.68,294.25,294.35,293.95,294.48,294.91,294.83,294.0,293.53,293.73,294.58,293.53,293.53,294.35,295.88,295.05,292.35,291.25,292.75,294.9,295.66,295.7,296.58,295.35,296.21,294.83,292.55,291.2,294.08,295.0,293.0,292.8,293.35,294.13,294.63,293.05,290.05,290.05,289.93,290.6,290.88,291.81,293.13,293.58,292.18,289.81,291.4,290.81,289.45,290.75,292.85,293.25,292.0,288.9,290.2,292.13,293.2,292.35,293.0,293.6,294.58,290.18,289.73,290.6,290.43,291.03,292.68,292.33,290.78,288.38,290.98,293.48,293.15,290.98,290.45,291.45,292.45,292.25,291.48,289.7,291.08,292.65,289.18,287.33,287.56,289.5,291.1,289.63,289.05,289.56,292.38,291.05,290.4,287.35,287.15,289.2,288.7,288.53,290.0,291.55,291.75,290.8,289.66,288.25,287.25,287.35,289.9,291.3,290.68,290.98,289.75,288.68,288.28,288.33,290.2,290.78,291.78,290.8,291.18,292.1,289.0,288.65,288.1,288.48,291.18,291.98,290.83,289.65,289.78,290.75,289.91,289.13,289.8,290.1,291.4,290.98,289.08,288.33,287.98,289.0,290.75,289.6,290.03,287.35,287.33,287.75,290.7,290.13,288.58,287.8,288.95,288.91,289.73,288.38,288.98,289.93,290.38,290.65,288.08,286.98,287.05,288.23,287.08,288.88,288.93,287.4,288.65,289.43,288.9,289.45,290.28,288.1,287.05,287.88,289.0,289.9,290.05,289.88,289.63,287.78,287.5,289.42,290.45,290.85,290.27,289.55,288.72,288.35,289.45,288.35,289.17,289.6,287.72,288.37,289.3,289.8,291.02,289.72,287.9,288.0,286.02,285.65,285.42,285.95,287.52,288.9,289.55,288.6,287.0,287.47,288.25,290.45,291.07,291.5,289.75,289.47,290.07,287.35,286.5,287.95,291.45,291.5,289.82,291.0,291.78,289.8,289.5,290.3,291.7,292.1,291.27,291.82,292.12,291.2,291.0,292.75,292.75,289.97,290.7,291.7,290.65,288.9,288.57,292.3,290.2,288.75,290.4,291.8,292.35,288.68,287.9,292.52,292.3,288.53,289.2,292.35,290.1,289.57,289.95,290.87,290.3,290.55,292.6,292.32,293.02,293.9,293.02,292.07,289.57,289.82,290.78,292.82,294.47,291.95,291.75,292.12,291.0,290.37,291.07,290.62,291.5,291.37,291.12,292.03,293.27,293.4,293.3,294.42,295.2
295.25,292.27,294.2,294.4,291.15,292.32,294.37,295.55,292.0,291.87,293.9,295.4,291.92,294.2,295.05,295.75,293.35,293.03,294.17,295.02,295.45,296.05,294.5,296.37,295.22,294.35,294.6,295.53,295.55,295.4,294.6,294.85,295.33,295.92,295.33,296.37,294.27,295.8,295.92,295.12,296.8,295.83,293.85,294.4,295.15,293.6,295.58,296.77,297.4,294.15,292.42,293.27,296.42,295.82,296.5,297.53,297.4,296.65,296.3,295.37,294.37,294.62,294.2,293.2,292.1,292.62,291.9,293.0,294.4,294.8,295.27,296.05,296.22,295.12,295.22,295.8,294.4,291.82,293.42,295.33,296.75,296.58,296.25,296.05,294.77,293.3,294.27,295.05,294.95,296.95,294.97,294.1,294.72,295.52,295.6,296.05,296.62,296.85,297.6,293.8,290.1,292.3,291.8,291.6,292.32,292.4,292.47,292.05,294.07,294.0,294.05,294.45,295.5,295.83,292.3,292.02,292.97,294.7,295.37,294.78,293.32,292.97,293.18,293.35,293.02,294.0,293.15,291.85,293.75,292.28,292.77,289.57,289.52,290.7,291.57,290.3,292.27,293.65,290.75,289.67,290.12,289.6,290.17,289.85,288.85,290.07,290.52,291.42,291.15,289.12,289.2,292.12,289.02,289.17,289.3,289.35,289.28,291.55,291.22,290.37,290.8,291.45,291.47,292.82,291.1,290.15,289.37,288.77,290.65,289.2,290.52,291.57,291.15,288.85,287.27,287.5,288.0,289.07,286.87,289.97,289.32,290.05,288.8,289.02,287.57,287.75,289.3,290.43,289.95,289.97,291.02,289.77,287.42,288.5,290.22,291.35,291.17,288.45,286.85,286.15,285.0,287.25,287.75,288.42,290.25,288.25,286.8,288.4,289.17,287.95,288.35,288.15,286.87,288.7,290.32,289.72,287.1,286.9,288.37,290.2,288.87,288.1,288.12,287.05,287.1,288.75,289.5,289.52,287.6,288.45,285.8,287.2,287.87,288.9,288.55,287.7,289.7,287.67,285.47,286.1,287.1,288.62,288.25,284.32,286.15,286.45,285.03,286.62,288.87,286.92,287.67,289.05,288.42,285.97,284.92,285.12,285.95,286.87,288.03,288.35,288.62,289.7,287.05,284.72,285.92,287.42,289.25,289.95,289.28,289.15,289.5,289.77,288.78,288.25,288.62,288.4,287.93,288.12,288.12,288.7,288.45,289.15,288.85,288.4,289.15,290.12,289.55,287.77,287.27,287.75,289.95,288.2,288.22,289.25,289.45,290.6,290.4,290.05,289.78,291.0,291.5,291.2,290.5,290.22,289.97,290.9,291.27,291.65,290.12,290.02,291.07,292.07,290.65,291.22,292.57,292.15,292.0,290.95,291.02,290.47,289.52,288.42,288.65,290.7,290.8,290.82,290.95,291.07,291.03,290.8,291.87,292.55,293.28,292.82,292.62,293.05,292.87,292.62,293.6,292.55,291.5,290.95,292.5,294.3,294.5,293.3,293.0,293.37,293.78,293.75,291.12,290.97,291.9,292.82,293.7,291.95,290.2,290.15,292.07,292.75,292.35,292.25,292.15,293.02,294.42
293.05,294.07,294.83,292.85,291.47,291.62,291.95,292.45,292.57,293.15,294.8,294.47,294.4,294.47,295.08,294.65,293.6,292.67,292.87,294.02,295.1,294.25,293.67,294.05,294.17,294.5,294.32,294.83,295.65,296.17,296.47,294.4,294.7,296.02,295.95,295.2,294.27,293.95,294.2,294.42,295.25,295.37,294.47,296.47,296.3,295.9,295.3,295.08,295.3,295.03,295.42,295.82,293.9,294.17,297.17,294.85,291.7,290.77,290.7,294.25,295.5,292.5,290.75,292.12,294.25,293.67,293.62,293.9,293.87,292.92,292.6,293.03,294.15,295.25,295.2,293.7,291.6,291.2,292.45,293.35,292.55,291.95,292.6,292.8,293.1,292.28,290.35,290.42,291.27,293.3,292.85,294.07,294.5,294.2,294.47,295.37,294.72,294.52,294.22,293.37,292.82,292.42,292.67,293.4,293.57,293.62,293.87,294.22,293.32,293.45,293.6,293.57,293.62,293.8,293.92,294.05,294.7,293.62,291.47,290.7,291.22,292.8,294.67,293.25,293.47,293.95,293.95,291.5,291.05,292.85,290.3,290.55,291.25,293.47,291.95,289.97,292.1,289.6,287.25,288.3,289.03,288.77,289.67,292.62,292.28,290.18,290.32,292.5,293.17,293.27,292.5,289.15,289.85,290.12,291.52,292.53,288.92,287.4,288.12,289.72,291.75,291.62,290.65,288.52,289.35,290.3,289.47,289.32,290.72,289.82,286.95,287.85,290.42,290.55,288.4,288.97,290.25,288.75,289.67,288.65,287.27,288.22,289.92,289.97,289.9,290.45,289.45,290.55,289.4,288.92,289.55,289.6,289.95,287.2,287.3,288.85,288.7,288.4,289.2,288.9,289.2,288.72,288.3,290.05,287.42,287.3,287.3,287.43,288.82,288.87,288.9,291.27,289.95,287.15,286.6,290.82,290.5,287.75,289.12,289.67,287.55,286.17,287.32,290.0,288.75,288.9,287.67,287.45,288.35,289.45,287.07,287.37,289.62,289.03,286.9,285.6,285.3,287.35,289.57,287.17,285.47,288.12,289.72,290.25,289.75,288.78,287.02,285.95,285.97,287.5,288.25,288.72,289.55,289.47,289.95,288.45,288.5,287.67,285.35,285.25,285.7,287.27,288.65,287.97,288.57,289.25,287.92,289.82,287.07,284.55,287.07,286.57,286.2,289.3,289.22,289.82,291.02,288.1,286.7,290.1,286.47,284.57,285.3,284.72,286.07,287.77,288.27,285.82,287.7,289.87,290.62,289.85,286.75,284.7,284.87,285.37,286.37,287.57,287.75,288.45,288.67,289.27,289.25,290.17,291.0,290.77,290.47,290.25,289.68,287.82,286.37,286.9,288.22,287.6,288.35,289.15,289.5,289.7,289.05,289.2,291.05,290.57,288.37,288.9,289.62,290.05,291.05,291.42,291.05,290.85,291.07,290.92,290.5,290.92,291.9,292.25,292.42,292.9,292.22,291.52,291.77,292.45,292.47,292.87,292.92,293.2,293.6,292.7,292.05,291.52,291.25,291.2,292.55,293.05,293.07,293.57,293.55,293.82,294.5,293.35,292.85,294.47,295.33,294.87,294.75
294.93,294.65,295.2,295.88,295.27,294.55,295.55,294.43,292.35,292.2,293.97,294.0,294.35,293.65,294.47,295.4,295.6,293.25,291.23,291.43,292.02,294.0,294.75,295.0,295.05,295.5,295.75,295.15,294.38,294.0,294.18,294.7,294.35,294.55,294.57,293.95,295.63,295.9,295.93,296.78,296.2,296.32,295.75,295.6,295.35,295.28,294.3,294.63,295.65,295.47,296.55,297.08,296.85,296.47,296.45,296.82,295.72,295.55,297.13,295.75,294.55,296.38,296.9,294.85,293.57,294.05,294.15,295.78,294.7,292.8,295.1,295.15,295.65,296.38,296.22,296.32,295.28,292.9,292.82,293.55,295.68,297.1,297.3,297.25,296.65,296.35,296.38,296.22,296.02,295.32,294.75,295.63,296.32,296.25,295.65,296.03,296.45,296.35,295.6,294.77,294.55,293.55,293.9,294.07,294.38,294.9,295.3,293.65,294.32,295.48,295.15,294.18,296.05,296.32,294.22,293.95,294.27,292.62,292.87,294.12,294.82,292.75,292.47,291.25,290.27,292.15,291.78,290.63,290.32,291.68,291.03,292.55,293.95,294.55,292.5,290.57,290.75,292.68,292.57,290.65,289.7,289.32,290.05,290.68,290.78,290.88,292.02,291.55,292.37,293.02,293.55,293.4,292.8,292.2,292.75,293.15,293.12,292.97,293.0,293.03,292.5,292.03,292.05,292.22,291.22,290.48,291.55,292.18,292.93,292.9,293.15,293.47,293.28,293.87,292.1,290.43,291.23,290.72,290.65,289.97,290.85,291.22,290.85,291.47,292.32,290.08,290.57,290.77,292.05,292.55,292.1,292.03,291.85,292.03,292.22,292.5,291.77,289.4,288.18,289.9,291.4,291.52,291.57,291.83,289.3,289.5,290.22,288.95,291.47,290.7,291.48,290.87,286.25,285.7,285.8,286.8,290.1,290.68,288.88,287.65,286.95,289.45,289.72,288.93,287.2,287.85,288.37,289.1,289.43,286.55,286.4,289.1,289.5,289.75,287.53,288.32,289.05,288.45,288.55,289.22,287.72,286.52,287.65,289.4,288.05,288.7,290.52,288.28,288.63,288.95,288.93,290.3,290.57,289.18,289.4,291.7,289.98,287.72,289.32,290.2,290.63,291.18,291.0,291.38,291.82,291.78,289.2,287.15,288.47,291.37,291.02,290.85,287.3,286.93,287.18,287.22,287.87,288.68,289.12,289.27,289.43,289.85,290.65,290.82,291.32,290.9,290.95,290.32,290.53,289.05,290.4,291.55,291.05,290.77,291.1,291.52,292.4,292.75,291.75,288.92,289.15,289.07,289.87,288.45,289.77,292.95,290.52,290.05,289.5,290.7,291.65,291.43,291.17,289.22,290.7,291.75,292.52,292.57,290.95,290.75,289.62,289.8,288.45,289.2,291.0,292.1,292.47,292.62,293.22,292.6,291.72,292.85,293.52,292.72,289.72,290.12,292.4,293.25,293.15,293.12,293.6,294.15,294.37,293.72,293.5,294.35,294.4,293.92,293.15,292.3,294.03,294.0,294.47,290.7,289.37,291.92,292.9,291.57,292.72,293.35,294.62,294.17,292.78,293.82,294.75
294.35,294.32,294.85,293.1,291.6,292.05,293.5,294.87,295.02,295.12,294.6,294.6,294.55,295.37,295.72,295.6,295.87,295.43,295.87,295.8,296.4,295.83,295.35,294.27,294.82,296.2,296.92,294.62,292.7,293.75,293.1,294.05,295.1,295.15,295.77,295.85,295.87,295.85,296.1,296.08,294.58,293.4,293.22,294.55,296.12,296.67,295.9,294.6,294.17,295.3,296.08,296.22,295.9,296.22,293.5,291.7,294.55,295.93,296.25,296.02,294.27,293.92,294.65,296.55,296.65,296.47,296.7,295.65,294.67,296.15,297.58,297.27,297.25,297.33,293.82,294.52,296.67,293.97,292.05,292.62,292.57,293.77,294.22,294.0,293.5,293.1,294.62,295.95,292.32,290.3,292.37,293.97,292.03,291.65,290.8,292.35,293.7,294.92,294.0,293.37,292.97,292.22,291.35,291.12,291.77,293.2,293.6,294.17,292.35,291.97,292.25,291.07,290.4,290.47,290.7,290.35,291.05,291.53,289.8,289.67,289.35,291.87,292.97,292.82,292.17,292.97,293.55,291.85,292.97,292.5,290.92,290.15,291.0,290.87,291.27,291.65,292.55,291.62,289.0,287.67,289.45,288.77,288.12,287.45,288.18,290.22,288.67,288.72,289.7,289.5,290.8,291.9,291.25,290.4,291.78,292.85,292.95,292.25,292.6,291.15,289.32,288.8,288.85,290.1,291.7,292.65,290.77,288.0,288.15,290.9,289.37,290.05,288.6,291.57,290.12,288.0,289.45,290.02,289.57,289.23,290.07,290.8,291.57,290.4,289.62,289.3,289.0,290.77,291.6,288.55,287.47,288.1,288.6,289.42,289.35,289.75,290.9,289.92,289.5,289.5,291.45,290.2,290.9,291.22,291.2,290.95,290.35,290.35,289.85,290.7,289.7,288.6,288.2,289.5,289.6,290.55,291.37,290.15,289.32,288.72,287.47,288.5,290.22,290.82,290.37,290.45,291.07,291.4,289.87,287.92,286.8,286.85,288.2,289.0,289.05,290.45,288.92,288.02,287.42,289.62,289.95,288.22,289.07,287.3,287.82,289.8,291.2,290.85,286.67,285.32,286.07,287.02,288.0,289.42,290.02,290.0,290.02,290.05,290.15,290.42,290.6,289.92,289.77,290.65,290.6,291.55,292.0,290.37,289.95,291.42,291.6,287.8,287.15,286.95,286.12,286.25,287.87,290.42,291.37,289.47,287.82,286.5,285.9,287.12,288.42,287.37,287.3,287.35,288.6,288.57,289.05,289.55,290.55,290.85,290.82,290.82,291.15,291.52,288.57,286.87,289.85,291.87,290.42,290.47,290.1,289.8,288.87,288.65,288.92,290.72,290.72,288.42,288.22,288.75,289.75,291.22,292.87,291.8,289.6,288.77,291.05,292.22,292.15,291.85,291.45,291.9,290.9,288.2,288.0,290.28,290.6,290.55,291.6,292.37,292.2,291.22,292.15,293.07,293.0,292.9,293.27,292.77,291.5,292.1,293.8,294.72,294.72,294.0,293.97,294.42,294.32,294.45,294.5,294.22,294.0,295.07,295.32,294.87,294.77,294.57,294.82,295.95,295.7,296.07,296.27
