299.75,299.83,300.48,299.93,300.23,300.36,299.58,298.96,299.3,298.63,299.63,299.66,299.68,299.75,300.18,300.83,300.18,299.73,300.23,299.8,299.55,298.98,299.86,299.31,298.55,298.98,299.63,300.63,300.63,300.3,300.11,300.98,300.65,300.46,300.61,300.56,299.58,299.46,300.05,300.88,300.71,301.13,300.23,300.73,299.83,300.15,300.33,300.93,301.15,300.55,300.33,300.53,301.0,300.41,300.83,301.71,300.86,300.81,300.41,300.33,300.28,300.11,300.58,300.78,300.38,299.86,300.38,300.48,301.78,301.66,300.88,301.0,300.73,300.61,300.86,301.15,301.13,300.98,301.21,301.11,301.28,300.8,300.25,300.38,300.61,301.08,301.65,301.73,301.18,301.18,301.36,300.73,300.21,299.9,299.55,298.5,299.23,299.46,299.0,299.98,299.36,300.06,299.96,300.0,299.58,299.21,299.88,300.71,300.9,300.03,297.96,298.05,298.46,298.55,299.08,298.86,299.16,298.5,298.55,298.86,299.1,298.46,298.58,298.8,299.78,299.3,299.11,300.08,300.43,299.21,298.83,299.55,299.03,298.98,298.78,298.83,299.05,299.11,298.23,298.43,299.33,300.66,300.46,299.98,298.3,297.73,298.03,297.73,297.0,296.43,298.25,299.3,299.33,299.18,299.08,298.43,297.78,297.56,297.71,298.13,297.91,297.66,298.18,298.56,298.9,299.28,299.18,298.65,297.68,296.83,297.33,297.61,298.46,298.75,298.43,298.75,299.08,298.75,297.55,297.75,298.38,297.96,296.53,295.8,295.93,298.11,296.86,296.83,297.23,297.75,297.3,297.75,298.18,295.91,294.81,295.58,297.18,296.46,296.05,296.5,297.03,296.71,297.06,296.23,296.25,295.73,294.78,295.71,296.33,296.33,296.61,297.08,297.53,298.0,298.33,297.98,297.61,295.86,294.58,296.03,296.73,296.73,296.71,296.8,297.23,298.0,297.53,296.56,295.86,295.63,296.63,297.28,296.58,296.63,297.78,297.06,297.63,297.83,297.25,297.0,296.78,296.33,296.93,297.11,297.75,298.13,297.05,296.05,295.16,295.38,296.58,296.93,296.46,296.78,297.75,297.18,298.03,297.98,297.61,296.88,297.71,298.21,298.8,298.85,298.03,298.75,298.43,298.68,298.48,298.53,297.63,297.8,297.46,297.46,297.73,298.23,299.25,298.98,298.78,299.11,299.0,298.3,298.58,298.0,296.75,296.75,298.28,297.58,297.63,298.96,298.46,298.31,298.71,298.75,298.38,298.0,297.38,297.05,297.46,297.38,298.5,298.56,298.25,298.9,298.38,298.13,298.58,297.8,298.18,297.73,297.21,297.05,297.53,298.0,298.35,298.46,298.53,298.33,298.3,298.58,298.71,298.68,298.58,299.16,299.33,299.4,298.88,299.15,299.28,299.36,298.63,298.96,299.66,299.68,299.4,299.6,299.5,298.96,298.86,298.55,299.23,299.25,299.43,299.23,299.28,298.88,299.38,299.36,298.75,298.8,298.93,298.63,298.88,298.53,298.28,298.75,298.73,298.5,299.03,299.28,298.33,298.03,298.78,299.11,300.13
300.63,300.36,300.13,301.05,300.4,299.81,299.5,299.23,299.78,299.43,300.11,300.53,300.96,300.35,300.8,300.78,300.73,300.23,299.86,299.46,299.83,299.73,299.38,299.31,299.8,298.88,299.53,299.71,300.18,299.75,299.21,299.75,300.36,300.91,301.11,301.21,301.18,301.91,301.38,301.61,300.75,300.31,300.83,301.08,300.66,301.11,300.65,301.33,301.63,301.03,301.66,301.3,301.5,301.71,301.68,301.73,301.33,301.36,301.13,301.61,301.41,301.31,301.55,301.36,301.88,300.98,301.4,301.53,301.43,301.46,301.61,301.58,300.88,301.58,301.48,300.96,299.53,301.23,300.88,300.33,300.13,300.13,299.38,298.78,299.5,299.46,299.88,299.93,299.93,300.18,300.63,300.16,300.11,299.68,300.58,300.0,300.28,299.96,299.73,299.38,299.48,299.23,299.93,299.88,300.13,299.68,300.43,299.23,300.28,299.88,300.18,300.18,299.46,298.98,298.68,298.73,298.73,299.05,299.41,299.48,299.28,299.13,298.38,298.25,297.48,297.73,297.86,298.48,298.56,297.5,296.81,297.13,296.96,297.8,297.08,297.48,298.13,297.75,297.75,298.38,297.38,296.98,297.33,297.55,297.8,297.86,297.96,296.75,295.65,295.13,296.78,297.41,297.23,297.93,298.28,298.93,298.73,298.38,297.75,297.05,296.88,297.21,297.68,296.96,297.03,297.43,297.96,297.75,297.46,297.83,298.06,298.3,298.13,297.75,297.0,296.21,296.46,297.16,297.86,297.63,297.58,297.85,297.83,297.45,297.46,297.68,298.38,298.0,297.33,297.9,297.93,299.0,295.8,295.73,295.91,295.43,295.55,296.05,297.08,297.88,297.98,295.83,296.18,296.43,296.3,296.25,296.53,298.03,298.03,296.48,295.38,294.88,296.28,297.48,297.18,296.86,297.43,297.48,296.96,296.71,295.81,295.23,294.41,294.21,295.83,296.11,296.86,297.16,297.38,296.05,296.25,295.78,295.28,296.13,296.11,295.28,295.13,295.55,295.53,297.18,298.05,297.68,297.86,296.83,297.25,296.98,297.46,297.71,297.66,297.5,297.0,297.33,298.11,298.3,298.11,298.58,298.46,296.25,295.61,296.83,297.18,298.23,298.1,298.38,298.91,298.86,298.5,297.8,298.71,298.33,297.96,298.05,296.83,296.23,296.91,297.58,298.03,297.98,298.13,297.9,297.86,298.18,297.8,297.88,298.16,297.83,296.68,297.08,298.41,298.41,298.46,298.93,299.41,299.55,299.5,299.5,298.5,298.73,298.16,298.13,297.98,298.25,298.05,298.98,298.31,298.55,298.78,299.61,298.15,298.46,298.41,298.5,299.23,298.81,298.56,298.18,298.18,299.03,299.03,299.5,299.33,298.85,298.21,297.83,298.23,299.13,299.68,299.63,299.8,299.53,299.66,299.35,299.11,299.83,299.55,299.41,299.58,298.46,298.71,298.63,298.55,298.93,298.78,299.16,298.73,298.21,298.18,297.98,298.5,298.43,298.65,299.11,299.03,299.81,299.75,299.4,300.4,300.71,300.0,300.68,300.66,300.33,299.83,299.46,299.81
299.33,299.56,299.93,299.71,299.91,299.91,300.21,300.3,300.78,301.15,300.55,300.55,300.48,301.31,300.63,300.8,300.66,300.63,300.0,300.18,300.25,300.3,300.58,300.21,300.23,300.46,300.58,299.83,300.38,300.48,300.88,300.48,300.43,300.35,300.48,300.61,300.83,300.96,301.18,300.5,301.13,301.38,300.4,300.36,300.21,299.98,300.46,301.0,300.23,299.18,299.13,299.53,300.0,299.25,298.9,298.78,299.36,299.25,299.53,299.96,300.25,300.46,300.08,299.86,300.3,300.55,299.96,299.48,299.61,300.65,301.78,302.11,300.88,300.63,300.5,299.83,299.48,299.78,299.66,300.0,300.31,300.23,300.0,299.28,299.41,300.05,300.28,300.23,300.68,299.93,299.88,300.36,300.33,299.91,299.5,299.66,299.61,300.33,299.83,299.75,299.9,300.5,300.61,300.56,300.38,300.48,300.55,300.08,299.48,299.13,299.5,299.15,298.28,298.55,299.0,298.88,298.43,299.5,300.28,299.86,299.73,300.11,299.86,299.38,299.61,298.68,298.98,298.93,299.06,299.16,299.6,299.05,299.16,298.98,299.03,298.25,297.38,297.68,298.03,298.68,299.36,298.56,297.28,297.63,298.28,298.33,298.75,299.16,298.81,298.56,298.75,298.73,298.18,298.3,298.4,298.36,299.13,298.25,299.03,298.86,298.63,298.18,298.11,298.93,299.11,298.23,298.46,298.93,298.23,297.53,298.75,299.11,298.53,297.31,296.13,295.68,296.18,296.53,297.36,298.18,297.4,295.91,294.5,294.63,295.46,295.93,297.68,298.16,298.08,297.66,298.16,297.83,297.6,297.53,297.93,297.21,295.88,295.81,295.75,296.33,296.5,294.65,294.18,294.68,294.48,294.96,295.73,296.25,297.08,296.3,296.18,296.86,297.86,298.53,296.08,294.91,295.88,297.43,298.08,297.41,296.73,297.73,297.58,297.36,296.6,296.08,296.78,296.75,295.81,294.98,296.23,295.75,295.13,295.88,295.93,295.35,294.46,295.13,296.8,297.66,296.93,297.58,297.58,297.55,297.43,296.93,296.58,296.23,296.25,295.36,294.91,295.61,295.8,295.41,295.25,295.36,295.71,295.28,295.43,296.53,297.13,297.31,297.66,297.55,297.21,297.46,297.61,297.05,296.53,297.08,298.08,298.21,298.18,298.0,298.88,297.85,297.21,298.21,298.46,298.18,298.11,297.86,297.46,296.8,296.91,296.98,296.63,297.16,297.11,297.11,296.58,297.3,297.38,297.38,297.71,297.78,297.93,298.48,297.98,297.0,295.81,295.15,296.38,296.61,296.48,296.61,297.3,296.91,297.61,297.6,298.46,298.53,298.58,299.16,298.83,298.96,299.11,298.55,298.61,298.66,299.13,299.75,299.23,298.36,299.18,299.18,299.56,299.28,299.5,300.05,299.13,299.23,299.61,299.61,299.43,299.08,299.58,299.55,299.23,299.43,299.48,300.78,300.5,300.53,300.18,300.21,300.25,300.18,300.3,300.0,299.96,300.83,300.98,300.13,300.43,300.13,300.23,299.83,300.05,299.98,299.66,299.46,299.21,299.46,299.5
300.21,300.06,299.38,299.53,300.3,300.78,301.03,301.0,300.75,301.05,301.25,300.93,300.46,301.36,300.96,300.86,300.88,300.61,300.68,300.93,300.53,300.4,300.83,301.46,300.86,300.81,301.3,301.73,301.53,301.61,301.43,301.18,300.68,301.23,300.96,300.08,300.18,300.63,299.98,300.03,300.06,300.75,300.46,300.68,300.55,299.93,300.08,300.71,300.71,300.25,300.58,300.48,300.13,300.61,300.28,300.33,300.56,300.33,300.38,299.83,299.98,299.61,300.13,300.36,300.33,300.48,300.98,300.53,301.06,300.25,299.96,300.4,300.38,300.55,301.05,300.88,300.83,299.8,299.93,300.61,300.98,300.88,300.63,301.23,300.78,300.46,300.38,301.21,300.71,300.43,300.03,299.88,299.66,299.75,299.93,300.5,300.91,300.86,300.5,300.68,300.86,300.11,299.71,300.28,300.46,300.38,300.23,299.33,299.15,299.28,299.5,298.68,299.05,299.43,299.11,299.61,299.91,299.5,299.28,299.73,299.75,299.5,298.83,299.03,298.93,298.68,299.13,299.75,300.0,299.86,299.03,298.13,298.88,299.21,299.38,298.46,298.91,298.5,298.93,299.11,299.21,299.0,298.61,298.58,298.86,298.55,299.03,298.98,299.28,299.18,298.8,298.61,298.43,298.55,298.81,298.88,299.31,298.23,297.8,297.31,297.38,299.41,299.46,299.38,299.4,299.93,299.55,299.28,298.53,298.58,298.66,298.05,298.0,298.11,297.61,297.41,298.96,297.46,297.13,297.88,298.3,299.6,298.5,297.33,298.06,297.36,297.13,297.33,297.71,297.46,297.73,297.33,296.28,295.43,296.03,296.91,297.73,298.98,299.46,298.61,298.83,298.33,297.43,296.68,296.33,296.38,296.43,297.63,297.68,298.21,298.08,297.73,297.63,297.25,296.46,295.18,295.73,296.98,296.55,296.23,295.8,296.25,296.25,296.15,294.78,294.8,296.28,297.83,297.86,297.43,296.23,296.48,297.0,296.83,297.43,298.33,298.63,298.68,295.71,294.03,294.13,294.56,295.83,297.0,296.21,294.41,293.25,294.36,296.03,295.98,295.56,295.36,295.06,294.71,296.21,296.75,297.03,296.63,296.88,297.4,297.48,296.33,296.28,296.13,295.4,294.93,294.58,296.05,296.48,296.81,297.46,296.98,297.43,297.48,297.75,296.56,295.8,296.53,297.4,297.71,296.46,296.88,296.73,296.96,296.91,297.93,298.58,298.16,297.61,297.91,297.8,298.43,298.08,297.33,296.75,296.16,297.38,298.23,298.53,297.93,297.21,296.88,296.18,296.66,297.33,297.75,297.86,297.71,298.28,298.71,298.75,297.83,298.33,298.58,298.68,299.21,299.33,298.8,298.53,297.96,297.55,297.0,297.23,297.11,297.63,297.58,297.61,298.38,299.63,299.08,298.81,298.53,298.41,298.63,298.41,297.86,296.75,296.63,297.3,298.08,298.43,298.3,298.61,298.36,298.88,299.13,298.53,297.96,298.63,298.0,298.4,298.6,298.13,298.86,299.03,299.05,298.53,298.38,299.3,299.88,299.96,299.21,299.05,299.03,299.21
299.6,299.43,298.93,298.68,298.53,298.75,298.93,299.63,299.71,299.36,299.11,298.98,299.18,299.53,299.48,299.73,299.53,299.75,300.0,299.55,299.81,299.13,299.4,299.83,300.0,299.75,300.48,299.93,300.28,299.93,299.33,298.91,298.73,298.81,299.18,299.41,299.8,299.71,299.63,299.66,299.38,299.13,299.38,299.5,299.73,300.23,300.55,300.83,300.61,300.53,301.03,300.8,300.73,301.16,300.71,299.96,300.11,300.63,301.75,301.46,300.0,300.31,298.9,299.11,298.83,299.8,299.58,299.81,299.88,299.61,300.48,299.98,299.98,299.18,299.55,299.86,300.11,299.38,300.11,300.55,300.11,300.41,299.63,299.73,300.21,299.4,299.28,299.48,299.3,298.75,299.38,299.83,298.98,299.46,299.31,298.98,297.25,297.18,298.35,298.71,299.08,299.03,298.96,299.33,298.35,298.38,299.05,299.33,299.18,298.83,298.66,298.93,299.2,299.25,299.41,299.3,298.96,298.83,299.18,299.15,298.46,298.46,298.63,298.71,299.08,299.23,298.75,298.71,298.33,298.88,298.66,299.13,298.13,297.21,297.68,297.73,297.36,297.98,298.53,298.5,298.4,298.96,298.21,297.98,297.63,298.03,298.25,298.28,298.46,298.25,298.25,297.73,298.38,299.43,299.13,299.18,298.68,298.66,298.56,298.28,297.88,296.86,296.66,296.36,297.18,297.13,297.3,296.33,294.93,295.28,295.9,295.91,296.0,297.71,298.96,298.31,297.78,298.48,298.48,297.73,297.71,298.05,297.63,298.36,297.93,297.06,295.78,294.63,295.48,296.61,296.73,297.28,296.73,296.48,297.28,297.28,297.15,296.41,296.21,296.46,296.5,296.46,297.83,297.68,297.16,297.86,297.96,295.83,295.31,294.48,293.8,294.08,294.58,295.61,296.1,296.86,297.48,296.33,296.13,296.61,296.78,297.0,297.03,296.58,296.63,295.61,295.23,295.63,295.23,294.63,295.35,296.21,296.66,296.96,296.83,297.63,297.91,297.28,296.63,296.96,298.11,296.81,296.08,296.78,297.1,296.78,297.16,296.63,297.15,297.05,296.71,296.88,297.5,297.71,297.38,296.23,297.16,296.93,297.53,297.23,297.08,296.98,297.0,296.28,297.21,297.4,295.73,295.55,295.63,295.63,295.63,295.73,295.23,295.98,296.98,297.28,297.43,296.83,296.65,296.53,296.88,296.5,297.28,297.33,297.13,296.55,296.71,296.15,297.38,297.93,297.11,296.96,297.3,298.08,297.61,297.5,298.21,297.78,298.86,299.05,298.53,299.28,299.0,298.88,298.86,298.38,298.55,298.63,298.93,298.73,298.65,299.13,299.46,299.48,298.38,297.98,298.28,298.55,298.71,297.81,297.18,296.75,298.13,299.21,299.21,299.21,299.53,299.38,299.58,299.3,299.53,299.28,299.08,299.58,299.36,298.75,298.91,298.96,300.25,299.98,300.33,300.16,299.63,299.65,299.5,299.43,299.46,299.53,299.65,299.68,300.55,300.41,300.73,300.71,300.25,299.78,299.71,299.41,298.78,298.73,298.78,299.16,300.3,300.15,300.08
300.28,300.71,300.46,299.75,300.0,300.21,299.9,299.98,301.28,301.11,300.68,300.81,300.75,301.23,300.63,300.05,300.28,299.78,300.28,300.31,300.11,299.75,299.38,300.48,299.88,300.46,299.23,300.13,299.83,300.13,301.06,300.61,300.75,300.58,301.58,300.98,300.68,300.98,300.83,300.88,301.16,301.21,300.98,301.23,300.96,300.3,300.78,301.61,301.18,301.15,301.08,301.36,301.73,300.9,301.33,300.83,301.05,300.73,300.08,300.88,301.28,300.25,300.75,299.93,299.53,300.78,300.86,300.96,300.88,300.13,300.1,300.25,300.91,300.96,300.73,301.43,302.58,300.5,300.43,299.78,299.3,300.18,299.88,300.06,299.86,299.21,299.88,299.68,299.46,299.53,300.13,300.08,300.61,300.48,300.8,300.93,300.71,300.71,300.75,300.41,300.48,301.18,300.38,300.66,300.73,301.06,300.96,300.65,300.23,299.48,298.98,298.43,298.63,298.86,298.5,299.08,299.23,299.11,299.23,299.33,299.21,299.5,299.41,299.13,298.33,298.78,299.05,297.96,298.91,298.88,299.0,299.23,298.83,299.73,299.66,299.38,300.16,299.5,299.66,299.8,299.36,299.98,299.58,299.38,299.28,299.05,299.15,298.88,298.35,299.08,298.61,298.13,298.63,298.36,298.75,299.36,299.08,299.11,298.93,298.8,298.98,298.5,298.23,298.03,297.78,298.25,298.36,298.88,298.38,298.9,298.58,298.58,298.78,298.61,299.03,297.15,296.41,296.3,295.55,295.98,297.08,297.41,297.83,298.11,297.73,297.58,297.25,298.11,298.23,298.15,296.71,295.93,296.16,296.71,296.66,296.13,296.48,296.68,296.68,297.0,298.3,298.23,297.86,298.11,297.88,296.93,296.88,296.81,295.71,294.3,294.33,295.66,296.58,296.93,297.48,297.83,297.73,297.96,297.75,297.86,297.9,297.58,297.63,296.98,296.78,297.21,297.96,297.88,298.25,298.03,297.7,297.25,296.66,296.46,296.9,297.68,296.46,295.43,296.46,297.55,297.25,298.43,298.18,297.83,296.48,295.88,295.28,295.38,295.23,295.35,296.53,296.98,296.55,297.48,296.83,296.23,296.6,296.28,297.61,298.41,298.68,298.43,298.23,298.5,298.38,297.88,298.48,298.48,298.55,298.5,298.1,298.03,298.8,298.28,296.73,295.5,294.98,296.38,296.3,296.63,296.31,296.71,297.1,297.03,297.28,297.0,296.18,296.55,297.36,296.73,296.81,297.11,298.0,297.6,297.73,297.86,297.98,298.58,298.9,298.91,298.23,297.43,297.78,297.65,297.75,298.48,298.58,298.21,298.33,297.43,297.81,298.13,297.63,297.75,298.08,298.41,298.55,298.25,297.88,298.21,297.91,298.56,298.88,298.73,298.46,298.83,297.41,297.75,298.16,297.98,299.06,299.21,299.38,299.48,300.13,299.86,299.43,299.11,298.75,299.73,299.23,300.0,299.86,299.3,299.43,299.68,300.0,300.21,300.15,300.46,300.53,300.23,299.86,300.08,300.65,300.33,300.53,300.83,300.23,300.18,300.08,300.88,300.25,300.71,300.36
300.68,300.06,300.33,300.53,300.0,300.58,300.21,299.86,299.68,299.78,300.03,299.8,299.65,299.13,300.0,300.05,300.43,299.8,300.16,300.03,300.58,301.05,300.46,300.03,299.5,299.68,300.33,299.86,300.13,299.58,300.61,301.03,300.46,300.48,300.08,300.8,300.11,300.36,300.0,300.43,300.23,300.93,300.3,300.53,301.08,300.53,300.73,300.81,301.21,301.66,301.13,300.48,300.68,300.63,300.53,300.23,300.5,300.38,299.36,299.73,300.15,301.28,301.61,302.63,302.25,300.53,299.36,299.63,300.21,300.0,299.98,299.65,300.33,299.96,301.0,301.28,299.8,300.18,299.83,300.46,299.93,299.56,300.28,300.13,300.5,300.33,300.8,300.11,300.23,300.65,299.78,300.18,300.18,300.18,300.16,300.48,299.41,299.28,298.98,299.18,299.18,299.36,299.36,300.0,300.13,299.48,299.88,299.63,299.5,298.86,299.53,299.28,299.68,299.3,299.48,299.46,299.41,299.16,298.96,299.8,300.03,299.21,300.0,300.38,299.13,298.58,298.18,298.0,298.11,297.73,297.8,298.03,298.38,299.33,298.66,297.98,297.86,297.55,297.36,297.43,298.28,298.93,299.43,299.25,299.03,298.41,297.71,297.53,298.65,298.13,297.0,296.15,296.0,295.38,295.61,295.73,295.75,296.23,297.03,298.16,298.28,297.86,297.83,297.75,296.96,296.36,296.96,296.1,295.63,296.33,296.63,298.16,298.75,298.5,297.73,297.56,297.1,297.08,297.83,297.8,297.3,297.73,298.21,297.83,297.61,297.5,296.61,295.88,295.5,296.86,296.48,295.68,296.63,297.36,297.5,297.38,296.78,295.16,294.75,296.65,297.46,297.73,297.25,297.0,297.73,299.33,298.08,296.46,297.13,296.1,296.25,296.71,297.66,297.16,296.71,297.68,297.46,297.38,297.3,297.36,296.93,297.43,297.55,297.11,297.0,297.0,296.78,295.86,295.15,295.08,296.5,297.43,297.21,295.46,295.11,296.28,296.53,297.23,297.46,297.83,297.93,296.33,295.98,297.11,297.3,297.68,297.73,297.68,297.28,297.15,297.1,296.16,296.5,297.28,297.0,296.43,296.53,296.78,297.48,297.93,297.65,297.31,296.91,295.55,296.05,296.91,297.75,297.5,298.13,297.5,297.66,298.25,298.4,297.88,298.33,298.85,298.68,298.23,298.08,297.03,296.68,296.93,297.31,297.48,297.71,297.5,297.5,297.5,297.78,297.83,298.61,299.38,299.38,298.8,299.9,299.0,298.68,299.25,299.33,298.68,299.13,298.5,298.46,298.41,298.98,298.46,299.08,298.91,298.83,299.03,299.18,298.55,298.56,298.13,298.0,298.21,299.18,299.05,298.75,297.75,297.73,298.61,299.48,299.66,299.53,299.06,299.65,299.8,300.0,299.23,299.48,298.98,299.23,299.36,299.83,300.25,300.18,300.68,300.08,299.93,299.75,299.23,299.46,299.75,299.8,299.53,299.25,298.96,299.46,300.28,300.48,300.25,300.15,300.0,299.71,299.78,299.46,299.55,300.08,300.38,299.23,299.15,300.06,299.68,300.13
300.04,300.54,300.46,300.26,299.79,299.36,299.18,299.49,299.08,298.96,298.81,300.04,299.78,299.94,299.54,300.39,300.76,300.79,300.78,300.64,300.34,300.11,300.89,300.81,300.81,300.41,300.34,300.86,300.81,300.86,300.49,300.69,300.49,300.74,300.59,299.43,299.79,300.39,300.16,300.73,301.24,299.96,299.91,300.09,300.11,301.41,301.24,301.21,300.89,300.76,300.51,300.36,300.86,300.59,300.46,300.46,300.16,300.61,300.43,300.24,300.74,300.41,300.76,301.13,301.37,300.77,301.66,301.71,301.39,300.96,300.34,299.99,300.11,300.28,300.01,299.93,299.81,299.36,299.93,300.41,300.73,301.01,301.23,301.11,300.74,300.98,301.31,301.24,300.84,300.92,300.96,301.04,300.93,301.24,299.76,300.16,300.91,300.73,300.59,301.38,300.71,299.74,298.99,299.41,299.16,299.09,299.01,299.18,299.14,298.86,298.59,298.38,298.19,297.68,298.23,298.34,297.14,297.78,297.28,297.34,297.71,298.16,299.16,299.18,299.61,299.18,299.13,297.94,297.33,296.61,296.26,296.24,296.99,296.46,296.79,297.26,297.68,298.11,298.24,298.94,298.89,298.68,297.64,296.26,296.14,297.19,297.74,296.76,296.54,297.11,297.96,298.16,298.46,297.86,298.09,298.41,298.11,297.89,296.89,296.89,297.76,297.74,296.89,296.02,295.22,295.51,295.88,297.68,298.22,297.51,297.39,298.01,298.61,297.71,297.61,298.36,298.22,298.49,298.24,298.31,298.12,296.51,296.04,294.74,293.81,294.16,294.54,296.28,297.14,297.49,297.74,297.86,296.76,295.19,296.41,296.66,297.03,294.89,294.86,295.01,296.11,296.46,296.71,296.11,294.74,293.64,295.39,295.59,294.61,294.46,295.59,296.72,297.39,295.66,295.31,295.13,294.86,294.59,294.71,296.43,297.98,297.39,296.79,296.27,295.46,294.41,293.43,293.06,293.09,293.34,294.06,294.76,296.21,296.83,297.84,296.61,296.29,296.04,297.09,297.26,296.78,296.23,296.04,296.03,295.84,295.51,294.88,294.84,294.51,294.78,296.63,297.09,296.84,296.64,296.51,296.31,296.06,295.84,298.16,297.86,297.36,297.76,298.64,297.16,296.26,296.36,296.39,296.34,296.11,296.02,295.13,295.31,296.24,296.06,296.21,297.11,296.41,296.48,297.01,297.31,297.58,297.53,296.96,297.06,297.36,297.71,297.66,297.06,296.16,296.66,297.48,298.09,297.81,298.01,298.51,297.36,297.04,297.26,297.26,297.96,298.18,298.86,298.23,298.13,298.27,298.41,298.36,297.76,297.86,296.96,296.06,296.89,297.28,297.46,297.92,298.02,298.88,298.56,298.89,299.09,298.89,299.36,299.49,299.59,298.64,298.06,297.84,298.01,298.59,299.56,299.41,299.56,299.49,299.39,299.51,299.44,299.13,299.39,300.38,300.59,300.26,300.49,300.29,300.21,299.97,299.59,299.28,299.39,299.94,299.46,299.06,299.18,299.31,299.71,299.46,299.26,299.34,299.59,299.46,299.39,299.18,299.26,299.56,299.02,299.06
298.93,298.89,298.49,299.39,300.26,299.23,299.81,299.61,299.59,299.99,299.71,299.51,299.58,299.54,299.53,299.26,299.71,299.79,300.06,299.98,300.29,299.99,300.31,300.59,300.43,300.59,300.67,300.56,301.01,300.96,300.83,300.69,300.26,300.27,300.21,300.69,300.63,300.54,301.26,301.84,301.51,301.04,301.66,301.09,301.16,301.18,300.91,300.54,301.26,301.62,301.09,301.37,300.34,300.11,299.86,299.84,300.08,300.26,300.68,299.68,299.31,299.91,299.99,299.61,299.53,299.59,300.01,299.96,300.78,300.88,301.23,301.18,300.89,301.16,300.79,300.36,300.66,300.52,300.76,301.01,301.31,300.89,301.16,301.38,300.46,299.96,299.88,300.16,299.81,299.96,300.41,299.94,299.54,299.63,299.14,299.58,299.16,299.46,299.96,301.09,301.11,300.74,300.21,300.64,300.63,300.44,300.11,299.88,299.39,299.19,298.46,298.66,298.91,298.66,298.24,297.69,297.81,298.18,298.09,298.36,298.36,298.49,298.14,297.66,297.39,297.89,297.81,298.18,297.76,297.41,297.29,297.79,297.81,297.84,297.93,297.76,297.59,297.76,297.41,297.96,298.14,297.81,297.39,296.34,295.61,295.81,295.29,295.61,295.86,295.64,296.66,296.98,297.19,297.51,297.28,297.29,297.54,296.94,296.39,295.94,296.31,297.01,296.41,296.49,295.86,295.11,296.31,296.21,296.09,295.84,296.31,297.03,295.52,294.99,294.31,295.51,297.01,297.31,296.98,296.71,297.34,297.68,295.83,295.06,295.41,296.05,295.98,294.96,295.08,295.11,294.91,295.46,295.3,297.63,296.9,296.25,296.0,295.53,294.61,295.33,294.33,294.25,294.98,295.03,296.11,296.45,296.5,295.63,295.11,294.23,293.93,294.61,294.73,295.5,294.78,295.18,295.83,296.18,296.16,295.96,296.05,295.61,295.63,295.08,294.18,294.43,294.18,294.5,293.96,293.08,293.48,293.98,295.38,295.73,297.28,296.88,296.75,296.63,297.38,296.33,296.75,296.63,296.03,296.46,295.98,296.53,296.98,296.0,294.11,293.73,294.75,295.13,294.38,294.75,295.81,295.66,296.15,296.63,296.0,295.23,295.68,295.41,295.05,295.23,295.93,296.53,296.61,295.58,294.93,295.0,296.16,295.98,296.18,296.88,297.18,296.81,296.46,297.08,297.18,297.13,297.48,297.28,297.16,297.41,297.68,298.05,298.0,298.03,297.23,297.58,297.03,297.1,296.56,296.23,296.55,296.38,296.03,296.08,296.21,296.23,297.0,297.63,297.73,297.96,298.05,297.11,296.28,295.83,296.81,297.53,297.63,297.88,298.35,298.96,298.8,298.3,298.48,298.53,298.9,299.23,299.33,299.46,299.23,299.98,299.88,299.71,299.58,300.13,300.0,299.68,299.73,299.58,299.96,299.25,299.83,299.58,299.38,299.63,299.48,299.28,299.61,299.46,299.38,298.98,299.23,300.03,299.61,299.71,299.53,299.58,299.61,300.18,300.0,299.56,299.71,299.53,299.43,300.05,299.55,298.96,299.06,299.41,299.41,299.58,300.0
300.28,299.86,299.93,299.46,299.81,299.83,299.9,300.08,300.48,300.23,300.18,300.55,300.55,299.88,300.11,299.98,300.81,301.43,301.13,300.98,300.78,300.48,300.15,300.23,300.58,300.0,300.03,300.61,300.58,300.53,299.88,300.28,300.86,300.93,300.73,300.98,300.88,301.03,300.9,301.08,301.0,301.41,301.21,301.53,301.48,301.78,301.88,302.46,301.5,301.58,301.25,301.68,301.71,301.41,301.61,301.15,300.83,301.08,301.38,301.28,299.98,301.68,300.8,300.63,299.83,299.88,300.43,300.03,300.5,299.71,299.98,299.53,300.73,300.88,300.71,301.3,301.18,300.63,301.03,300.78,300.75,300.41,300.38,300.63,300.8,300.71,300.9,300.71,301.03,300.53,300.21,300.71,300.8,299.88,299.78,299.96,300.0,299.83,300.38,301.21,301.55,300.71,301.0,300.36,300.21,300.43,300.68,300.63,300.08,299.18,299.75,298.83,298.96,299.11,299.3,300.13,299.78,298.93,299.25,299.73,299.16,299.03,299.65,299.6,299.96,300.3,299.63,299.63,299.5,299.61,299.46,299.66,299.81,299.78,299.53,298.91,298.88,299.5,299.55,299.75,299.75,300.11,299.4,299.78,299.55,299.21,298.98,299.16,298.65,298.63,298.43,298.03,298.5,298.23,298.13,298.46,297.96,297.21,297.58,298.28,299.11,299.18,299.36,299.06,299.21,298.88,299.06,298.31,297.53,297.91,297.75,298.05,297.8,298.16,298.53,299.11,298.83,297.86,297.5,298.03,298.38,297.83,297.48,297.46,296.48,296.53,297.25,297.13,296.28,296.56,296.23,295.86,296.53,297.28,297.33,298.33,298.03,296.75,297.16,297.58,297.61,296.8,296.36,296.28,296.58,297.33,296.96,297.0,297.33,297.36,296.8,297.43,297.58,297.25,296.73,296.33,295.63,295.63,296.08,296.63,296.95,297.18,296.58,296.43,297.05,297.03,297.16,297.68,297.8,296.5,296.83,296.91,296.83,296.21,295.88,295.93,296.66,297.13,296.56,295.96,296.16,296.0,296.55,297.8,297.16,297.88,297.53,297.46,297.43,296.98,297.73,297.65,296.5,297.0,296.0,296.61,296.73,298.03,298.31,298.43,298.31,297.58,296.75,298.15,298.5,298.06,297.58,296.5,297.4,298.55,298.05,298.21,298.43,298.53,298.61,298.38,298.4,298.5,298.08,297.75,298.13,298.63,298.61,298.83,298.63,299.0,298.71,298.5,297.71,298.21,298.83,298.98,298.93,298.61,297.38,296.58,297.3,298.13,298.13,298.53,298.38,297.9,297.5,297.15,297.73,297.78,297.93,297.75,297.71,298.48,297.78,298.53,298.46,298.53,298.88,299.0,299.11,298.5,297.91,298.03,298.23,298.31,298.25,298.98,299.33,299.53,300.46,299.53,298.78,298.63,299.18,299.48,299.18,299.75,300.23,300.25,299.88,300.33,300.33,299.61,298.86,298.68,298.91,298.75,298.83,298.3,298.8,299.31,300.73,300.25,299.63,299.5,299.33,298.88,299.75,299.98,300.83,300.88,300.98,300.36,300.63,300.56,300.61,300.15,299.88
300.41,300.21,300.08,300.15,300.28,300.23,300.41,300.68,300.83,300.88,300.66,300.46,299.96,300.53,299.5,301.08,299.93,299.65,300.96,300.75,300.18,300.28,299.71,300.36,300.71,300.83,300.21,300.63,301.03,300.28,301.05,300.96,301.0,299.98,300.83,301.25,301.18,301.0,299.98,300.53,301.3,301.03,301.48,300.25,300.08,299.58,298.75,299.21,298.86,299.05,300.0,300.73,300.63,300.36,300.25,301.08,300.71,300.5,300.48,300.38,300.18,300.43,300.43,300.3,300.53,301.0,300.06,299.75,300.48,300.33,300.78,300.86,300.58,300.71,300.31,300.15,299.68,299.36,299.5,299.88,300.21,300.65,300.5,300.58,300.88,300.35,300.48,299.21,300.08,300.43,301.45,300.83,299.86,299.4,298.71,299.68,300.0,300.48,300.38,299.88,299.98,300.05,299.43,298.53,298.23,298.96,299.08,299.58,299.46,299.68,299.28,299.36,298.91,299.4,299.36,299.18,298.78,298.98,299.0,298.65,298.61,299.16,299.13,299.68,298.93,298.83,298.63,299.21,299.66,297.61,296.83,296.36,296.36,296.61,297.78,298.63,299.38,299.21,299.56,299.48,298.86,299.58,299.03,299.08,298.61,298.5,298.96,298.78,298.96,299.63,299.33,299.18,298.43,298.73,298.43,297.63,296.63,295.43,295.58,295.88,296.5,297.08,297.81,297.38,298.06,297.93,298.58,297.9,297.71,297.86,298.18,298.25,298.08,297.03,297.18,297.48,297.46,297.0,297.23,297.93,298.61,299.03,296.85,294.11,293.38,294.13,294.98,295.05,295.03,294.98,296.11,296.55,296.68,297.33,297.35,297.33,296.93,297.23,297.88,298.65,298.63,298.88,296.88,296.61,296.56,296.75,297.73,297.71,297.58,297.4,296.93,296.6,296.33,296.78,296.93,297.21,297.03,296.58,296.58,296.13,296.5,296.96,296.58,296.93,297.5,298.53,298.11,297.18,297.0,295.65,296.61,298.13,298.21,298.38,296.78,296.28,294.8,294.41,295.23,295.28,296.53,296.53,296.73,297.36,297.08,296.73,296.36,296.88,298.21,297.63,298.46,297.56,296.91,296.75,297.0,297.28,297.68,297.98,298.03,298.28,298.96,298.06,297.98,298.1,298.66,297.96,297.43,297.73,297.96,297.71,297.41,297.25,297.55,297.38,298.16,298.36,298.46,298.83,298.0,298.36,298.18,298.73,298.13,298.58,298.56,298.03,298.5,298.31,298.0,297.71,298.21,298.36,298.03,297.98,297.78,297.8,297.83,297.73,298.15,297.43,297.63,298.25,299.23,298.73,298.58,298.98,299.03,298.83,298.68,297.93,298.05,298.36,298.4,298.8,298.78,298.96,299.16,298.96,299.93,299.11,299.11,298.31,298.93,299.5,299.25,298.85,298.55,299.41,299.03,299.21,298.98,298.9,298.8,298.25,298.05,299.05,299.71,299.88,298.3,297.96,297.78,297.83,297.78,297.61,298.5,298.66,298.78,299.0,298.96,299.03,299.61,299.43,299.11,299.21,299.21,299.23,299.41,299.63,299.41,299.38,299.46,299.55,299.23,298.75,298.96
299.06,298.61,299.5,299.88,299.71,299.86,299.71,299.8,299.56,300.23,299.68,299.73,300.36,300.38,300.88,300.5,300.35,300.11,300.78,300.3,300.03,299.66,300.43,300.55,300.23,300.48,300.38,300.21,300.36,300.0,300.25,300.11,300.86,300.33,299.03,298.93,298.96,299.18,300.11,300.0,300.55,300.21,299.5,299.21,299.53,300.53,300.21,299.55,299.71,299.83,299.53,299.8,299.83,299.98,299.71,300.23,299.93,300.58,300.55,300.56,300.18,300.3,300.86,300.18,300.53,301.16,299.85,300.25,300.06,300.08,300.91,300.41,300.71,300.43,299.73,300.3,299.88,300.68,300.38,300.63,301.8,301.46,299.38,298.36,298.46,298.58,298.23,298.35,297.55,298.03,299.08,299.15,299.53,299.25,298.48,298.63,298.33,298.08,299.13,299.28,299.16,298.58,298.66,297.75,297.98,298.06,297.88,297.8,298.08,297.65,297.73,298.68,298.98,299.78,299.21,299.48,299.28,299.68,299.18,298.75,298.48,298.63,298.38,298.11,297.73,297.61,298.28,298.83,298.58,298.3,298.13,298.5,298.98,298.61,298.43,298.46,298.41,299.36,300.23,299.48,299.5,299.71,299.33,298.96,298.23,298.46,298.8,298.23,297.56,297.93,298.13,297.66,298.23,298.15,298.63,298.78,298.25,298.28,299.1,299.86,299.98,299.03,298.38,298.31,297.88,298.98,298.71,298.61,297.33,297.18,297.71,299.31,297.25,297.3,297.36,297.31,297.23,297.18,297.46,297.8,297.73,297.48,296.08,295.91,296.46,297.61,296.86,296.56,296.61,295.88,297.08,297.91,298.08,297.78,297.98,297.63,298.23,298.93,297.38,296.9,296.21,295.73,296.71,296.91,297.43,296.98,295.38,295.33,294.71,295.65,296.5,296.0,294.23,294.73,295.31,295.86,296.48,296.9,297.33,297.56,296.96,296.71,296.71,297.36,297.18,297.48,298.06,297.71,298.48,299.05,298.75,297.5,297.11,297.75,298.16,298.75,298.18,298.18,298.5,298.33,298.5,297.48,296.8,295.68,295.25,295.38,296.98,297.16,297.66,297.25,297.0,298.16,297.8,298.23,297.91,298.36,297.28,298.0,298.13,298.83,297.78,296.46,295.98,296.48,296.9,297.88,298.28,298.98,299.15,299.05,298.68,297.98,298.0,297.88,296.98,297.68,298.66,298.18,298.08,297.53,298.05,297.4,297.15,297.58,297.23,297.58,297.48,297.91,298.31,297.93,298.61,298.36,298.41,297.98,297.71,298.05,298.18,297.63,298.3,298.36,298.96,298.65,297.55,297.15,298.08,298.16,298.25,297.81,298.71,298.28,299.23,299.23,299.15,298.88,299.25,298.98,299.66,299.23,299.41,299.18,299.16,299.96,300.38,300.06,300.58,300.46,300.5,300.21,300.43,299.61,301.61,301.58,298.58,297.98,298.68,298.91,299.56,299.86,299.15,298.93,299.11,299.13,298.58,299.56,299.58,299.38,298.93,299.18,299.63,299.58,299.91,299.53,299.93,299.46,299.3,299.38,299.28,299.33,299.48,299.53,299.91,300.78,300.28,300.53,300.36
300.53,300.73,299.8,298.75,299.13,299.78,300.16,301.58,301.38,300.68,300.23,300.0,300.15,300.08,300.16,300.08,300.81,300.48,300.25,300.0,299.33,299.93,299.23,300.46,300.83,301.0,300.88,300.91,300.68,300.85,300.86,301.18,301.06,300.78,300.35,299.88,299.33,299.16,299.5,299.18,299.68,300.33,300.75,301.61,300.81,300.83,300.96,300.33,299.03,299.08,300.63,300.98,300.75,300.66,301.0,300.75,300.65,300.5,300.78,301.21,301.71,301.68,301.78,301.11,300.61,300.33,301.58,300.98,299.28,299.85,300.66,301.28,301.63,301.18,301.28,301.21,301.28,301.68,301.28,300.55,299.36,299.36,299.86,299.96,300.38,300.43,300.0,300.03,298.98,299.48,299.8,299.81,300.03,299.88,299.63,299.86,299.21,299.58,299.75,299.9,300.3,300.53,299.98,300.25,300.06,300.23,300.66,300.1,300.11,299.8,299.58,299.03,299.96,300.03,300.15,300.3,300.41,300.21,299.9,299.86,299.33,298.73,298.43,298.61,298.68,299.73,299.25,298.21,297.96,297.73,298.03,299.03,299.38,299.33,298.43,298.73,298.53,299.11,298.93,298.46,298.08,297.71,297.46,298.15,297.78,297.93,297.46,297.63,298.15,297.88,297.43,297.58,297.6,298.05,297.78,297.63,298.83,298.78,298.38,298.38,296.88,296.86,296.58,297.66,297.5,298.53,299.5,298.13,298.28,297.83,295.18,295.03,295.18,297.13,297.83,297.18,295.96,296.36,296.46,295.0,295.0,296.93,297.58,297.93,298.13,298.38,297.55,296.78,295.73,295.25,295.6,296.86,297.31,298.11,297.08,296.18,297.28,297.46,297.21,297.8,296.83,297.05,297.36,297.55,297.9,297.91,298.05,298.23,297.23,297.25,297.83,298.78,297.86,298.46,297.28,296.08,296.61,296.88,297.33,297.8,297.25,297.21,297.75,296.18,295.65,296.53,297.03,297.36,297.91,298.73,296.63,295.41,296.63,297.18,297.8,297.58,297.48,297.08,296.65,295.88,295.21,294.88,295.21,296.05,297.11,297.53,297.25,296.46,295.75,293.86,292.83,293.88,294.91,295.53,296.38,297.98,298.13,297.61,296.91,296.68,295.73,295.48,296.86,297.58,296.78,296.71,297.28,297.43,296.75,296.75,297.0,297.06,297.28,297.13,297.15,296.5,296.66,296.58,297.0,297.35,297.53,298.06,299.11,298.5,298.23,298.05,297.2,297.41,297.21,298.11,297.43,297.11,297.55,298.15,298.38,298.08,298.16,298.5,298.38,298.21,298.21,298.73,298.66,298.56,297.71,297.93,297.33,297.91,297.96,298.86,298.75,298.46,298.68,297.86,298.16,299.16,299.08,299.66,299.5,299.08,298.78,298.88,299.25,298.36,298.38,298.96,299.23,298.98,299.0,298.81,298.18,298.48,298.58,298.95,299.16,299.21,299.4,299.43,299.28,299.71,299.71,300.0,299.58,299.21,298.11,298.05,298.48,298.5,299.03,299.36,299.78,299.36,298.23,299.18,299.03,299.15,299.3,298.75,299.18,299.08,298.68,299.46,299.53,299.38,299.55
300.73,300.36,300.11,299.85,299.8,300.16,300.05,300.13,300.3,300.58,299.23,298.96,299.3,299.38,299.13,299.08,299.61,299.88,299.16,298.73,298.56,298.73,299.28,299.36,299.73,299.31,299.9,299.83,300.23,299.96,299.63,300.03,299.61,299.36,299.58,299.38,299.5,300.38,300.21,300.03,300.38,300.75,300.28,300.43,300.53,300.38,300.93,299.75,300.16,299.71,300.13,300.18,299.91,300.08,299.11,298.71,299.75,299.81,300.15,301.23,301.08,301.18,300.75,300.61,300.33,300.36,300.5,299.96,300.93,300.23,300.43,300.58,300.58,300.36,299.46,299.98,300.3,300.3,300.11,300.41,299.75,299.63,299.48,299.05,299.36,299.28,298.93,299.43,299.81,299.23,299.43,299.3,299.15,299.38,298.61,299.73,299.15,299.43,299.73,299.41,299.48,299.46,299.0,298.93,298.11,298.08,299.38,298.93,298.86,298.78,299.13,298.43,297.13,297.63,297.61,298.63,298.78,299.16,298.48,298.63,298.9,299.91,298.18,298.28,298.23,298.16,297.6,297.75,298.25,298.15,298.33,298.56,297.63,296.18,296.68,297.43,296.48,296.48,296.8,297.65,296.75,296.41,297.36,298.75,298.68,297.85,298.03,298.15,298.43,298.23,298.91,298.63,299.41,298.65,298.43,297.88,297.86,297.58,298.38,298.18,298.55,298.21,298.46,297.61,297.96,298.13,298.48,299.38,299.18,298.38,298.0,297.48,297.88,298.11,297.33,296.86,297.33,297.3,298.71,299.23,298.0,297.55,296.91,296.05,296.88,297.38,297.75,297.28,297.83,297.75,297.46,298.68,297.78,297.4,297.96,298.21,296.98,296.93,295.86,295.68,297.46,297.13,297.48,297.41,296.65,295.78,297.23,296.93,296.68,296.83,297.61,297.43,297.18,296.9,296.83,296.96,297.36,295.73,295.38,295.56,296.58,297.68,296.5,295.78,296.46,296.38,296.66,296.78,296.23,296.06,296.18,296.43,295.93,295.71,295.61,295.38,296.41,298.33,297.68,297.16,297.71,297.38,297.43,297.78,296.36,296.91,296.33,296.71,296.98,298.0,297.18,297.66,297.46,297.83,296.83,297.48,297.66,297.58,297.53,298.08,298.75,298.06,298.03,297.8,296.53,296.81,296.68,297.25,297.8,298.23,297.81,298.81,299.33,299.36,299.23,299.46,298.48,297.25,297.65,298.16,299.18,299.36,298.33,297.4,297.23,297.25,297.43,297.78,297.75,296.86,296.41,297.68,298.03,298.18,298.93,298.88,298.08,298.18,298.53,298.13,297.78,297.8,296.66,296.36,295.53,295.33,296.05,296.38,296.63,297.4,297.48,298.0,297.73,297.53,298.15,298.55,298.25,297.5,297.1,297.75,298.38,298.38,297.75,298.38,298.93,298.73,297.75,297.73,298.88,299.18,298.46,298.38,298.41,298.53,297.9,298.71,299.0,299.46,299.06,299.15,299.78,299.25,299.61,299.73,299.78,298.71,298.88,299.36,299.93,298.73,298.88,299.13,299.03,299.33,298.86,297.93,297.6,298.0,298.38,298.55,298.96,299.23,299.43,299.8,298.88
298.33,298.43,298.73,297.11,297.0,297.41,297.0,298.16,298.93,299.23,298.9,298.36,298.61,298.38,298.3,298.61,298.98,298.9,298.43,298.93,298.78,299.23,298.93,298.88,298.3,299.18,299.33,299.13,298.86,298.83,299.11,298.28,299.23,299.11,298.88,297.61,298.73,299.36,299.18,298.95,299.25,299.41,299.5,299.38,299.58,300.11,300.55,299.58,298.56,299.21,299.53,299.21,298.93,299.93,300.08,300.21,299.71,299.58,299.0,299.08,299.58,300.75,300.83,300.33,300.85,300.68,299.61,299.8,299.63,299.68,299.73,299.96,299.56,299.3,298.75,299.16,298.91,299.18,298.98,299.85,300.53,300.11,299.5,299.36,299.61,300.28,300.03,300.38,300.3,300.46,300.38,300.33,300.48,299.78,299.3,299.88,299.3,299.86,300.25,300.16,299.48,299.18,298.5,298.78,298.63,298.83,298.61,298.5,298.18,298.08,298.41,298.21,298.66,297.58,297.75,298.23,299.0,299.21,299.23,299.25,299.96,299.78,300.08,299.38,299.8,300.16,299.55,298.53,297.71,297.88,297.08,297.36,297.61,297.18,296.91,297.71,298.68,298.63,298.96,298.75,298.55,298.63,298.48,297.68,297.91,297.65,298.46,298.0,296.85,297.11,297.55,297.13,297.68,297.06,297.11,297.61,298.66,298.93,299.23,299.06,298.28,298.18,298.58,298.25,298.03,297.98,297.56,297.15,296.78,297.05,297.05,296.9,296.98,296.46,296.75,297.88,297.16,297.73,298.03,297.25,296.48,296.21,296.15,297.36,297.46,297.28,297.58,296.83,294.98,293.41,293.98,294.86,294.25,294.96,295.53,295.88,295.96,295.66,295.58,295.83,295.61,295.38,295.36,294.65,294.0,295.05,293.31,293.43,293.88,294.18,295.28,296.63,297.05,296.88,295.45,295.41,294.8,294.55,296.38,296.8,295.93,295.53,295.18,295.75,295.18,296.11,296.46,295.68,295.61,295.91,296.08,295.13,294.96,295.43,295.53,295.61,296.13,297.0,296.83,295.28,294.58,294.91,294.75,294.78,294.03,294.66,295.56,296.86,296.83,297.11,296.48,294.91,294.28,294.18,295.5,296.48,296.66,296.75,296.68,296.68,296.63,297.43,296.83,294.81,294.88,294.73,295.21,295.53,296.55,295.98,296.31,294.88,294.53,294.53,294.33,294.18,295.56,295.13,295.25,294.05,294.18,295.28,295.8,295.5,296.25,296.8,296.58,296.28,295.91,295.91,296.75,297.06,297.4,296.71,296.75,297.18,297.25,297.58,296.88,297.05,297.48,297.86,298.23,297.83,298.13,297.91,298.35,298.83,298.48,298.78,299.33,299.0,299.13,299.3,299.61,298.83,299.08,297.43,297.06,297.55,296.71,298.08,298.33,298.18,298.68,298.88,299.21,298.88,299.05,299.5,300.16,300.4,299.55,298.98,299.61,299.43,299.8,299.73,298.78,298.48,298.53,299.43,299.25,299.5,299.16,299.75,299.63,300.28,298.63,299.18,299.06,299.15,298.73,299.06,300.18,299.85,300.05,299.46,300.23,301.08,300.65,300.61,301.03,300.41,300.23
300.53,300.68,300.68,300.58,300.33,299.53,300.08,299.63,299.23,299.28,299.73,300.15,300.23,299.43,300.13,300.25,299.78,299.73,298.86,299.15,298.93,299.56,298.41,299.21,299.83,300.91,300.93,301.21,300.41,300.28,300.55,300.28,300.68,300.68,300.63,300.98,300.96,300.33,300.86,300.65,300.65,300.71,301.5,301.46,301.78,300.8,301.11,300.8,300.25,300.38,299.83,300.55,300.65,300.5,300.43,300.83,299.78,301.05,301.21,301.18,301.41,301.21,301.23,300.96,301.41,301.25,300.83,300.13,300.0,299.53,299.78,300.36,300.13,300.0,299.98,299.91,299.25,299.85,300.0,299.98,300.18,301.06,301.03,302.3,301.46,300.85,299.21,299.23,299.21,298.93,299.08,299.48,299.83,300.18,298.78,299.36,299.55,298.96,298.53,298.93,298.93,299.16,299.28,300.05,300.38,299.8,299.65,299.68,300.11,299.55,299.71,301.03,299.58,299.0,298.06,297.43,296.98,297.68,297.61,297.33,297.41,298.25,297.98,298.46,298.85,298.3,298.48,298.3,298.41,298.75,298.68,298.21,297.41,297.3,296.86,296.21,296.65,296.83,296.9,297.53,298.58,298.05,297.96,298.31,297.08,296.28,296.93,297.46,297.36,297.46,296.61,296.46,297.36,298.93,297.5,296.13,293.78,293.41,293.86,294.36,295.7,297.13,297.48,296.88,295.23,294.38,295.31,295.71,295.08,295.11,296.21,297.13,297.0,295.81,295.23,296.36,296.46,296.25,296.73,297.18,296.38,296.73,297.43,296.3,295.56,295.53,296.0,296.13,296.03,296.46,294.71,295.58,296.18,295.61,296.18,295.68,295.5,295.78,295.73,295.43,295.16,295.58,294.98,296.08,295.83,296.25,296.3,296.21,296.43,296.68,295.83,295.23,294.36,293.71,293.58,295.38,296.48,296.61,296.3,296.23,296.5,296.53,295.86,295.75,295.83,296.91,297.03,297.0,296.16,296.78,296.85,296.05,295.0,295.78,295.88,295.93,296.63,296.96,295.48,294.48,293.68,293.71,294.11,295.05,295.28,295.48,293.71,292.91,293.06,293.93,294.91,295.21,296.3,295.43,295.96,294.8,295.16,296.08,296.83,296.88,297.11,295.98,296.78,297.43,297.55,295.4,294.8,295.71,296.63,296.71,297.15,296.73,296.58,296.68,296.46,295.61,294.96,294.15,294.6,295.8,297.11,297.43,297.83,297.05,297.11,297.33,297.61,297.0,296.13,296.05,296.73,296.71,297.11,296.91,297.11,297.68,297.71,297.41,297.41,297.41,297.75,297.83,297.78,297.3,297.71,297.78,297.18,296.93,297.5,298.23,298.36,297.93,298.71,298.88,298.11,297.93,298.25,298.73,299.31,299.06,298.8,298.61,298.03,297.5,298.05,298.03,298.21,298.16,298.81,298.93,299.05,299.5,299.4,299.61,299.43,299.93,300.13,300.06,299.65,299.5,298.91,299.08,298.96,298.53,298.78,298.53,299.03,299.68,299.75,298.78,298.03,297.83,298.4,298.61,299.1,299.13,298.98,298.98,299.81,300.38,300.25,299.61,298.93,299.0,299.81
299.3,299.8,299.53,299.16,298.13,298.13,298.36,298.43,299.28,299.46,299.56,299.78,299.5,299.43,299.98,300.31,299.43,299.73,299.46,299.31,299.71,299.43,298.36,298.91,298.96,299.38,299.25,300.23,300.23,300.33,300.68,301.16,301.08,300.3,300.28,299.73,299.48,299.23,299.48,299.65,299.98,300.48,300.43,300.71,300.8,300.23,299.8,299.68,299.75,300.0,300.58,300.68,300.68,300.48,300.58,301.03,301.18,300.33,301.11,300.73,300.53,300.33,300.93,300.98,300.96,301.08,300.78,300.33,300.31,300.36,299.86,300.33,300.8,301.05,301.41,301.3,300.43,300.18,299.68,301.13,300.86,300.78,300.43,300.73,300.16,300.33,300.05,299.66,299.78,299.71,300.58,300.21,300.53,300.43,300.46,300.88,300.91,300.75,300.36,300.88,300.78,300.28,300.25,300.25,299.73,299.66,298.11,299.23,299.9,298.96,299.13,299.28,299.63,298.68,298.96,300.11,300.03,299.93,299.81,298.5,298.25,298.93,298.3,298.03,298.18,298.55,298.21,298.63,298.68,298.03,297.96,297.93,298.25,297.78,297.21,296.73,297.71,297.18,297.75,297.78,297.38,297.35,298.33,298.68,298.53,298.71,298.05,298.11,297.85,298.0,297.56,298.11,297.86,296.93,296.08,296.23,296.78,297.06,297.55,296.91,295.08,296.11,297.38,297.73,297.63,297.0,297.38,298.46,298.61,298.65,298.58,297.8,297.55,297.93,297.65,298.5,298.06,297.78,297.48,297.5,297.45,296.9,297.5,297.73,296.93,296.68,296.28,297.25,297.28,297.38,297.88,297.9,298.71,298.08,297.86,298.71,298.53,296.61,295.13,295.4,297.43,297.93,297.0,297.31,297.75,298.5,297.21,297.08,297.38,297.58,297.48,297.36,297.03,297.46,298.13,298.1,297.88,297.86,297.33,296.56,297.23,297.43,297.66,297.66,297.68,297.48,297.41,296.33,296.23,296.13,296.21,296.21,296.13,295.91,296.55,296.0,295.61,295.21,295.21,295.03,295.18,295.25,295.11,295.75,295.53,296.56,297.28,297.0,297.63,297.43,297.48,296.98,296.91,297.08,296.65,296.71,297.11,297.16,297.4,297.25,297.25,297.31,297.91,297.65,298.23,297.5,297.75,297.21,297.16,297.28,296.8,297.88,297.83,297.53,298.28,297.55,297.8,297.41,297.55,296.55,297.33,298.05,297.58,297.66,297.25,298.23,297.93,298.28,298.5,298.68,298.25,297.8,296.96,296.98,297.58,297.96,298.33,298.25,298.28,298.31,297.93,298.63,298.36,298.66,299.0,299.06,298.91,299.66,299.53,299.55,298.73,298.33,298.86,298.98,299.0,299.48,299.21,299.23,299.15,298.91,298.5,298.68,298.41,299.16,299.88,299.55,299.38,299.63,299.48,299.08,299.41,299.38,298.88,298.88,298.03,298.21,298.13,299.36,299.5,300.08,299.96,299.48,300.36,299.88,299.46,299.15,299.21,299.08,298.73,298.91,299.41,300.16,300.1,299.75,300.53,300.33,300.0,300.86,300.53,300.86,300.95,300.83,301.21,300.53,300.53
300.4,300.25,300.5,300.93,300.75,301.4,300.55,298.91,300.43,300.11,300.46,299.96,299.55,300.41,300.53,300.08,300.5,299.68,299.88,300.88,300.43,299.56,300.48,299.58,299.68,299.23,300.46,300.8,300.05,300.71,300.68,300.18,300.91,299.78,300.46,300.08,300.43,300.28,300.41,300.48,300.78,300.46,300.65,300.08,299.73,299.48,299.83,300.28,300.58,299.03,299.63,300.98,300.75,300.61,300.78,300.71,300.61,300.83,300.46,300.0,299.05,299.98,299.96,299.78,300.4,301.5,301.21,301.16,301.03,300.96,300.86,300.33,300.05,300.7,300.11,300.3,299.93,299.63,299.46,299.0,300.23,301.4,300.55,300.21,300.68,300.73,300.66,300.71,301.03,300.75,300.5,300.36,300.48,301.28,301.61,300.86,300.96,300.25,300.38,300.41,300.55,300.4,300.25,300.11,300.08,300.48,299.36,299.5,299.08,300.21,300.11,300.05,300.05,300.05,299.08,298.78,298.61,298.13,299.0,299.4,298.96,299.11,298.38,298.5,298.28,297.38,296.13,295.8,297.43,298.73,298.96,298.0,298.33,298.75,299.43,299.53,299.8,299.11,298.58,298.05,297.96,298.35,298.41,298.11,297.15,296.68,297.03,297.33,297.68,298.08,297.8,298.46,298.06,297.03,297.46,297.3,296.58,296.91,296.73,296.63,297.38,298.25,298.63,298.43,297.68,298.08,298.18,298.11,296.98,298.05,299.13,298.86,298.46,297.75,297.18,297.43,297.43,297.93,298.05,298.28,298.18,298.5,297.86,298.0,298.23,298.05,297.78,296.88,296.58,296.28,296.81,297.55,297.18,296.91,296.93,297.58,298.16,298.33,298.46,298.23,297.71,297.66,298.03,298.71,296.53,296.3,294.8,294.16,294.75,295.58,297.68,298.5,297.93,297.58,296.21,296.11,296.25,297.08,295.98,294.53,295.05,295.33,295.3,296.66,295.9,295.55,295.18,294.96,293.68,293.68,294.88,295.25,296.68,297.53,297.3,297.13,297.08,296.58,296.03,296.58,297.21,297.36,297.48,296.91,297.56,297.33,296.75,297.0,297.16,297.43,297.03,297.46,297.93,298.11,297.65,297.48,297.85,297.61,297.73,296.9,296.78,296.96,297.13,297.33,297.08,297.23,297.9,298.11,297.11,296.8,296.8,296.86,297.8,296.98,296.83,297.0,296.93,296.88,296.75,296.55,295.71,295.23,297.08,297.86,296.93,296.66,296.73,298.21,298.38,297.33,297.25,297.03,296.83,296.86,297.41,297.98,298.43,298.83,298.83,298.88,298.53,298.48,298.83,298.23,298.6,298.88,298.63,298.56,298.25,297.98,296.78,298.48,298.5,298.58,298.36,298.83,298.5,298.66,298.16,298.83,299.13,298.08,298.65,299.16,299.36,299.23,298.86,298.78,298.86,299.18,299.48,300.18,299.58,299.75,299.98,299.28,299.21,299.41,299.43,299.33,299.43,299.38,299.8,300.08,300.13,299.93,300.68,300.43,300.93,300.53,300.46,300.53,300.43,300.0,299.88,300.15,299.73,299.88,300.41,300.41,300.41,300.96,301.08,300.85,300.43
300.72,300.62,300.05,299.72,299.45,299.82,300.3,299.97,299.37,299.77,299.85,300.02,300.7,300.62,300.57,300.2,300.82,300.45,300.62,300.95,300.82,300.14,299.47,300.2,300.47,300.99,300.74,300.37,300.2,299.6,299.35,300.27,299.77,300.24,300.37,300.92,301.05,300.47,300.64,300.15,299.89,299.97,300.07,300.82,300.25,300.3,299.87,300.1,300.77,301.12,301.02,300.32,300.42,300.14,300.22,300.6,299.87,299.92,299.97,301.12,301.04,300.22,300.67,299.87,300.7,301.32,301.25,301.05,300.75,300.42,299.82,300.89,299.17,299.7,299.67,299.87,299.92,300.4,299.92,300.1,299.95,300.07,300.02,300.37,300.15,300.05,300.25,300.5,300.12,300.49,299.87,300.27,299.57,300.0,299.57,299.7,299.95,300.35,300.12,299.95,299.45,300.25,299.99,299.47,299.85,299.77,301.32,300.24,299.27,299.37,299.77,299.67,298.25,298.95,298.97,299.95,299.85,298.87,299.2,299.22,298.8,298.4,298.67,298.35,300.14,299.92,299.27,299.85,298.97,298.52,298.37,298.12,298.57,298.6,298.97,298.42,298.22,297.67,296.07,296.55,296.57,296.2,296.92,298.55,298.57,298.12,298.99,298.07,297.45,296.97,296.55,297.67,298.47,297.92,296.82,295.77,295.7,296.8,296.77,296.45,297.3,297.15,297.62,298.05,297.72,295.87,294.5,296.27,297.4,297.22,295.3,294.97,295.6,295.57,296.17,296.27,296.57,295.5,295.15,295.05,296.4,297.6,297.05,296.55,296.32,296.67,296.17,296.87,297.15,296.87,296.25,296.7,295.77,295.67,295.27,296.52,294.67,293.32,293.82,294.9,295.07,295.02,295.07,296.07,295.17,295.35,294.89,294.62,294.89,295.47,296.1,296.42,298.05,296.32,295.32,294.07,294.95,297.17,296.82,295.95,295.42,295.55,296.17,296.9,297.1,296.9,297.64,297.2,296.49,294.2,295.2,296.2,295.77,295.39,294.2,293.35,294.64,295.27,295.45,296.22,295.57,295.7,295.05,294.0,293.05,294.27,295.15,296.52,297.22,296.95,297.67,297.27,295.6,294.57,296.32,296.15,295.17,295.97,295.2,295.07,295.99,295.97,295.0,294.67,294.57,294.52,296.6,294.77,294.35,294.42,295.15,295.65,296.72,296.5,296.32,296.15,295.95,296.37,296.6,295.37,295.92,296.92,297.85,299.69,298.8,297.67,296.82,296.47,295.52,295.35,295.25,296.87,297.37,298.15,299.02,298.05,298.35,298.12,298.45,298.6,298.39,299.49,299.02,299.47,298.47,297.07,296.7,297.22,298.05,298.52,298.87,298.37,297.32,297.2,297.0,297.24,298.95,299.37,299.62,299.47,299.72,299.3,299.52,298.6,298.92,298.77,298.02,298.05,298.1,298.4,298.49,298.49,298.47,298.5,298.37,298.42,298.99,299.07,298.87,297.9,298.92,298.65,298.2,298.8,299.42,299.57,299.5,298.95,299.02,298.27,299.12,299.62,299.3,298.67,299.32,299.1,298.7,299.2,299.1,299.64,299.57,298.95,299.55,300.22,300.17
300.17,300.85,300.45,299.49,300.22,300.47,302.07,301.55,300.35,299.35,299.95,299.42,299.72,299.24,299.45,299.87,299.47,299.87,299.7,299.92,299.72,300.32,300.3,298.99,299.57,299.2,299.15,298.57,299.02,299.72,299.47,298.87,299.02,299.55,299.12,299.45,299.2,298.62,299.35,300.27,300.17,299.8,299.62,298.7,298.82,299.0,299.15,298.85,299.37,299.3,299.74,299.54,300.05,299.85,299.57,299.85,299.87,299.5,299.2,299.89,300.97,301.07,300.02,299.82,299.72,300.52,300.3,299.22,299.37,300.0,300.22,300.25,300.35,300.82,300.89,300.85,300.3,300.05,300.15,300.67,300.3,300.85,300.52,300.27,300.6,300.42,299.52,299.67,299.77,300.57,299.17,299.82,299.1,298.8,299.3,299.7,299.87,299.6,299.42,299.47,299.77,299.37,299.02,299.67,300.12,299.17,299.17,299.67,299.67,300.22,299.47,299.77,298.65,299.14,299.77,299.49,299.07,299.27,299.3,298.89,298.64,298.55,298.67,298.44,298.4,297.9,298.6,299.12,299.2,298.72,299.05,298.57,299.47,299.2,298.55,297.47,297.5,297.49,298.35,297.99,298.5,298.57,298.74,298.89,298.62,298.42,298.92,298.5,298.42,296.64,297.42,297.02,297.55,296.82,298.05,297.7,298.27,298.14,298.27,298.1,298.62,298.87,298.65,299.15,298.64,298.1,297.24,296.62,297.3,298.74,297.97,297.42,296.64,296.12,296.15,296.6,297.42,297.49,297.15,296.97,297.32,297.24,297.45,297.05,297.2,296.97,295.87,296.45,295.7,295.85,294.77,294.8,296.0,296.2,296.29,296.42,297.45,296.47,296.25,295.52,294.85,294.05,294.72,294.12,294.6,295.62,296.57,296.55,296.4,296.05,295.52,295.25,295.7,296.7,296.52,296.39,296.35,296.82,297.39,297.02,296.6,296.7,296.9,297.45,297.67,296.89,296.6,296.92,296.67,297.42,297.62,297.82,297.25,296.67,295.67,295.5,295.27,295.22,295.74,296.3,296.57,296.7,296.49,296.42,297.32,297.55,296.47,295.7,296.22,296.22,296.27,295.37,296.32,295.99,296.7,296.15,296.27,296.42,296.92,297.65,297.02,296.5,296.24,296.02,296.65,296.6,296.77,296.77,296.9,296.85,297.52,297.57,297.92,297.42,297.3,297.82,298.22,297.72,298.22,298.07,298.2,296.4,296.5,297.2,297.14,297.67,297.92,298.85,299.1,299.17,298.72,298.37,298.17,297.37,297.82,298.17,298.0,298.32,298.2,297.52,297.37,297.3,298.35,298.97,298.92,298.1,298.77,299.37,299.47,299.02,299.27,299.1,299.12,299.1,299.3,299.1,299.15,299.6,299.65,299.42,299.27,299.92,300.07,300.8,299.92,300.02,300.49,300.75,300.2,301.1,300.72,300.72,300.35,301.05,301.25,300.85,301.5,300.52,300.47,300.55,301.02,301.52,300.87,300.95,300.85,300.22,299.99,299.7,300.24,299.74,301.0,301.27,301.62,301.35,301.22,301.4,300.62,299.72,300.25,299.92,300.85,301.1,300.72,299.97,300.67
300.12,299.8,300.05,299.87,300.65,301.15,300.47,301.05,301.17,300.97,300.85,300.75,300.49,300.35,300.17,300.37,300.35,300.97,300.55,299.67,299.9,300.77,299.67,298.82,299.24,298.82,299.87,299.87,300.0,300.05,300.2,300.6,300.57,300.72,300.7,299.87,299.42,299.07,299.37,300.62,300.47,300.82,300.27,300.5,300.79,300.57,300.02,299.9,299.77,299.27,299.75,300.05,299.77,299.97,300.37,300.35,299.62,299.74,300.7,301.07,300.55,300.22,300.05,299.55,299.8,300.87,300.8,301.1,301.05,301.2,301.12,300.7,300.62,300.35,300.15,300.45,300.52,299.87,300.02,299.67,300.22,299.47,300.45,300.75,300.77,300.85,300.37,300.5,300.62,300.17,300.3,300.1,300.17,300.2,300.37,300.97,300.3,300.87,300.64,300.45,300.37,301.12,300.8,301.02,300.97,301.3,300.55,300.02,300.37,300.35,301.07,300.3,300.39,300.6,300.92,300.57,300.35,300.65,300.25,300.1,300.12,300.65,300.62,300.74,300.52,300.62,299.47,299.1,298.74,299.07,298.57,298.17,298.4,298.82,298.62,298.67,298.77,298.05,298.42,298.4,298.92,298.47,297.92,298.15,297.57,296.57,296.9,297.25,297.1,298.12,297.9,297.92,298.25,297.17,298.77,298.85,298.55,297.8,296.99,297.52,297.42,296.85,296.97,297.5,297.97,298.52,298.37,298.6,298.39,297.22,298.15,297.97,297.1,296.8,297.2,296.89,297.52,297.75,297.42,297.27,297.2,296.25,295.87,296.97,297.14,297.37,297.37,297.64,297.32,296.97,297.12,296.85,297.07,297.12,297.95,297.9,298.14,298.52,297.92,298.1,297.82,298.27,297.87,297.72,297.47,296.12,298.22,299.12,298.4,298.8,296.45,295.65,295.92,296.72,298.0,298.04,297.17,297.67,297.77,297.7,296.37,296.35,296.67,296.02,295.82,295.97,297.42,297.35,298.27,297.74,297.62,296.6,296.55,296.94,297.0,296.95,296.62,297.67,297.24,296.32,297.02,297.4,297.47,297.45,297.4,297.99,297.97,298.07,298.12,297.95,298.2,298.55,297.55,297.35,298.2,298.45,297.7,297.92,298.02,297.57,297.75,298.62,298.72,298.45,297.62,297.35,297.85,297.85,297.52,297.89,297.82,296.15,296.57,296.25,296.87,297.62,298.32,298.62,298.5,298.3,298.45,298.97,297.7,297.45,297.75,296.85,297.7,298.2,298.2,297.92,297.42,298.07,298.12,297.92,297.64,297.92,297.57,297.3,298.12,297.37,298.17,297.57,297.92,298.49,298.12,298.35,298.64,298.62,298.42,298.37,298.89,299.0,298.27,298.67,298.44,299.22,298.7,299.62,299.12,299.67,299.87,299.62,299.64,299.65,298.77,299.5,298.72,298.2,299.77,299.62,299.27,299.32,299.27,298.8,298.62,299.3,299.12,299.62,299.22,300.05,299.89,299.47,299.49,299.2,300.75,300.27,299.57,300.42,300.1,300.27,300.55,300.57,300.37,300.6,299.69,300.32,300.3,299.97,299.02,298.95,299.25,299.62,300.5,299.42,300.17
299.74,299.95,300.17,299.95,300.15,300.8,300.62,300.17,300.62,300.17,300.77,300.5,301.57,300.8,300.7,300.62,300.7,300.82,300.97,300.82,301.2,300.75,300.35,301.47,302.22,301.42,300.25,300.67,300.9,300.97,300.95,300.97,300.77,300.64,301.2,301.27,301.0,300.97,300.72,299.47,300.4,300.55,300.97,301.75,301.27,301.4,301.47,301.25,301.55,301.35,301.05,302.45,301.07,300.87,301.2,301.45,300.12,301.12,300.77,300.39,300.39,300.62,300.77,300.22,299.47,300.17,300.3,300.12,300.1,300.32,300.3,300.77,301.42,300.99,300.5,300.35,300.12,300.72,300.75,300.45,300.85,300.72,300.87,300.57,300.2,300.4,300.95,300.05,300.62,300.55,300.02,300.15,300.1,299.32,299.82,300.37,300.07,300.62,299.72,298.9,299.17,299.85,300.07,300.39,300.52,300.57,299.5,299.42,300.3,300.35,300.55,300.74,300.57,300.6,301.0,299.52,299.35,299.39,299.35,299.77,299.99,299.92,299.39,298.74,298.49,298.75,298.92,299.07,298.49,299.02,299.35,299.72,300.02,299.77,298.52,298.97,299.2,299.0,299.4,298.99,299.52,299.42,299.82,299.5,298.52,298.22,297.8,297.7,296.2,295.9,297.07,298.32,298.82,298.9,299.37,298.15,298.32,298.62,298.17,297.55,296.42,297.82,299.4,298.67,296.62,297.15,297.85,298.27,299.42,298.45,298.35,298.77,298.22,298.55,298.17,297.6,298.5,298.27,298.65,297.22,296.05,296.17,296.72,297.72,297.87,298.39,298.25,298.42,297.47,297.49,296.37,295.85,296.55,297.37,297.35,299.17,298.44,297.57,298.2,298.72,298.35,297.62,297.02,297.27,297.25,295.89,295.77,295.72,296.12,297.57,297.74,296.92,295.99,296.45,296.64,297.9,296.47,296.47,296.39,296.67,296.47,296.24,296.35,296.72,295.92,295.82,296.1,296.1,296.6,297.95,297.32,296.87,297.3,298.12,298.14,297.49,297.6,297.8,297.49,297.27,297.45,299.2,298.27,297.47,297.9,297.42,298.05,297.62,298.02,297.87,297.87,297.72,298.0,297.42,298.1,298.07,298.35,298.22,297.6,297.9,298.97,297.89,296.14,296.82,297.45,296.95,297.35,297.8,297.62,296.67,297.25,296.9,296.54,297.07,297.5,297.82,297.75,297.57,297.85,297.27,297.72,297.85,298.27,298.1,298.82,297.82,297.39,296.95,296.89,297.22,297.5,297.85,297.72,297.1,297.12,297.62,296.45,296.95,297.0,297.47,297.62,298.07,297.8,297.75,298.57,298.72,299.35,298.87,298.62,298.4,298.52,299.42,299.27,298.89,297.85,298.35,298.77,298.64,298.55,298.5,298.22,298.05,298.17,298.6,298.77,298.87,299.89,299.99,300.05,299.95,299.92,299.99,299.99,299.67,299.7,299.65,299.35,300.07,300.17,300.37,300.14,300.05,300.32,300.2,300.19,300.47,298.9,298.15,296.89,298.22,298.9,299.47,299.35,299.67,299.22,298.67,298.74,299.3,299.1,299.57,299.95,299.95,299.7,299.87,300.12
299.35,299.55,299.92,300.3,300.95,300.97,300.2,300.37,300.02,300.17,300.1,300.57,300.3,301.15,301.72,301.0,300.9,300.62,300.87,300.32,300.4,300.24,299.95,300.95,300.25,300.47,301.2,301.05,301.07,301.2,301.27,301.67,300.74,300.7,300.07,300.55,300.17,301.22,302.02,301.8,301.27,301.1,300.85,300.97,301.07,300.82,301.24,301.15,300.45,300.97,300.67,300.24,299.89,300.24,300.22,300.72,300.37,300.32,300.39,302.24,300.65,299.35,300.14,299.6,299.75,300.2,300.14,299.95,300.07,299.6,300.39,300.72,300.99,300.12,300.37,300.22,299.92,299.42,299.25,299.9,299.62,299.95,300.57,300.67,300.52,300.65,299.57,299.95,300.2,300.17,299.87,300.52,299.87,300.07,300.12,300.45,301.05,300.7,300.8,300.05,300.2,300.42,300.2,299.92,300.25,300.24,300.2,300.6,301.07,299.89,299.87,299.72,299.77,299.57,298.95,298.87,298.7,298.7,298.62,299.5,299.55,299.47,300.3,299.8,300.77,301.05,300.32,300.42,300.92,300.95,299.89,300.24,299.27,298.95,298.95,296.95,297.67,297.57,297.52,297.72,298.37,299.47,299.67,299.3,299.7,298.77,299.3,298.87,298.87,299.8,299.97,298.75,298.35,297.72,298.07,298.52,297.8,297.27,296.7,296.07,296.8,297.25,298.52,297.74,297.85,298.1,297.77,297.89,297.32,296.57,297.15,296.22,297.1,298.6,298.82,297.32,297.85,297.45,297.02,297.12,298.2,299.5,297.52,297.52,298.35,298.92,297.5,298.05,297.97,297.39,297.97,298.42,296.3,295.82,295.5,296.99,296.7,296.82,297.37,297.02,298.17,298.22,297.92,297.62,296.57,294.72,293.82,294.55,295.22,295.85,297.14,297.27,297.07,297.64,298.24,297.12,296.99,297.32,297.27,297.35,296.74,297.32,295.64,295.2,295.8,296.6,297.07,298.32,295.35,295.49,295.64,295.75,296.07,296.15,295.87,296.27,296.92,297.72,297.57,297.37,297.65,298.17,298.57,297.45,296.55,295.82,295.65,294.85,295.07,296.87,297.39,297.07,297.42,296.9,296.17,296.75,296.47,297.12,297.12,296.42,296.92,296.87,297.14,297.55,298.15,297.77,297.35,296.65,297.12,296.55,296.67,296.95,297.15,297.4,296.92,296.85,297.67,297.82,297.37,296.52,297.3,297.85,297.95,298.47,297.72,297.07,296.7,296.99,298.02,298.64,298.4,298.15,298.2,299.39,298.39,297.92,296.7,297.22,297.2,297.52,297.52,297.42,298.35,298.37,298.77,299.02,298.57,298.85,299.1,299.14,298.9,299.04,297.97,298.6,298.45,298.2,298.82,299.4,298.52,298.55,299.27,299.52,299.25,298.62,298.49,298.67,299.3,298.92,298.35,298.6,298.65,298.42,298.95,298.95,298.97,298.45,298.02,298.17,299.12,298.2,298.39,298.65,298.64,298.72,300.1,299.7,299.55,299.2,298.5,299.02,299.12,299.17,299.5,299.57,300.35,300.37,300.12,299.72,300.27,300.25,299.35,300.4,300.3,299.72,299.35
298.97,300.1,300.2,300.63,300.5,300.43,300.3,299.75,299.32,300.78,300.65,301.18,300.9,301.12,300.25,300.72,301.0,300.8,300.75,300.3,300.72,301.15,301.18,301.8,301.68,301.07,301.25,300.78,301.22,301.28,300.35,300.05,299.88,300.32,301.15,300.97,301.05,300.72,301.4,301.4,301.18,301.68,301.55,301.85,301.72,301.72,301.37,300.35,301.38,302.35,301.78,301.25,300.83,301.38,301.55,301.33,300.77,300.57,299.88,300.27,300.15,300.47,300.9,301.25,300.9,301.22,301.22,300.85,300.78,300.8,301.0,301.05,300.55,300.9,301.22,300.37,299.85,299.6,300.82,299.97,299.7,300.6,300.77,300.27,300.35,300.25,300.45,300.97,300.97,300.63,300.95,301.28,301.07,301.45,300.9,301.3,300.93,301.6,301.15,300.85,301.05,300.3,300.7,299.95,299.37,300.05,299.7,299.6,299.82,299.85,299.93,298.63,299.4,299.52,300.43,299.55,300.03,299.85,300.15,299.62,300.62,300.35,300.2,299.72,299.28,299.37,299.7,300.02,300.05,300.13,300.1,300.27,299.97,299.87,299.43,299.7,299.45,298.85,298.6,298.5,299.23,299.75,299.15,299.5,297.97,299.22,299.05,298.95,299.03,298.68,299.07,299.7,299.28,297.83,297.18,297.1,297.83,297.0,296.8,297.45,298.28,297.8,298.18,297.95,298.32,298.33,298.7,298.23,297.52,298.6,298.68,298.63,298.43,297.53,297.53,297.0,297.6,298.75,299.47,299.12,299.53,298.52,298.13,297.1,297.87,298.55,298.65,298.8,298.55,297.43,297.38,298.85,297.97,296.5,297.72,297.38,297.62,297.5,296.45,296.22,296.95,297.6,297.82,297.98,298.28,298.15,299.0,297.37,296.6,296.45,295.27,294.57,295.3,295.85,295.72,295.18,296.4,298.28,297.67,297.38,297.47,296.47,296.47,296.0,296.17,297.7,297.75,298.38,296.0,295.82,296.0,295.55,295.32,295.22,294.7,295.05,295.78,297.8,298.27,297.22,296.27,296.85,297.72,298.57,298.27,297.85,297.18,296.53,296.75,296.82,297.55,298.2,298.43,298.02,298.47,297.8,297.03,296.97,297.47,296.62,296.35,297.7,297.43,297.07,298.07,298.05,297.95,298.08,296.35,295.35,296.13,297.08,297.62,297.8,298.0,297.47,297.45,297.38,297.65,297.18,294.53,295.15,295.57,295.72,296.05,296.4,297.85,297.32,296.93,297.4,298.25,297.27,297.72,297.72,298.6,298.85,298.18,298.2,297.6,297.72,298.35,299.2,298.72,298.43,298.22,298.45,298.68,298.0,298.35,298.32,298.45,298.32,298.65,298.15,298.05,298.43,298.22,298.55,297.55,297.27,298.4,298.8,299.38,298.65,298.63,296.87,297.0,298.52,298.7,298.88,298.28,297.75,298.6,298.28,298.4,299.07,299.97,299.32,298.7,299.05,298.97,299.65,298.55,298.47,299.23,298.63,298.93,298.75,299.25,299.32,298.93,299.52,299.45,299.62,298.6,299.38,299.72,299.75,299.47,299.65,299.6,300.27,299.78,300.52,300.62
300.13,299.87,299.5,299.95,300.2,300.53,300.37,300.58,300.5,301.43,301.4,301.6,301.13,300.32,301.58,301.62,300.45,300.7,300.55,300.55,300.47,300.63,300.88,301.05,300.97,300.5,300.07,300.07,300.22,299.68,299.85,299.8,299.85,299.43,300.15,299.68,299.55,300.0,299.37,299.77,299.62,299.68,299.55,299.82,299.75,299.88,299.62,299.65,300.7,300.4,300.8,301.05,299.97,300.27,300.25,301.17,301.08,301.07,300.93,301.25,301.1,301.08,300.63,301.0,300.68,301.07,300.18,300.95,301.12,301.65,302.05,301.18,299.97,300.35,300.3,300.48,300.45,300.55,300.22,299.85,299.45,300.15,299.4,299.72,300.9,300.3,300.68,299.9,299.93,300.65,300.63,301.05,300.15,299.93,300.68,300.87,300.93,301.47,301.07,300.65,300.05,300.07,299.7,300.25,300.45,300.4,299.88,300.22,299.95,299.55,300.1,299.97,300.4,300.97,300.55,300.12,299.52,299.2,299.18,299.15,298.65,299.05,299.93,300.07,300.28,300.65,300.52,299.85,300.4,300.3,300.77,300.47,299.95,299.6,299.9,299.65,299.43,299.72,299.57,299.0,298.5,298.72,299.05,299.13,298.87,298.8,298.37,298.92,298.95,298.65,297.15,297.1,297.5,297.63,298.05,297.2,297.6,297.5,297.65,298.43,299.05,298.07,297.15,296.3,296.12,296.65,297.78,298.07,298.68,299.03,298.3,297.28,295.5,295.37,295.63,295.65,296.6,296.62,297.13,296.72,296.43,296.9,296.95,297.6,298.22,298.6,297.55,295.93,295.38,295.65,297.5,298.28,297.3,295.15,295.3,296.45,296.5,296.78,297.5,297.53,297.35,297.07,296.72,295.65,295.6,294.9,295.22,295.6,296.57,296.22,297.05,297.68,298.0,297.3,297.28,296.08,295.08,295.18,295.15,295.9,297.4,296.9,295.98,296.93,296.03,295.4,295.16,294.78,295.63,296.41,297.35,297.33,296.68,295.9,296.23,295.03,294.35,294.38,294.41,294.46,296.0,295.4,294.9,294.33,295.9,296.73,297.3,297.08,295.73,295.6,295.6,296.85,296.96,297.0,296.65,296.38,298.03,298.1,298.18,297.65,297.41,298.18,298.03,297.88,298.06,296.88,296.43,295.65,296.05,296.85,296.93,296.88,296.98,296.9,296.53,296.58,296.96,298.46,297.55,295.73,295.58,296.81,297.25,297.23,297.53,298.38,298.45,296.96,296.98,297.78,297.98,298.63,299.58,298.43,297.21,298.35,297.93,296.6,296.58,296.5,298.08,298.03,297.65,297.1,298.68,299.05,298.9,299.46,298.6,297.71,298.08,297.8,297.83,298.18,298.25,298.73,298.15,298.93,297.85,296.85,295.98,297.0,298.0,297.08,297.75,297.71,298.08,298.53,298.88,299.23,299.93,299.75,298.9,298.96,299.9,298.91,299.28,298.55,299.33,298.65,299.6,299.58,299.78,299.5,299.4,299.6,299.73,298.93,299.16,300.05,300.48,299.75,299.71,300.15,299.78,300.13,299.13,299.33,299.8,300.1,299.93,299.93,299.53,299.65,299.85
300.45,299.68,299.68,299.3,298.9,298.65,299.55,299.9,300.4,299.48,299.25,299.18,299.2,299.43,299.68,299.43,298.88,297.83,298.83,299.63,299.65,300.0,300.1,299.78,299.25,300.35,300.33,300.18,301.21,300.55,299.68,299.98,300.5,301.13,301.05,301.93,300.98,300.63,300.46,301.13,300.75,300.1,300.13,300.88,301.13,301.35,301.48,301.35,300.46,300.6,300.21,300.05,300.35,301.21,301.2,300.21,300.25,300.63,300.85,301.68,300.78,300.8,300.85,300.43,299.23,299.43,299.8,299.93,300.91,300.6,300.85,300.25,300.78,300.13,301.08,301.1,300.68,301.28,300.88,300.71,301.48,301.53,300.93,301.85,301.6,300.78,300.3,300.85,300.68,300.18,299.68,300.63,300.35,299.43,299.68,300.6,300.98,301.0,299.65,300.46,299.78,300.23,300.4,300.23,300.21,299.98,299.15,298.46,298.9,299.03,298.85,298.8,298.85,299.1,299.05,299.1,299.33,298.98,298.9,299.35,299.58,298.98,299.16,298.8,298.55,299.05,298.35,299.15,299.18,298.88,298.53,298.7,299.05,299.35,299.96,298.93,299.03,298.56,298.63,298.88,298.65,298.48,299.3,298.68,297.96,298.68,299.63,299.9,299.43,299.05,297.58,297.65,297.96,299.1,299.18,299.8,299.35,298.5,298.33,297.88,298.28,298.6,299.3,298.5,297.25,296.88,298.03,298.23,298.98,299.18,298.66,297.58,298.58,297.7,298.25,298.7,298.35,298.18,299.16,300.28,297.71,296.98,296.18,296.78,296.33,295.83,296.5,296.58,298.18,298.25,298.5,297.58,296.68,296.9,297.48,296.75,297.18,297.93,297.53,297.83,297.85,298.43,298.63,298.41,298.46,296.46,296.03,295.8,296.65,297.8,297.88,298.48,298.9,296.88,296.12,296.15,296.78,298.22,297.5,296.82,297.43,298.43,298.38,298.82,298.72,296.05,296.78,297.82,296.82,297.15,296.75,298.97,298.35,296.38,297.25,298.28,297.93,296.62,296.37,297.6,298.0,295.6,295.1,294.32,295.25,297.47,297.33,297.3,297.22,297.1,296.65,295.6,296.18,295.25,295.7,295.9,297.53,297.8,299.1,298.65,297.28,296.55,295.82,295.85,295.8,296.87,297.75,298.47,297.15,296.37,296.4,296.93,295.9,296.82,297.43,297.47,297.8,298.0,297.2,296.87,297.5,297.97,298.7,297.65,297.55,297.47,297.13,297.57,297.7,298.62,299.35,298.93,299.2,297.97,297.35,298.07,298.4,298.18,298.22,298.55,298.02,297.55,297.88,298.8,298.12,298.8,298.6,298.22,298.0,297.18,297.47,297.8,297.63,298.07,298.32,298.93,298.93,298.93,298.95,298.88,299.12,298.68,298.95,298.45,297.57,297.25,298.3,299.12,299.4,298.93,298.78,298.52,298.32,298.2,298.22,297.35,298.62,299.3,299.47,299.18,299.28,300.37,299.25,299.32,299.57,300.25,300.15,299.6,300.38,299.72,299.88,299.82,299.53,300.32,300.5,300.78,300.43,300.52,300.9,300.97,300.8,300.38,300.57,300.32,300.32
300.5,300.25,300.18,300.43,299.6,300.7,300.53,300.6,300.35,301.1,300.63,300.95,301.5,301.07,301.15,300.7,300.12,299.75,300.2,300.53,300.67,300.07,300.77,300.75,300.52,301.2,301.05,300.22,300.97,301.65,300.6,300.7,300.65,300.88,301.25,300.52,301.18,301.52,300.97,301.05,301.2,301.07,301.42,300.8,300.5,300.95,300.5,299.7,300.77,300.9,300.33,299.82,299.85,300.0,300.12,300.37,300.45,300.32,300.03,300.65,300.5,300.0,300.05,299.97,299.95,300.43,300.18,300.55,300.53,300.85,301.15,300.43,300.03,300.22,300.18,300.68,301.05,301.3,300.95,300.88,300.8,301.15,300.4,301.25,301.22,300.45,300.55,300.48,300.87,301.0,301.72,300.8,300.72,301.65,300.78,300.3,300.13,300.18,300.77,300.83,300.8,301.13,300.97,300.82,300.32,300.7,300.55,302.22,301.57,300.35,299.78,299.08,298.96,298.85,298.96,298.41,297.96,298.21,298.75,299.53,300.16,299.8,299.65,299.18,298.95,299.68,299.63,299.53,298.81,299.35,297.63,297.4,297.53,298.03,297.31,298.4,297.55,297.96,298.13,298.13,298.08,298.33,298.53,298.46,299.1,298.96,299.73,299.28,299.33,298.68,298.21,298.0,298.05,297.71,297.48,297.83,297.56,298.08,298.68,298.88,298.83,299.4,298.85,297.65,296.98,296.66,295.85,296.1,297.3,297.88,297.78,298.1,298.38,298.1,297.8,297.18,296.88,296.63,296.73,296.38,295.85,295.33,294.78,293.85,294.33,295.08,296.28,296.35,296.78,296.13,296.1,297.58,297.75,296.68,296.8,297.18,297.48,298.06,297.15,297.0,296.93,296.46,296.75,296.55,297.15,296.23,296.75,296.08,296.03,296.5,296.08,295.5,295.55,296.18,295.83,294.4,294.28,295.28,296.48,296.23,295.5,295.38,296.43,296.18,296.13,296.91,297.18,297.03,296.65,297.21,297.1,296.38,295.95,295.18,295.58,296.58,296.16,296.08,296.9,296.33,296.1,294.73,295.78,296.08,296.18,296.41,296.0,296.43,295.63,295.73,297.35,298.16,297.8,297.53,297.18,297.75,297.55,298.3,296.88,297.65,297.75,297.78,297.73,298.05,297.95,297.5,296.71,297.71,298.3,297.95,298.28,297.83,296.48,295.75,296.43,297.65,296.93,297.23,298.33,298.1,298.5,298.5,298.23,297.2,297.58,297.88,298.33,297.96,297.46,298.06,299.18,298.28,299.23,299.08,299.35,299.78,299.06,299.38,299.48,299.43,299.05,299.46,298.9,298.6,298.53,298.83,299.0,298.88,298.73,299.13,298.15,299.05,299.33,299.75,299.21,299.13,299.48,298.78,298.65,298.71,300.13,300.71,299.08,298.63,299.75,298.8,299.3,299.43,299.71,299.9,299.75,299.63,299.7,299.58,299.05,299.05,298.43,299.78,300.16,299.83,299.98,299.13,299.13,299.43,299.95,299.48,299.53,299.38,299.3,299.66,299.71,299.9,300.48,300.68,300.78,300.48,300.48,300.48,300.18,299.98,299.98,300.08,300.03,300.13,299.46
298.88,299.82,299.93,299.43,299.6,300.38,300.53,300.1,299.41,299.3,300.25,300.0,299.68,299.93,300.4,300.28,300.28,300.68,300.43,299.6,300.38,300.73,301.23,301.18,300.5,300.5,300.28,301.7,301.3,300.68,300.05,301.5,300.71,301.21,301.18,301.08,300.55,300.45,300.28,300.38,300.85,300.75,300.28,300.18,300.1,300.63,300.18,299.85,299.28,299.43,299.75,300.53,300.1,301.23,301.41,301.46,300.85,300.73,300.75,300.98,300.63,301.18,300.43,300.53,300.83,300.71,301.05,301.0,300.58,300.83,301.16,301.1,301.23,300.75,300.68,301.5,302.05,300.88,300.9,300.96,300.73,301.25,301.3,301.08,301.1,301.68,301.08,301.15,300.83,300.68,300.98,300.63,301.08,301.68,301.18,301.15,301.15,301.63,302.05,300.78,300.5,300.63,300.03,300.55,299.05,299.38,300.68,299.5,298.46,300.5,300.66,300.33,299.85,300.8,300.25,300.53,300.56,301.23,300.18,300.71,300.88,300.53,300.71,300.6,300.28,300.03,299.85,299.78,300.08,300.23,300.7,300.18,300.25,299.98,299.73,299.0,299.15,299.03,298.9,299.28,298.83,298.5,299.28,299.33,298.18,298.53,298.9,298.83,298.18,298.98,300.18,299.23,298.98,298.33,297.78,298.23,298.83,298.95,299.05,298.5,298.5,298.43,298.68,298.48,298.03,298.33,299.0,299.55,298.41,297.83,296.06,296.0,298.03,298.4,296.58,295.15,296.03,297.83,298.4,296.78,296.08,296.41,296.71,296.43,297.35,299.03,297.65,296.6,296.08,295.93,296.63,295.95,296.21,296.28,296.68,295.6,295.1,295.23,295.28,295.71,296.41,297.1,296.0,295.65,295.56,295.16,295.83,295.85,296.21,295.46,295.55,295.23,295.46,296.6,296.5,296.78,297.33,297.58,297.68,298.71,296.78,296.5,297.18,296.9,297.21,297.71,298.0,298.16,296.28,294.58,294.78,296.68,297.66,297.38,297.41,296.48,296.53,297.03,297.35,297.18,296.46,296.33,295.05,295.28,296.03,296.98,297.03,296.93,297.28,297.78,297.73,297.8,298.21,298.18,297.48,298.28,298.43,298.21,296.23,296.93,298.03,298.38,296.75,296.43,296.53,297.58,297.25,296.63,297.05,297.43,297.46,297.38,297.8,297.98,297.78,297.38,297.5,296.91,296.45,296.96,297.48,297.8,298.58,297.33,295.78,296.96,297.43,297.98,298.0,297.8,296.0,296.21,296.6,297.23,297.1,297.83,297.96,298.33,298.98,298.13,298.23,298.25,298.23,297.96,297.6,297.75,297.58,296.98,296.98,297.58,297.46,298.16,298.35,298.18,298.28,298.98,298.33,298.46,298.43,298.31,298.1,298.4,298.6,298.58,298.21,298.35,299.31,299.16,299.33,299.35,299.3,299.23,299.43,299.3,299.55,299.21,299.0,299.6,298.83,299.6,299.38,299.23,298.9,298.55,297.5,297.03,298.83,298.75,298.63,298.43,298.56,299.35,300.08,300.03,299.43,299.93,299.68,299.08,298.98,298.88,299.0,299.1,299.13,299.23,299.75
300.21,300.41,300.08,299.96,300.46,300.46,300.1,300.23,300.08,299.68,299.46,299.88,300.35,300.28,300.08,299.78,299.56,299.68,299.35,299.66,299.18,299.25,298.8,299.18,299.43,299.88,300.0,300.58,300.33,299.83,299.88,300.03,300.35,300.96,301.03,300.85,300.65,300.53,301.03,300.75,300.28,299.75,300.58,300.93,300.66,300.66,300.16,300.15,300.18,300.08,300.58,300.03,300.46,299.55,299.63,300.28,299.86,299.78,299.75,299.63,299.95,300.88,300.58,299.73,300.55,300.33,300.93,300.68,299.71,300.25,301.35,300.16,299.93,300.23,300.18,300.0,300.13,299.58,299.58,299.9,300.28,300.85,300.98,301.55,301.63,300.83,300.13,300.0,299.9,299.46,298.78,299.25,299.66,299.88,299.68,299.68,300.53,300.38,300.35,299.88,300.31,300.03,299.96,299.88,300.53,300.4,300.71,300.48,299.8,299.33,299.28,299.6,300.46,300.13,300.58,300.0,300.28,300.56,300.56,300.85,300.83,300.25,300.13,299.9,299.43,298.78,299.08,298.58,298.65,299.23,299.63,300.1,298.88,298.63,299.78,299.0,298.85,298.6,297.55,297.83,298.68,297.68,298.03,298.88,298.65,297.9,297.58,297.78,297.98,298.1,298.05,298.3,299.5,298.96,298.78,298.98,299.21,298.85,299.33,298.3,297.68,297.8,298.5,297.46,298.58,298.23,298.08,298.88,299.4,298.85,299.46,299.9,299.68,299.43,299.23,299.73,298.83,298.45,297.1,297.06,297.65,297.31,297.95,298.23,297.43,297.23,296.33,295.83,295.93,296.75,298.83,299.08,298.4,296.9,298.03,298.43,298.41,297.93,298.0,297.43,297.65,298.46,298.21,298.58,298.58,297.88,297.63,297.98,297.65,298.21,298.93,299.15,297.3,296.5,296.28,296.75,297.43,297.68,298.38,297.08,296.63,296.58,297.18,297.9,297.05,297.48,297.75,298.18,298.41,298.66,297.98,297.6,297.13,297.08,297.6,298.08,298.43,299.25,299.98,298.35,297.8,297.8,297.98,296.63,297.1,297.25,297.96,297.93,298.45,298.53,298.85,299.28,298.71,298.43,298.6,298.4,298.68,298.83,299.21,299.55,299.68,299.18,299.28,299.15,299.38,299.78,299.8,299.6,298.71,298.18,297.65,297.65,297.48,298.03,298.23,298.58,298.5,298.93,298.9,299.13,299.21,299.28,299.78,299.55,299.8,298.93,299.25,299.63,299.83,300.0,300.18,299.68,299.83,298.23,299.38,299.18,300.28,299.46,299.83,299.4,299.05,298.8,298.78,299.21,300.43,299.45,298.91,299.41,299.66,299.53,299.4,299.48,299.46,299.33,299.33,300.18,300.38,298.8,299.53,299.9,299.46,298.98,298.35,299.18,298.8,299.38,300.83,300.23,300.38,299.48,300.25,299.73,299.48,299.48,299.55,298.55,298.78,300.28,300.43,300.35,299.35,299.38,299.68,299.71,299.38,299.33,299.23,299.15,299.58,299.6,299.28,300.25,300.35,300.4,300.28,300.38,299.9,300.23,300.43,299.93,299.66,299.3,299.6,299.98,300.9
301.07,301.15,300.9,300.98,300.65,299.8,299.07,299.2,299.18,299.6,299.1,299.23,299.62,300.5,300.45,299.5,299.65,301.68,301.01,301.28,300.72,299.83,299.5,300.03,300.02,299.25,300.58,302.0,302.55,300.5,299.6,300.3,301.2,300.48,300.63,300.88,300.53,300.4,300.88,300.83,300.53,300.38,300.9,300.33,300.5,300.21,301.07,300.77,300.65,301.1,300.95,300.85,300.63,300.65,301.15,301.0,300.95,300.27,300.2,300.5,300.6,300.35,300.43,300.07,300.03,300.4,300.55,300.31,300.78,300.96,300.5,300.35,299.8,300.97,301.38,300.77,299.13,299.75,300.88,300.55,300.43,300.18,299.88,300.85,301.3,301.23,300.55,299.71,299.45,300.2,300.1,300.2,300.0,300.18,300.48,300.88,301.18,301.0,300.13,299.98,299.6,299.15,299.33,298.97,299.46,299.96,299.93,300.68,300.68,300.57,300.46,300.06,300.48,300.83,301.05,300.95,300.43,299.38,299.93,299.33,299.55,298.53,299.08,300.53,300.65,299.98,300.35,299.55,299.58,299.0,299.05,299.23,299.15,299.12,299.23,298.32,297.93,298.26,299.4,299.55,299.47,298.78,299.03,298.8,298.18,297.95,298.8,298.22,296.87,297.4,298.4,297.6,298.58,298.48,298.28,298.48,298.25,298.98,297.95,297.82,296.97,297.78,299.35,299.23,299.58,299.0,299.7,298.43,298.25,297.52,297.4,298.15,298.4,298.85,298.48,298.91,298.75,298.48,298.23,298.18,297.25,297.7,297.25,297.95,299.45,298.97,297.58,296.75,296.07,295.38,295.83,295.85,296.65,296.97,296.97,296.0,296.55,296.65,297.57,297.03,297.03,297.08,296.88,296.05,296.4,297.73,299.05,298.35,298.31,299.1,298.8,298.18,298.28,298.27,298.53,298.28,298.65,297.87,297.98,297.07,297.08,297.35,297.02,297.73,298.13,297.57,297.58,298.63,298.63,298.01,298.1,297.8,297.18,297.3,297.53,298.41,298.32,298.4,297.37,297.15,297.22,297.05,297.4,298.3,298.25,298.07,297.1,298.47,298.21,298.28,298.63,298.83,298.53,298.35,298.73,298.91,297.96,297.18,296.9,297.3,298.18,298.3,297.98,297.5,296.85,297.5,297.15,297.68,297.21,297.58,296.9,296.96,298.31,297.23,296.46,296.05,296.73,296.23,297.0,298.0,298.45,298.71,298.03,298.55,297.6,297.48,297.53,298.38,299.13,299.33,298.5,299.46,298.08,298.5,298.23,298.08,298.75,299.08,299.4,299.48,299.1,298.88,299.3,299.4,299.13,299.4,298.83,299.71,299.68,300.05,300.23,298.75,298.9,298.78,299.8,299.88,299.83,299.6,299.55,298.98,298.73,298.93,299.08,299.25,299.65,298.68,298.7,299.45,298.93,300.0,300.15,300.4,299.55,299.43,299.55,299.75,300.88,299.78,299.28,299.03,298.93,299.38,300.3,300.58,299.98,300.9,300.48,300.28,300.25,300.15,301.21,300.35,299.96,300.08,300.53,300.18,300.68,300.98,300.08,300.15,300.71,300.6,300.75,301.33,301.48
301.0,300.68,300.83,300.63,300.71,300.93,301.71,301.21,301.38,301.6,300.97,300.38,300.88,300.83,300.33,299.8,299.03,300.15,300.33,300.7,300.63,300.38,299.87,300.38,299.73,299.33,299.3,299.35,299.58,300.1,299.4,299.73,299.63,300.3,300.21,300.65,299.98,299.9,300.1,300.71,300.03,300.18,299.93,299.65,299.98,300.38,300.43,300.18,300.18,300.43,300.13,300.25,300.25,300.68,300.23,299.71,300.33,299.8,300.88,300.1,300.5,300.58,299.83,300.73,300.93,300.75,301.43,300.43,300.75,300.03,300.05,300.5,300.43,300.63,300.43,300.93,300.13,300.55,300.35,299.91,300.96,300.91,300.33,300.43,300.46,300.55,300.46,300.8,300.6,299.05,299.8,300.81,300.16,300.0,300.23,299.65,299.7,300.3,300.0,299.85,300.0,299.08,299.3,298.75,298.35,299.18,299.93,300.5,300.68,300.43,300.33,300.4,301.08,300.73,300.58,298.68,299.18,299.38,298.48,298.58,298.2,298.5,299.08,299.08,298.96,299.13,299.0,298.08,297.88,298.78,298.6,298.43,299.83,299.53,299.15,298.6,299.58,299.25,297.93,296.96,296.5,297.48,298.28,298.73,299.71,298.88,298.68,298.15,298.23,299.38,298.58,297.6,296.96,296.6,297.48,297.68,296.91,296.93,296.96,296.9,297.08,297.55,297.98,297.63,296.45,297.83,298.93,298.18,297.38,296.43,296.23,296.38,294.88,294.5,294.3,295.23,297.18,298.83,298.93,298.73,297.68,297.21,295.86,297.5,297.68,297.78,298.1,297.53,297.43,296.8,298.05,298.48,298.53,297.1,296.13,296.33,296.96,297.63,298.05,297.63,297.98,294.23,293.38,294.05,295.75,297.5,296.18,294.1,294.13,294.58,296.21,296.1,295.98,296.55,297.0,296.91,297.63,297.13,297.48,297.9,297.21,297.13,297.33,296.78,296.6,297.18,297.35,296.4,295.85,295.0,295.46,297.03,296.75,295.78,295.55,295.0,294.68,294.0,294.4,294.85,295.65,295.23,295.63,296.13,296.98,297.38,296.75,295.35,293.95,293.98,294.5,295.08,294.8,295.53,297.16,297.8,298.0,297.95,297.67,296.35,294.75,295.5,296.6,297.7,297.58,297.55,297.2,297.65,297.27,296.2,296.68,297.1,297.53,297.02,295.37,295.35,296.78,296.33,296.95,296.55,295.9,297.17,298.1,296.67,297.33,297.35,296.7,297.08,296.65,295.97,296.25,296.67,296.7,296.9,295.97,296.5,296.67,296.9,296.83,296.45,296.97,296.95,297.17,296.5,296.08,295.55,296.3,297.45,297.2,296.35,295.67,295.72,296.15,297.02,296.8,296.6,296.8,297.42,297.62,297.95,298.22,298.03,298.35,298.33,298.58,298.28,297.75,297.15,297.92,297.58,297.42,297.5,298.02,297.5,298.47,298.15,299.33,298.77,299.45,299.35,299.45,298.75,298.87,298.6,297.62,299.22,299.42,301.62,298.25,298.67,297.12,297.25,295.65,295.55,296.9,297.08,297.3,298.1,297.9,297.55,297.02,297.05,297.67,296.95,297.87
298.15,298.3,297.72,298.2,298.15,298.72,298.75,299.35,298.97,298.2,298.3,298.75,299.22,300.05,299.37,299.25,299.92,300.65,299.92,300.1,300.43,300.12,300.2,300.5,299.72,299.08,299.07,299.83,299.95,300.2,300.6,300.28,300.42,299.77,298.75,300.4,300.42,299.47,300.0,299.25,299.28,299.25,299.33,298.8,298.95,299.5,299.55,300.25,300.65,300.55,300.67,300.4,299.85,300.22,300.15,300.65,300.27,300.37,300.42,300.05,300.3,300.58,300.4,299.75,299.2,300.1,299.5,299.6,300.12,300.7,300.77,300.42,300.35,299.62,299.47,299.25,299.8,300.3,299.85,298.92,299.0,299.7,300.3,300.08,299.9,299.97,299.95,300.2,299.2,299.37,299.6,300.22,300.2,299.87,300.33,299.77,299.85,299.55,300.0,300.2,300.1,298.83,299.9,300.08,300.2,299.92,299.33,300.03,300.1,300.33,299.6,299.5,299.75,299.75,299.4,299.5,299.27,299.42,299.35,298.92,299.4,298.43,297.95,298.58,298.97,299.37,299.22,299.83,300.33,300.53,300.42,299.9,299.55,299.55,299.6,300.1,299.33,299.85,300.22,300.75,299.75,300.15,300.85,300.08,298.78,299.25,299.27,299.55,299.42,299.65,299.67,299.7,299.87,300.08,300.47,300.17,300.43,300.27,300.17,299.65,300.33,299.2,299.18,299.33,298.93,298.8,300.07,299.58,300.2,299.83,298.37,298.45,298.15,299.12,298.58,299.28,299.22,299.47,299.47,299.2,298.9,298.25,297.02,295.55,296.1,298.65,298.77,297.72,297.45,297.97,299.35,298.65,297.92,297.22,296.2,296.55,296.7,297.4,298.53,297.8,296.97,297.5,297.67,296.92,298.37,297.55,297.77,297.33,296.8,297.12,297.3,297.0,295.25,295.0,296.35,297.47,297.62,297.6,297.4,297.62,297.58,296.43,296.55,296.22,297.7,297.65,297.78,298.55,298.45,297.98,297.42,297.92,298.35,298.2,298.62,298.47,298.6,298.52,298.35,298.78,298.62,297.95,298.15,296.6,296.83,297.62,298.02,296.08,295.5,296.85,297.77,297.95,298.22,298.05,297.97,298.4,298.72,299.55,298.4,298.83,298.72,298.2,298.0,298.4,298.8,298.78,298.8,299.08,299.12,298.95,298.4,298.43,298.5,299.12,299.2,298.47,297.7,298.58,298.08,297.7,297.62,297.58,298.7,298.95,299.4,298.47,298.6,298.87,299.45,299.22,298.95,298.55,299.27,298.28,299.05,299.25,298.77,299.55,299.08,298.0,298.22,298.52,298.27,299.12,298.37,299.15,299.12,299.25,299.33,299.78,298.85,299.75,297.75,296.03,296.77,298.65,298.8,299.12,300.07,299.55,299.75,298.67,299.27,297.55,297.3,299.1,298.27,298.62,297.92,298.55,300.15,300.72,300.2,299.05,298.0,298.25,297.87,297.97,299.55,299.85,300.37,300.4,299.65,300.22,299.42,300.33,299.62,298.58,299.72,299.72,299.25,300.12,299.02,299.35,299.15,298.7,298.8,298.5,299.12,300.3,298.97,299.3,299.27,299.7,298.67
298.58,299.27,299.45,298.42,299.9,300.02,299.37,298.95,299.62,299.35,300.3,299.83,300.33,300.08,300.05,299.42,299.7,300.0,299.95,299.62,299.43,300.05,300.47,300.5,300.5,299.8,299.97,299.83,300.97,300.15,299.17,299.67,300.0,299.83,299.92,299.55,298.95,299.25,300.4,300.05,299.67,299.47,299.75,300.6,300.18,301.17,300.02,300.37,299.67,299.68,299.22,300.15,300.82,300.17,299.77,300.33,300.62,300.67,300.67,300.05,300.0,300.4,298.72,300.1,300.18,300.25,301.02,300.55,300.43,300.05,299.92,300.92,300.15,300.72,300.58,300.75,300.9,301.17,299.35,299.6,300.52,301.1,300.9,301.15,301.3,301.4,300.0,299.87,300.45,300.35,299.92,299.95,300.25,300.3,300.55,299.47,301.05,301.2,300.9,301.47,301.22,300.97,300.33,300.25,300.35,300.28,300.68,300.45,299.42,299.6,298.67,299.97,299.4,299.75,300.28,300.17,300.37,300.7,300.72,300.87,300.8,301.22,300.22,300.27,300.67,300.37,300.65,299.75,299.22,300.33,299.45,300.2,299.72,300.58,300.53,300.25,300.4,300.4,300.17,299.4,298.47,298.45,298.05,298.62,299.2,300.25,300.23,300.52,299.52,300.28,300.87,300.2,299.72,299.77,299.72,298.95,299.3,298.87,299.3,299.47,298.82,299.27,299.3,300.05,299.3,300.0,299.25,299.2,299.67,299.82,299.52,299.62,299.3,299.28,299.75,299.83,298.6,295.3,295.8,296.47,297.47,299.15,299.67,299.0,297.75,297.62,298.85,298.52,298.2,297.62,297.1,298.3,298.28,298.2,298.12,297.77,297.27,297.08,298.08,298.17,297.77,297.58,299.37,299.35,299.42,297.55,297.25,297.08,297.32,298.22,298.15,298.52,298.68,298.07,297.1,295.22,294.77,295.33,295.72,297.6,298.77,297.87,298.33,298.47,297.6,296.27,296.97,297.3,297.83,296.15,296.62,296.35,296.58,297.1,295.97,296.2,296.37,296.9,297.33,298.1,298.17,298.15,298.2,298.08,297.95,297.25,296.62,296.52,296.83,298.45,298.15,297.22,297.58,297.4,297.42,297.85,297.1,296.83,297.5,298.2,298.2,297.4,297.27,296.62,296.6,295.58,296.4,297.25,298.4,298.53,299.1,297.83,298.15,297.05,298.17,298.77,298.97,298.95,298.43,297.77,297.6,298.35,298.72,298.4,298.92,298.7,299.12,298.92,298.42,299.2,298.97,299.02,299.35,298.08,297.87,298.17,298.6,298.58,298.6,298.72,298.53,298.85,299.55,299.2,298.92,298.7,299.35,299.15,299.5,299.37,299.5,298.7,298.3,298.6,297.57,298.08,299.02,300.27,300.53,299.75,299.47,299.05,297.05,298.37,298.62,299.55,299.7,299.5,299.15,298.8,298.5,297.72,299.08,299.3,299.0,299.17,298.62,298.5,299.45,299.47,299.15,300.42,300.33,300.2,300.02,299.55,299.2,299.15,300.22,300.35,300.45,300.92,299.7,300.55,299.85,299.8,300.0,300.7,300.87,300.7,300.47,300.35,300.83,300.65,300.67
300.25,299.88,301.07,301.05,301.13,301.95,300.08,300.4,300.8,300.18,299.3,299.18,299.43,299.75,300.45,301.0,300.28,300.03,300.2,299.97,301.18,300.72,300.58,299.7,300.25,299.35,299.5,299.68,299.27,300.07,300.82,301.32,301.0,300.78,300.65,301.28,300.05,299.8,300.5,300.35,299.63,299.68,299.62,299.1,299.65,299.68,299.62,299.57,299.9,299.97,299.3,299.47,298.42,298.72,298.3,299.28,299.45,300.02,300.32,300.72,299.13,300.05,299.25,299.38,299.57,299.43,300.55,300.1,300.4,300.1,300.38,300.3,300.1,299.82,300.1,300.4,300.07,300.52,301.0,300.65,301.43,300.45,299.68,300.28,300.2,300.05,301.72,301.1,300.72,301.63,301.53,301.43,301.45,301.57,300.77,300.35,300.65,301.18,300.95,300.93,300.78,300.25,301.43,299.38,300.38,300.32,299.68,298.87,299.1,299.5,298.85,298.43,298.85,298.88,299.25,299.7,299.57,299.97,299.1,298.68,299.6,298.97,299.6,299.02,299.22,299.02,298.85,299.4,299.68,299.68,298.85,299.53,299.65,300.0,300.12,299.47,298.77,299.27,298.5,297.68,297.4,298.1,296.3,296.07,296.4,296.87,296.8,297.15,297.93,297.95,296.1,296.75,297.22,297.97,297.32,297.57,298.93,299.25,299.2,298.95,297.6,297.9,298.47,299.25,300.0,298.63,296.68,296.47,297.62,299.0,299.05,297.82,296.9,296.8,296.97,295.62,295.78,296.4,296.93,297.6,297.68,297.95,297.7,297.25,297.4,297.1,297.28,296.7,297.13,297.55,296.93,296.68,296.03,295.32,294.28,294.95,294.25,294.55,296.55,296.75,297.62,298.57,298.68,298.43,297.43,296.85,297.78,296.1,297.25,298.1,298.48,298.32,296.85,295.97,298.43,298.45,297.45,296.27,297.7,296.85,297.52,298.45,298.15,298.22,297.97,296.68,297.45,297.63,297.4,297.02,297.4,297.22,296.3,296.0,295.82,296.18,295.3,296.53,297.45,297.68,297.75,297.55,297.63,296.9,297.43,297.43,297.95,295.7,295.28,295.38,296.3,297.85,298.0,297.87,298.05,298.07,296.62,296.2,298.07,298.22,298.35,298.18,298.78,298.02,298.1,297.68,297.22,298.45,298.4,298.77,299.45,298.0,297.6,297.28,296.88,297.47,297.52,296.7,296.17,297.97,298.25,299.18,299.45,299.22,298.22,298.02,298.25,298.92,298.7,298.0,298.55,298.5,299.17,298.5,299.15,299.52,299.9,299.5,298.95,298.95,298.72,298.2,298.47,298.08,299.0,298.97,298.8,298.55,299.2,298.05,297.42,296.42,296.37,296.65,297.55,299.02,298.43,297.78,299.17,298.55,299.28,299.22,299.87,300.15,300.1,300.42,299.95,298.83,299.15,299.2,299.45,299.0,299.53,299.25,299.37,299.25,299.15,298.87,299.7,300.12,298.9,299.67,299.45,299.58,299.08,298.28,298.67,299.75,299.95,300.22,301.12,299.55,299.62,299.25,299.52,299.3,299.33,300.17,300.77,300.47,300.3,300.2,299.85,299.9,299.95
300.43,299.6,299.95,300.0,300.8,300.42,299.9,300.02,301.0,300.67,300.3,300.22,300.7,300.02,300.0,300.22,300.1,300.83,300.77,300.8,300.4,299.7,299.85,299.7,300.72,300.67,300.72,300.28,301.4,301.02,300.6,300.08,300.6,300.62,300.87,300.45,300.33,299.8,300.05,300.37,300.75,300.58,300.47,300.25,300.45,300.58,300.72,300.17,300.2,300.12,300.2,300.3,300.9,300.5,300.15,300.45,300.37,300.55,300.4,300.62,300.85,300.37,300.62,300.62,301.47,300.22,300.95,299.67,300.4,300.28,300.97,301.35,301.2,300.87,300.85,301.02,300.17,300.6,300.0,299.85,300.1,299.92,299.92,300.05,300.58,299.85,300.47,300.58,300.75,300.35,300.05,299.72,299.83,300.22,299.75,300.2,300.22,300.07,300.18,300.0,300.35,300.32,300.08,299.97,300.53,300.62,300.35,300.67,300.6,300.0,299.8,299.72,300.17,300.25,300.42,300.8,300.35,300.12,300.8,300.95,299.58,298.33,298.33,298.6,298.58,298.1,297.77,298.32,298.95,300.18,299.7,298.72,299.08,299.72,299.37,299.53,299.1,299.37,299.55,299.42,298.8,299.8,299.7,300.28,300.03,300.35,298.37,298.5,298.02,298.47,299.37,300.45,299.42,299.17,299.3,299.5,298.97,297.67,296.83,296.22,297.37,298.05,298.92,298.72,297.67,297.9,297.65,298.83,299.25,299.02,298.5,299.12,298.35,297.25,296.27,297.27,298.92,298.3,298.35,298.05,298.2,297.97,297.95,297.12,297.42,297.55,297.78,298.1,297.67,297.3,296.93,297.02,296.97,296.77,296.47,296.42,296.15,296.12,296.1,297.2,297.85,297.15,295.75,294.75,296.4,297.08,296.22,297.52,298.27,298.17,298.5,298.12,298.83,297.27,297.08,296.32,296.52,296.82,297.47,297.7,298.77,298.62,297.15,297.17,298.1,297.25,296.08,297.02,297.45,296.72,297.1,296.92,297.85,297.92,297.9,297.75,297.6,296.12,296.5,296.77,297.7,297.8,295.77,295.52,296.85,296.8,295.42,295.47,296.03,294.97,295.92,296.27,296.5,297.67,298.6,299.05,297.92,297.9,298.05,298.32,298.75,298.1,298.62,299.45,299.57,299.15,298.62,298.45,297.62,297.35,297.3,298.02,297.75,297.32,296.8,296.9,297.27,298.05,298.27,297.8,297.6,298.52,296.67,296.2,296.72,296.7,297.72,298.77,298.8,298.08,297.5,298.35,297.95,297.85,297.7,298.37,298.42,297.62,298.35,298.95,298.6,298.72,298.8,299.27,299.07,299.05,299.17,299.3,299.27,299.5,299.25,299.37,299.32,298.8,298.58,298.65,298.45,298.55,298.82,299.1,299.77,299.65,298.8,299.32,300.27,299.6,299.55,299.9,299.52,300.27,300.17,300.45,299.87,300.25,300.27,299.37,299.62,300.22,300.15,299.85,299.8,299.67,300.15,299.75,300.27,300.0,300.75,299.57,299.65,299.47,300.05,300.02,301.22,300.5,299.65,299.82,300.02,299.25,299.0,299.2,299.02,299.5,299.95,299.82,299.87
