273.63,273.66,274.1,274.16,273.71,274.96,274.91,275.38,275.71,274.8,276.0,274.75,275.91,276.31,276.08,275.66,276.11,275.5,275.0,274.48,275.36,276.08,276.53,277.13,276.68,275.83,275.36,276.68,274.68,274.78,274.93,275.53,275.75,276.46,276.21,275.48,274.88,274.71,275.71,276.3,275.5,275.11,274.73,275.63,276.08,276.58,275.91,276.53,276.65,275.23,275.33,273.98,274.25,275.73,277.03,276.58,275.36,274.8,276.18,276.36,274.28,276.48,277.85,276.83,275.63,275.43,275.36,276.81,275.36,274.78,276.28,276.11,276.75,276.28,275.43,275.68,275.56,275.36,275.11,274.56,272.75,273.28,274.41,276.36,275.58,276.08,276.58,274.63,275.78,273.71,273.33,272.5,272.0,274.66,272.15,273.78,274.16,274.38,274.88,274.68,274.86,275.05,273.0,275.83,274.56,275.61,275.43,274.58,272.86,272.61,275.33,275.96,275.33,275.18,275.03,275.11,274.98,274.98,274.23,273.66,275.3,275.25,274.5,273.93,274.98,272.28,268.58,269.23,272.93,271.43,268.53,268.61,266.16,272.13,274.28,273.73,273.08,272.91,273.46,273.73,270.83,270.53,265.83,268.25,269.71,270.96,271.25,271.53,271.98,271.36,272.83,272.36,271.73,272.0,273.46,272.46,272.73,273.18,273.66,273.71,270.8,264.18,266.48,268.61,271.58,272.65,267.86,262.83,266.78,271.81,272.0,273.33,272.08,269.5,268.36,270.33,270.55,269.63,273.11,269.55,262.88,271.48,272.23,273.0,273.58,272.18,273.21,271.71,264.73,270.83,273.08,271.58,271.15,267.5,265.61,271.8,274.36,273.25,270.93,269.48,267.43,270.41,273.63,271.16,268.78,263.96,269.56,272.68,272.3,274.11,274.63,273.18,273.46,269.11,270.78,271.3,272.13,273.71,272.83,273.46,272.71,271.91,271.83,272.25,269.98,274.33,273.96,272.36,270.58,269.16,268.48,264.83,271.75,268.03,265.61,272.93,273.73,274.05,273.73,272.1,270.33,272.36,272.63,272.65,274.15,272.43,272.43,270.81,268.98,263.21,271.55,274.25,274.41,274.75,272.98,273.55,273.15,268.86,273.46,271.86,272.81,273.91,273.96,273.61,270.55,268.33,268.96,269.88,266.86,270.36,271.33,271.0,272.46,272.66,266.83,272.41,267.4,270.66,273.58,271.83,272.78,270.41,272.3,274.03,273.58,273.15,269.65,272.83,273.71,274.05,273.03,267.33,269.66,273.68,274.03,274.36,273.23,272.5,273.36,272.75,273.31,270.93,271.88,272.96,271.43,272.73,272.86,272.75,273.93,273.58,272.53,272.13,273.03,273.08,271.9,272.11,272.78,271.91,271.16,271.53,271.75,272.25,272.71,273.66,273.88,273.93,273.46,273.55,273.88,274.16,275.65,274.68,273.86,273.28,273.11,273.08,273.23,272.41,273.03,274.23,274.48,273.91,273.75,272.55,272.4,272.68,272.68,272.53,272.63,272.38,273.58,273.16,273.61,273.55,274.31,275.16,276.18,275.56,274.68,274.46,274.68,275.25,274.73,274.41,274.48
275.33,275.63,275.43,276.03,274.55,275.58,275.53,275.46,274.98,274.48,274.3,274.63,275.53,275.53,275.56,276.03,275.8,275.83,275.56,276.58,275.21,274.46,274.75,275.23,274.75,275.33,274.78,274.55,274.13,273.91,274.53,274.65,274.86,275.08,274.63,276.36,277.18,277.33,278.11,277.71,277.21,276.46,275.43,276.86,276.16,276.05,275.71,275.2,275.33,274.36,274.73,276.11,276.33,275.98,275.73,276.65,275.53,274.96,276.21,275.08,274.91,274.63,274.36,274.98,274.88,274.3,273.05,274.08,274.21,273.21,272.78,273.48,274.48,274.98,276.03,273.53,274.71,275.03,275.03,275.28,275.31,274.88,275.53,276.18,275.13,274.96,274.63,276.15,275.95,275.63,275.46,277.16,275.43,274.5,274.46,273.93,273.8,274.91,272.65,273.41,273.11,273.08,274.25,274.36,271.83,271.16,270.48,273.63,272.48,269.96,271.78,274.28,272.33,273.28,271.5,271.96,273.9,272.86,272.33,270.8,269.25,271.18,275.38,275.48,275.33,274.46,274.66,275.63,274.18,275.08,275.98,275.43,273.71,268.63,272.46,268.18,268.58,269.33,269.31,271.13,274.58,272.63,273.75,272.75,271.03,270.28,267.73,263.08,262.96,264.53,267.53,270.61,269.75,269.38,269.65,272.43,268.33,270.11,267.25,268.63,263.2,268.61,273.28,272.96,273.75,272.83,274.16,274.0,273.35,272.03,272.81,271.93,272.71,269.13,272.61,273.53,273.68,272.8,273.11,274.8,270.75,269.3,265.98,262.86,259.11,262.63,268.11,273.81,273.23,272.33,268.83,263.78,268.93,271.63,272.38,270.35,267.55,263.33,264.53,256.65,255.31,251.0,251.93,248.23,246.75,247.46,264.61,269.53,260.68,251.98,244.11,251.5,252.08,245.26,243.88,246.63,264.03,273.48,271.58,272.4,265.68,269.75,260.08,248.43,247.83,245.18,245.4,248.58,244.95,255.58,271.05,272.91,272.93,272.23,272.15,272.31,268.98,253.63,246.4,248.91,251.01,249.91,252.98,262.66,268.75,268.33,270.23,265.96,257.25,256.31,264.96,272.0,270.08,269.81,271.88,271.4,264.63,260.46,270.48,270.08,270.18,257.71,256.9,254.78,249.78,254.38,256.71,272.0,274.48,272.43,272.08,272.88,274.55,274.43,273.0,273.73,266.05,264.28,272.28,273.81,272.28,262.25,266.28,272.11,273.4,274.5,274.15,273.65,273.3,273.71,274.68,273.93,272.93,269.53,267.88,270.21,272.63,272.66,273.31,273.31,272.58,272.48,270.63,268.68,271.46,272.48,274.0,274.03,272.78,271.48,271.88,272.73,271.48,273.48,274.03,273.63,272.25,274.58,274.55,274.03,273.31,275.0,274.23,274.18,273.33,273.0,274.58,274.18,273.5,273.21,272.96,272.28,272.38,273.18,273.16,273.36,273.05,273.75,275.16,275.08,274.43,273.78,273.28,272.91,273.0,272.71,272.5,272.85,274.03,274.9,274.98,274.48,274.28,273.58,273.9,274.11,273.93,275.68,275.36,274.23,273.93,275.03,274.96,275.23,274.96
274.53,274.3,273.98,273.53,273.83,275.23,274.48,274.11,275.21,275.25,276.11,277.03,275.56,275.4,274.55,275.43,275.96,275.86,276.11,275.16,275.05,275.16,274.08,273.43,274.78,275.81,276.21,276.96,275.36,274.78,274.75,275.21,275.88,276.75,275.66,274.8,275.48,276.5,277.03,275.81,276.3,275.98,275.18,274.88,274.8,276.25,275.96,275.73,275.58,275.66,274.23,275.23,275.48,276.48,276.38,275.3,275.11,274.71,274.9,275.96,274.9,274.66,274.75,274.5,274.46,274.16,274.55,273.96,273.9,274.3,273.68,274.03,274.48,274.08,273.3,273.86,273.3,274.38,275.73,275.3,275.98,275.16,276.08,274.88,273.68,273.48,273.25,273.73,274.55,273.78,273.61,274.15,274.36,275.61,274.18,274.48,274.68,276.31,276.3,276.58,275.61,274.11,272.48,273.93,274.23,273.61,275.53,275.36,274.13,274.38,274.68,275.08,274.25,272.78,271.48,271.15,272.93,269.53,270.78,272.68,270.36,270.38,275.8,276.11,275.03,274.86,272.88,271.13,272.61,270.96,272.63,271.28,269.78,270.75,271.91,274.98,274.18,272.55,273.98,274.28,273.75,273.3,274.48,273.08,272.38,268.05,269.78,268.91,269.63,270.46,269.16,270.83,271.93,272.08,271.58,271.36,270.61,268.9,269.93,268.88,270.16,271.1,271.36,273.13,272.16,270.88,272.28,273.21,274.33,275.18,273.68,274.16,273.98,274.15,273.4,273.98,273.06,270.11,269.73,269.13,270.0,268.96,268.05,270.08,273.96,275.0,274.5,271.88,266.41,272.53,273.98,273.18,274.03,273.05,269.58,268.08,266.05,269.91,272.68,271.08,274.28,269.43,271.0,268.98,271.86,268.33,265.66,264.13,263.43,266.58,265.66,271.53,274.11,272.63,270.11,272.78,273.28,269.71,266.3,273.08,270.5,273.33,273.71,269.56,268.68,273.38,271.43,265.75,272.61,273.03,267.68,268.18,272.78,268.86,270.31,270.9,271.9,272.75,270.11,272.71,273.18,267.23,267.23,270.61,267.73,274.11,273.21,273.18,273.61,273.43,272.93,272.53,271.96,269.58,268.18,268.8,266.96,264.53,270.11,272.28,271.38,272.08,272.18,272.13,271.25,270.66,273.71,273.46,272.88,273.05,266.23,268.55,270.61,273.91,269.71,272.3,268.46,261.43,264.58,269.71,270.28,263.73,270.65,273.18,273.03,271.65,268.38,269.33,271.05,269.11,272.28,271.68,270.36,270.88,271.36,273.43,271.56,270.28,270.36,273.5,273.15,274.03,274.86,275.13,274.23,272.88,274.05,271.98,272.63,273.18,274.13,273.88,273.93,271.25,272.45,273.25,274.58,274.36,273.86,273.05,274.56,273.88,274.8,274.68,275.08,274.43,275.13,274.88,274.05,274.58,275.58,275.5,274.68,273.58,272.41,273.53,273.08,272.66,273.03,274.15,273.86,272.55,272.46,275.0,275.43,275.36,274.93,275.95,275.73,275.88,275.53,275.13,275.11,274.33,273.61,273.71,274.25,274.18,273.43,273.61,273.81,273.73,274.03,274.31,274.45
273.71,273.63,273.5,273.73,273.98,273.43,273.98,275.78,275.96,274.71,275.48,276.78,276.5,277.08,276.98,275.95,276.28,276.88,276.55,276.18,276.18,276.28,276.3,275.86,275.13,274.11,274.43,276.18,277.05,277.93,278.13,277.93,277.23,276.25,275.08,275.25,275.58,275.15,276.71,276.68,275.93,275.06,274.9,275.25,275.86,275.86,277.63,276.11,275.25,275.96,276.86,276.43,275.75,276.38,276.48,277.3,276.08,275.63,277.0,277.83,276.43,275.81,277.61,277.5,276.88,276.41,276.43,278.43,276.38,277.16,276.8,277.55,277.21,274.8,274.33,276.48,278.08,276.6,275.06,275.33,277.41,277.03,275.86,274.5,272.91,275.78,274.43,275.73,275.03,275.43,273.91,274.38,274.88,277.15,276.48,275.43,275.86,275.93,275.28,275.48,273.23,275.78,273.66,274.31,275.15,273.48,272.43,275.83,275.68,275.08,274.45,273.88,274.46,273.3,275.88,273.61,273.18,274.75,276.11,273.78,272.58,274.1,274.25,272.23,273.55,274.28,273.75,274.03,274.83,274.4,275.15,274.71,275.28,274.96,274.48,273.88,272.38,270.83,271.75,274.53,274.78,275.3,275.4,275.03,274.78,274.53,274.81,275.35,275.78,273.86,273.06,271.96,273.48,272.93,268.33,268.98,270.68,270.9,273.18,274.0,274.53,274.28,273.8,273.08,272.4,270.15,271.18,271.83,271.66,272.33,272.18,272.11,272.41,273.58,273.0,273.68,274.13,273.4,274.13,274.46,272.8,273.0,270.48,268.88,267.86,267.8,268.21,270.48,271.73,270.81,270.41,268.21,264.48,262.53,266.61,267.6,265.56,267.31,271.28,274.53,273.93,273.3,272.55,272.71,273.56,273.13,272.71,273.3,273.23,272.83,269.28,268.78,271.38,272.78,272.31,271.83,272.28,272.21,270.8,265.93,263.41,259.05,261.23,262.96,263.18,267.63,270.66,270.5,271.28,268.91,272.08,272.55,271.05,264.13,260.81,264.53,269.78,271.16,268.28,267.53,271.18,272.08,271.83,269.41,272.41,270.13,271.31,269.58,272.85,269.91,269.81,262.96,269.16,272.21,272.55,272.55,273.58,272.86,272.81,270.88,265.56,263.88,270.75,270.13,265.73,269.23,269.3,263.28,266.43,265.83,269.28,272.08,272.46,273.43,273.43,273.11,272.63,272.48,272.48,272.03,272.58,271.63,270.58,268.71,269.11,267.23,269.83,271.46,272.88,272.65,271.05,269.71,267.86,269.58,271.53,272.35,273.08,272.83,272.63,271.23,272.13,271.98,272.06,271.15,271.63,272.5,271.11,272.81,273.28,272.06,270.21,270.9,272.71,273.8,273.46,272.96,272.46,272.43,272.93,274.13,273.41,274.18,274.53,273.0,272.66,272.46,272.83,272.78,273.18,272.71,272.96,272.48,272.31,272.25,271.8,272.25,273.98,274.83,274.88,274.63,273.93,275.0,273.86,273.31,273.0,272.0,271.5,273.68,272.61,271.5,272.98,273.43,273.83,273.96,274.13,274.33,274.16,274.86,274.15,273.68,273.9,274.38,273.93,273.86,273.83
274.55,274.5,274.46,273.75,274.73,275.16,274.33,274.28,274.96,275.58,274.75,275.08,274.43,274.33,274.85,274.63,274.93,274.78,274.73,275.33,274.83,274.03,274.25,275.73,276.25,274.86,274.78,274.86,274.48,275.13,275.16,275.16,276.53,276.4,275.55,275.35,274.58,274.75,275.18,276.11,276.75,276.0,274.88,274.16,275.71,276.18,276.81,276.33,275.11,274.28,274.83,274.9,274.78,274.28,277.03,276.43,276.0,275.11,274.85,275.48,275.08,275.28,275.25,276.96,276.66,275.98,275.18,275.08,274.3,273.98,273.5,272.96,273.08,274.55,275.71,275.68,275.21,275.28,275.36,276.18,275.25,273.98,276.23,275.0,274.48,273.31,272.06,272.21,271.23,273.53,276.28,277.03,275.73,275.36,274.8,273.8,274.03,274.0,273.48,273.93,274.28,273.98,274.0,272.16,271.61,270.91,273.0,273.73,274.23,272.08,270.48,271.15,270.46,273.0,274.03,272.68,269.88,272.11,274.08,273.5,270.88,273.06,274.33,273.88,273.88,270.36,268.58,271.38,273.8,272.3,272.13,274.43,273.38,272.0,271.25,272.9,273.66,273.11,271.36,268.41,268.48,270.18,272.48,270.68,268.61,269.98,270.83,271.71,270.05,266.38,271.38,269.75,268.86,272.58,272.25,272.06,270.75,267.73,267.56,264.98,263.91,264.96,271.33,272.75,269.21,272.98,273.11,273.06,272.66,272.88,272.56,272.23,273.25,273.5,271.36,271.65,272.43,270.68,270.73,268.91,266.3,267.65,269.0,269.85,272.13,272.8,272.78,273.63,273.38,271.46,272.18,272.88,270.63,270.98,272.86,273.18,270.96,273.53,273.9,273.18,272.36,272.68,273.13,272.15,269.63,271.93,272.46,272.73,272.1,272.91,271.48,272.31,272.18,273.21,273.53,273.78,274.4,273.43,271.33,271.75,273.65,273.71,273.55,272.88,273.48,271.88,272.33,269.58,265.58,268.78,271.5,272.25,265.73,266.48,270.23,271.88,273.36,272.83,273.08,272.68,269.28,266.88,269.36,272.25,271.98,269.93,266.58,266.98,268.68,267.25,269.0,271.83,268.78,265.53,268.65,266.78,266.23,266.96,268.08,267.66,269.28,271.55,271.98,273.16,271.93,272.58,273.86,273.68,272.38,272.6,270.55,273.6,273.11,272.13,272.98,271.73,272.55,272.23,272.65,268.35,272.93,270.06,270.11,272.25,272.43,272.61,272.4,271.63,272.98,272.43,271.58,271.83,269.83,270.11,268.78,270.08,271.53,272.33,273.53,274.03,274.03,274.56,273.55,272.36,270.8,272.4,274.11,274.96,274.43,274.18,274.43,273.93,274.0,274.11,274.3,274.3,272.31,273.08,273.86,274.3,274.33,273.83,273.18,275.05,274.38,273.66,272.63,272.9,273.43,273.78,273.68,273.78,273.43,275.05,274.55,273.68,273.93,274.63,275.38,274.08,274.5,273.58,273.23,272.93,273.03,273.5,273.58,274.46,275.3,274.96,274.53,273.63,274.35,274.48,273.71,273.63,273.38,273.11,273.65,275.3,275.05,274.78,274.0,274.9,275.65
274.96,274.83,274.21,273.53,273.83,274.23,275.21,275.98,276.1,274.8,274.93,275.08,274.93,275.31,275.08,273.88,274.18,274.38,275.0,274.63,275.33,275.13,276.11,276.38,276.5,275.46,275.53,275.5,274.93,275.03,275.15,275.03,274.73,274.71,274.68,274.81,275.08,274.4,273.75,275.11,275.75,275.38,275.21,275.38,275.78,275.73,276.4,277.13,276.98,276.13,275.41,276.28,276.28,275.86,274.68,275.65,276.46,276.33,274.73,273.88,273.5,273.8,275.91,276.28,275.13,273.8,273.08,272.36,274.06,273.68,272.78,274.03,274.11,273.55,273.93,274.78,273.66,274.61,275.88,274.71,273.56,272.98,274.85,275.35,273.05,272.08,272.05,271.58,272.88,275.11,275.21,275.03,274.5,274.83,276.11,275.66,275.21,274.41,274.63,274.98,274.43,272.86,274.85,275.16,273.41,269.53,270.11,271.25,273.68,271.8,271.48,271.21,271.61,274.58,273.3,272.38,272.11,271.96,273.83,273.38,273.9,274.03,273.86,271.8,273.23,272.88,273.21,272.73,271.93,267.83,268.78,272.55,272.88,273.68,274.75,272.96,273.46,273.46,271.75,272.5,273.11,273.21,272.73,273.31,272.86,273.43,273.06,273.43,273.73,273.48,273.93,274.71,273.38,270.58,268.73,268.5,270.03,269.93,271.86,271.35,272.66,273.25,271.71,269.71,270.0,268.93,272.81,271.36,271.28,271.73,267.15,265.88,267.38,269.15,272.11,272.36,272.73,270.21,271.18,267.43,266.98,266.18,264.58,273.3,272.96,266.56,264.48,262.61,266.4,269.83,269.66,270.93,268.61,270.5,273.53,272.73,271.98,261.83,261.91,264.03,267.83,270.08,267.21,270.75,272.5,272.33,272.63,268.73,268.31,269.71,270.28,270.48,271.83,272.43,272.38,272.78,271.36,270.28,269.11,267.48,263.6,268.18,266.11,264.83,269.55,267.83,268.21,269.0,272.91,272.58,273.13,272.18,272.13,273.23,273.41,272.48,272.3,272.28,272.21,269.06,271.98,273.18,273.23,272.28,272.48,271.8,272.31,272.75,271.8,272.15,264.36,270.83,272.8,271.65,267.68,271.33,272.55,272.88,272.73,272.63,272.63,272.71,272.98,273.65,272.11,270.16,270.58,271.68,272.65,273.25,272.68,272.13,272.38,272.08,272.55,272.55,272.93,272.71,271.53,269.36,267.33,270.63,273.08,273.9,271.78,272.05,270.81,270.1,272.15,273.13,272.58,272.88,272.66,270.85,270.98,271.18,271.21,272.23,272.53,272.58,271.48,271.53,271.46,271.4,270.68,270.48,272.25,272.05,270.36,272.63,272.38,273.15,272.48,272.58,272.5,270.86,270.61,272.25,273.21,273.08,272.11,272.8,272.93,273.08,273.78,273.83,274.23,272.78,272.71,272.61,273.43,273.71,274.4,274.53,273.91,273.93,274.46,273.91,273.46,273.21,273.18,273.28,274.31,275.33,275.18,275.11,275.98,275.98,276.78,274.55,274.5,273.73,273.11,272.96,273.28,273.61,273.8,273.28,274.16,274.15,274.23,274.88,274.93,274.88,275.88
276.36,275.86,275.98,278.38,277.71,275.81,275.53,275.68,274.93,274.83,275.5,274.78,274.43,273.9,275.61,275.68,274.5,273.75,275.03,275.48,275.5,275.88,275.75,275.78,275.65,276.23,277.58,276.41,276.25,276.75,275.93,276.25,276.18,276.05,275.23,275.11,274.68,275.15,275.21,275.05,275.81,276.48,276.83,276.43,277.25,275.65,278.13,277.58,276.25,275.83,276.36,275.8,276.6,277.58,275.61,274.88,276.55,277.46,276.18,274.71,275.28,274.0,275.93,274.18,274.48,274.83,273.75,273.78,276.38,276.38,276.88,276.5,276.73,275.68,275.08,274.38,273.66,273.8,273.81,272.11,273.93,274.63,274.58,274.41,275.13,274.68,275.11,274.11,273.55,273.33,272.96,273.23,274.13,274.23,276.03,274.46,274.53,273.28,271.71,272.05,271.91,273.83,275.75,276.28,276.78,277.36,275.93,275.18,274.8,275.53,275.36,273.03,272.61,275.25,276.18,274.73,273.0,273.9,273.65,272.61,274.41,274.53,271.75,271.21,270.53,271.16,271.46,271.75,271.78,271.58,271.48,271.5,273.13,274.23,274.73,275.83,275.18,275.75,274.83,273.61,273.23,272.5,270.98,270.5,272.98,268.96,268.46,271.18,266.75,264.91,267.8,267.25,269.48,269.25,268.93,269.96,272.71,272.8,273.81,272.91,273.16,272.66,272.11,271.33,270.75,267.21,266.8,268.18,272.1,272.83,269.63,267.8,265.46,265.78,267.83,268.36,272.08,271.83,272.61,274.0,270.3,268.88,271.03,272.0,273.8,272.08,272.75,268.88,266.58,271.63,271.25,269.78,272.16,272.93,270.75,266.71,272.23,273.28,273.41,272.46,273.28,270.93,265.03,269.61,273.55,273.75,273.78,272.96,271.65,271.78,274.21,273.55,274.83,273.18,272.83,273.25,273.05,273.41,270.68,267.83,268.15,274.33,271.88,270.68,271.21,273.73,273.86,272.61,267.88,266.73,268.53,271.46,268.8,272.9,273.53,272.31,271.55,268.96,273.5,272.43,273.13,273.18,272.53,272.3,273.08,271.63,272.5,271.35,270.15,271.4,272.25,274.41,273.43,273.8,271.33,270.73,270.25,272.33,272.16,272.73,272.8,272.43,272.33,273.43,273.71,273.28,273.58,273.78,273.63,273.23,269.71,272.43,273.03,272.86,272.78,271.48,270.16,270.4,272.25,271.36,271.68,270.38,271.13,273.43,272.21,269.16,269.91,271.98,272.23,271.5,272.98,272.36,273.46,273.15,273.93,273.5,273.98,273.38,273.38,273.93,274.21,272.13,272.43,271.15,271.03,272.0,272.83,272.93,272.33,273.68,272.21,271.38,273.68,273.41,273.38,273.68,273.43,273.48,274.25,274.71,273.23,271.16,273.83,273.5,273.18,273.83,273.66,273.16,270.88,271.41,272.21,271.91,273.21,272.46,272.88,274.13,274.4,275.48,275.18,274.36,274.48,274.25,274.18,274.58,274.96,274.48,274.21,274.11,273.61,272.46,274.73,274.23,276.0,275.3,275.33,274.88,274.93,276.08,275.0,274.96,275.13,275.61,273.43,274.0,274.48
275.23,274.98,274.51,275.16,275.21,274.61,274.64,274.14,274.67,274.09,274.24,276.26,276.24,275.31,274.26,274.49,274.28,275.41,276.16,275.74,275.41,275.44,275.66,276.94,276.43,277.59,275.99,275.51,276.36,277.26,276.39,274.54,274.49,275.84,276.49,275.66,275.84,275.84,275.89,275.36,275.38,274.81,274.66,274.86,274.96,275.53,276.09,276.14,277.54,276.79,276.81,276.34,276.09,275.11,275.31,275.72,275.41,274.74,274.21,274.51,275.21,273.94,273.66,274.46,274.66,275.56,276.39,276.71,276.33,274.76,275.54,275.49,276.08,275.89,275.46,275.84,274.96,274.41,274.64,276.66,275.91,274.78,274.21,274.09,274.99,274.66,276.04,275.43,275.61,276.04,273.79,274.34,276.21,275.29,275.66,275.48,274.89,274.56,274.89,274.71,274.38,275.16,274.36,272.86,272.21,274.09,275.64,274.93,274.84,275.16,274.23,273.11,272.56,271.76,274.09,274.41,274.31,273.74,273.14,273.58,274.13,272.06,272.68,274.03,273.49,272.42,273.04,272.89,272.64,272.36,272.18,271.61,272.56,272.76,272.59,271.41,270.88,269.47,271.41,270.11,268.18,264.64,266.71,269.36,271.06,274.11,274.36,273.99,269.49,271.38,273.71,272.03,271.79,273.74,272.84,272.86,273.66,274.11,273.93,272.39,267.34,269.53,272.04,272.66,272.34,272.79,273.86,273.21,273.16,272.17,272.74,274.01,273.01,274.09,273.46,272.09,271.34,271.93,272.71,273.18,274.11,274.01,273.26,273.66,272.76,268.39,271.26,274.24,274.77,273.99,273.93,274.51,274.14,273.89,272.51,269.81,268.56,270.19,272.41,271.06,269.04,266.49,269.04,266.96,266.44,266.36,270.17,272.28,272.39,273.61,268.12,266.14,270.81,270.73,262.21,266.93,273.22,272.86,273.06,267.99,270.68,270.89,271.81,267.76,272.14,268.04,266.56,261.83,266.64,266.89,272.03,270.66,274.06,273.74,273.34,275.06,274.61,273.36,272.41,272.76,272.89,273.61,273.16,273.08,271.76,272.64,273.76,272.81,274.11,274.34,272.93,272.09,271.36,271.24,270.14,269.88,268.38,264.93,263.86,262.21,265.51,272.89,273.44,273.06,273.86,274.09,271.44,263.76,268.56,270.84,270.49,270.74,271.98,266.26,270.76,271.21,266.01,266.54,271.36,264.62,266.03,271.46,273.69,273.86,272.81,273.04,273.21,273.49,274.24,272.81,273.93,273.51,273.81,272.59,272.54,272.31,272.16,272.11,271.84,271.78,271.51,270.64,270.06,271.61,273.34,272.38,271.86,272.62,272.96,273.03,272.68,272.21,271.76,271.33,271.06,271.21,273.96,273.14,273.08,272.59,272.86,272.21,270.99,271.81,272.64,272.11,272.16,272.66,272.61,272.59,272.36,272.06,271.51,272.56,273.11,274.43,274.36,274.01,273.84,273.16,273.01,272.76,272.51,272.44,272.49,272.06,271.84,272.91,274.26,273.84,273.73,273.29,273.51,274.06,273.72,273.72,274.96,274.06,274.23,273.99,274.31,275.18,274.48,274.38,273.21
274.01,275.23,274.96,275.01,274.96,274.39,274.74,274.91,275.09,274.99,273.46,273.29,274.06,274.54,274.68,274.51,274.64,274.36,273.71,273.71,274.28,274.18,274.51,274.71,274.49,274.96,275.71,276.11,275.86,275.43,274.99,274.84,275.49,275.19,274.88,274.84,274.48,275.79,275.29,275.09,273.89,273.71,274.81,274.93,275.54,275.28,275.49,274.91,275.86,276.26,275.64,275.41,275.43,275.53,275.14,272.84,273.39,275.38,275.86,276.74,276.86,275.93,274.69,274.64,273.61,275.56,274.91,274.43,273.16,273.96,275.06,275.29,274.88,273.86,273.59,275.04,274.86,273.74,273.73,272.91,273.51,273.63,274.34,274.81,274.71,274.38,274.36,273.76,274.83,273.64,275.06,273.86,272.77,272.54,272.42,274.09,272.28,273.16,272.59,271.66,273.29,274.44,274.41,274.01,274.24,274.78,274.06,272.61,272.99,273.96,274.76,274.26,271.43,271.26,272.21,274.34,274.09,274.21,273.34,273.77,272.71,273.66,273.89,274.34,274.01,274.41,274.74,274.83,273.26,273.29,272.23,271.94,272.53,272.18,270.66,271.18,272.51,273.21,272.11,272.03,271.11,268.21,271.56,272.37,272.49,272.18,272.69,269.79,272.94,274.02,272.04,272.84,273.94,272.26,264.76,266.67,270.48,269.66,269.17,270.91,269.46,268.39,269.56,268.86,272.63,272.76,272.84,273.29,272.91,271.71,270.89,271.64,272.71,270.01,268.91,268.04,273.76,272.89,272.58,269.29,273.14,265.43,263.08,266.81,273.83,263.6,263.08,263.21,266.33,272.05,271.4,270.96,263.0,259.36,262.08,268.5,271.28,272.75,266.96,270.03,268.88,271.75,266.73,271.25,270.63,270.83,268.93,260.83,257.73,257.38,253.03,261.36,271.33,249.78,252.48,263.08,262.43,268.18,272.03,270.23,273.05,271.75,261.48,256.83,263.28,254.53,264.13,258.36,262.53,266.91,269.03,270.68,272.73,272.78,272.68,263.18,254.36,261.98,268.21,264.38,266.61,265.98,264.18,264.8,270.4,271.88,271.93,267.08,255.58,261.48,268.18,270.93,270.03,269.5,270.98,268.71,269.3,267.43,265.66,263.65,260.18,260.8,261.46,267.31,271.61,271.33,270.75,271.71,256.88,262.71,256.03,270.5,260.98,256.08,258.96,267.73,272.75,271.73,273.0,271.8,271.18,272.25,271.6,270.28,270.41,270.73,271.25,271.33,273.08,271.71,272.43,272.38,271.71,272.41,272.73,268.66,265.48,269.91,271.65,272.35,272.73,273.43,272.88,272.78,273.46,271.93,272.33,272.73,272.28,272.43,273.38,273.33,272.43,272.13,271.55,273.0,274.58,273.48,273.98,274.23,272.63,274.35,273.96,272.98,273.61,272.56,273.16,272.86,274.41,274.08,274.3,272.71,272.71,273.31,273.88,273.55,272.83,273.65,273.73,274.68,275.38,274.78,274.71,276.53,275.33,274.66,274.58,273.61,273.93,274.75,274.55,273.16,273.61,273.56,274.25,274.23,275.3,277.38,276.73,275.43,274.98,273.71,274.18,274.25,275.16
274.96,275.05,276.18,276.65,276.18,275.23,275.18,274.96,274.0,274.18,273.68,274.48,275.08,275.15,274.53,275.65,275.91,275.18,275.13,273.78,274.15,274.46,274.33,274.9,274.63,275.21,274.5,274.3,275.08,274.63,274.48,274.75,274.13,274.08,274.31,274.75,274.75,275.23,275.8,275.58,274.78,275.38,274.53,276.71,277.08,276.5,276.68,275.25,275.75,275.96,274.55,274.13,275.75,276.36,276.31,277.28,276.3,275.48,275.43,274.25,275.53,275.38,276.63,276.08,276.38,274.73,275.31,276.36,277.08,276.5,276.08,274.83,275.3,276.41,275.66,277.3,276.98,276.08,276.58,276.43,275.03,274.86,274.68,274.36,275.88,275.63,274.18,274.23,274.38,274.18,274.11,272.78,273.66,275.15,275.05,273.9,272.28,273.78,274.48,274.53,273.63,272.36,271.13,272.71,271.68,273.21,273.78,274.58,274.16,273.63,273.58,274.11,272.0,269.86,269.3,268.28,269.21,271.25,272.63,272.53,272.56,270.43,270.81,269.58,271.58,274.33,271.88,273.33,267.43,268.78,269.03,270.96,271.66,269.68,266.71,268.93,271.78,272.8,273.61,273.43,272.98,272.58,272.68,272.83,272.18,273.53,273.18,272.78,272.83,271.36,268.75,268.85,272.21,272.46,272.66,271.93,269.18,268.03,268.38,271.11,270.75,268.46,268.88,271.11,272.73,272.06,273.46,272.13,273.36,270.63,268.71,267.05,267.35,267.33,266.16,265.86,268.93,270.33,272.21,272.68,272.33,268.18,266.68,267.55,268.96,267.08,268.43,271.28,262.86,259.53,263.58,260.58,261.93,266.61,266.71,270.96,273.33,273.28,270.36,272.18,268.68,272.53,263.63,266.55,272.03,266.63,264.11,269.71,273.5,274.11,273.88,272.73,272.33,267.66,266.41,262.53,266.36,272.18,269.8,263.78,266.33,270.43,271.28,272.4,272.4,272.13,272.53,270.93,263.66,265.35,261.58,262.03,263.38,267.21,270.73,270.23,270.28,267.38,259.05,261.63,261.3,258.98,258.21,270.05,271.06,270.21,267.33,273.61,270.63,269.48,271.66,272.75,272.83,272.46,272.46,272.0,271.83,271.15,268.75,268.15,269.21,271.66,267.25,264.18,270.83,272.3,271.86,272.63,272.36,268.86,266.85,268.35,268.55,269.23,271.73,272.71,273.58,272.61,272.23,272.25,272.58,271.83,271.33,266.61,268.13,270.08,273.21,272.36,272.0,271.25,272.05,268.98,270.63,271.83,270.75,270.68,272.0,271.03,271.55,272.08,272.13,272.25,272.3,272.33,272.13,272.68,272.18,272.11,272.08,272.08,272.58,272.68,271.46,271.71,272.3,272.73,272.88,272.08,271.8,271.83,272.91,273.38,273.71,273.73,272.65,273.55,272.71,273.18,271.13,272.61,271.83,272.53,273.35,273.98,272.91,272.68,273.03,272.41,272.31,271.93,272.08,273.75,273.3,273.4,274.21,275.11,274.93,274.85,274.83,275.25,275.5,276.71,276.31,275.53,274.58,274.36,273.98,274.21,273.73,273.81,273.83,273.78,273.83,274.71,276.03
276.31,276.5,276.21,275.28,274.86,274.0,275.05,274.68,275.73,274.91,275.33,275.16,275.65,275.75,275.38,273.61,274.61,275.68,276.63,275.58,274.96,274.11,273.88,273.66,273.91,273.13,273.73,274.36,276.28,273.71,274.61,275.48,275.16,273.71,273.03,273.46,273.66,273.75,272.83,272.63,273.91,277.03,276.36,274.98,273.83,275.06,275.48,276.33,275.3,275.38,275.13,274.98,275.8,276.91,276.61,276.61,277.66,277.98,277.71,275.96,276.53,277.0,276.58,274.75,275.3,274.73,275.31,275.88,275.78,275.43,274.08,274.78,274.98,277.21,276.13,277.11,277.05,278.16,276.18,275.96,275.93,273.73,271.06,274.11,275.18,276.21,276.46,276.58,275.93,272.96,270.75,272.33,273.03,272.63,271.43,270.43,271.91,268.55,271.56,273.03,271.61,273.53,272.46,268.83,269.13,272.18,275.78,274.23,275.18,272.28,271.18,270.21,274.48,273.28,273.78,275.06,273.8,270.88,273.61,271.3,271.13,272.08,273.38,274.11,273.91,273.66,272.73,272.55,275.03,274.43,273.36,272.63,269.25,272.13,273.58,273.48,275.08,274.08,272.53,272.08,273.06,273.8,273.86,272.73,270.86,274.23,273.98,274.08,274.43,274.66,274.08,274.73,275.28,275.33,275.4,272.16,270.33,269.9,269.88,268.66,266.96,271.98,265.41,266.03,271.66,273.05,274.25,273.28,273.98,273.23,272.03,273.61,273.58,273.73,273.55,274.18,272.28,273.9,273.06,274.25,272.68,273.13,273.25,273.53,273.98,270.11,272.53,273.71,273.61,272.61,272.81,274.4,273.75,273.56,273.4,273.0,271.48,272.05,272.58,272.53,272.8,273.13,272.78,273.46,270.75,266.03,269.91,272.73,272.65,273.03,272.3,272.15,270.71,270.75,273.0,273.16,273.05,274.11,272.11,271.46,271.83,272.78,271.23,268.81,269.13,271.25,271.05,270.68,272.83,270.73,268.98,269.85,269.28,272.08,271.58,270.28,271.93,273.03,273.25,273.73,273.53,272.05,272.06,271.41,273.13,272.98,273.08,272.75,273.25,272.63,272.65,271.5,270.13,268.83,273.05,274.13,272.38,272.83,273.63,273.23,273.93,272.86,271.8,272.46,272.43,270.8,269.21,270.23,271.41,272.11,273.73,272.55,271.93,271.15,270.73,270.63,271.16,273.4,274.66,273.93,274.65,274.61,274.25,271.53,272.0,272.38,271.63,271.83,273.08,271.55,271.4,273.48,272.71,273.96,272.21,270.03,272.06,273.18,274.83,274.36,273.41,272.71,273.4,273.11,271.93,274.38,275.33,274.41,274.31,272.33,273.0,273.88,274.25,273.63,273.5,274.38,273.58,273.66,274.05,273.86,273.68,273.46,273.65,273.41,273.05,273.83,272.61,272.53,272.61,273.23,272.63,272.9,273.73,275.0,275.58,274.75,275.33,274.13,274.05,273.98,272.78,273.08,273.83,274.38,274.33,275.28,274.91,273.86,273.88,273.91,275.18,274.78,273.83,274.18,275.18,275.73,275.93,276.11,276.55,276.96,274.88,275.28,275.46,274.28,275.03
275.16,275.5,275.91,276.53,276.33,274.86,274.43,274.03,274.96,274.81,275.3,275.83,274.83,274.71,273.73,274.15,275.8,276.63,274.85,274.3,274.55,273.98,274.08,274.43,274.98,274.68,274.73,274.78,275.11,275.48,275.06,275.56,275.63,275.03,275.08,275.78,277.23,277.78,277.38,276.83,277.38,276.25,276.5,278.18,276.73,275.36,275.65,275.63,274.9,275.11,274.53,274.63,275.08,277.23,276.75,275.65,276.28,276.7,278.33,277.78,276.93,275.36,275.55,274.96,276.46,277.36,276.4,275.88,274.56,276.78,277.66,275.06,273.83,272.68,273.25,276.11,275.03,275.13,275.96,276.33,276.28,275.98,275.78,275.88,276.05,275.58,276.21,276.36,278.18,277.11,276.28,275.06,274.25,274.56,274.63,275.23,275.5,275.23,275.5,275.18,275.0,274.18,272.21,273.63,275.18,275.5,273.53,273.06,273.71,273.21,273.71,275.11,273.96,271.46,271.75,273.21,274.05,272.13,270.7,272.21,272.55,272.68,272.61,271.28,270.33,269.8,269.08,267.18,267.33,270.55,269.81,268.58,268.43,270.28,271.98,273.18,272.06,273.5,274.4,274.18,273.28,272.5,275.23,274.91,274.53,273.38,270.06,269.5,268.86,272.36,274.36,274.85,275.18,273.85,272.63,271.3,269.85,270.03,271.0,271.28,269.06,269.53,272.08,273.3,273.03,273.73,273.63,272.78,272.98,273.43,271.78,273.38,274.03,273.78,272.68,273.41,273.68,272.98,272.28,271.53,273.16,273.53,274.5,271.78,269.61,273.25,274.05,271.83,270.53,270.53,274.31,273.28,272.15,271.63,271.06,268.03,270.23,272.5,271.73,272.48,271.63,268.21,268.83,269.3,266.38,265.71,265.25,267.38,268.36,271.86,272.33,272.98,272.03,271.78,272.11,265.73,265.9,269.93,266.53,270.63,273.11,272.58,272.36,271.83,270.91,272.08,271.28,273.73,272.98,271.91,272.25,272.68,271.86,268.91,270.13,269.28,270.21,273.36,272.31,270.53,272.13,273.3,270.3,268.33,268.58,267.58,269.0,269.78,272.83,273.38,273.28,273.55,272.56,271.56,272.16,272.25,267.96,268.68,269.73,268.68,262.0,263.71,271.13,272.96,272.86,271.75,265.08,270.48,272.53,273.11,272.46,271.43,272.58,272.88,272.6,272.03,272.83,272.23,270.98,272.33,273.25,272.5,272.36,272.68,273.46,272.53,271.65,271.96,271.33,271.46,271.86,273.3,272.48,272.41,271.55,272.75,270.25,267.58,269.63,273.66,272.58,271.53,272.48,273.5,273.83,273.55,272.58,272.43,271.83,270.98,271.58,272.75,272.75,272.56,273.58,273.86,273.11,272.86,273.18,272.98,272.31,272.83,272.98,273.75,274.68,272.73,273.66,272.78,272.63,272.85,272.36,272.61,273.73,273.33,272.96,274.83,273.78,272.06,273.18,272.48,272.46,271.73,272.63,273.8,273.55,273.33,273.23,272.93,272.73,273.46,273.3,273.16,273.73,274.03,273.53,273.71,274.38,273.63,273.68,273.61,273.46,273.75,274.11,274.48,274.53
274.25,274.03,273.75,275.0,277.0,276.5,275.36,274.43,275.18,275.63,277.48,277.05,278.33,277.23,276.11,275.18,275.65,276.21,276.71,277.15,277.13,276.73,276.35,275.38,276.71,275.8,274.88,274.93,277.56,277.03,277.28,277.55,277.28,276.93,277.88,276.71,276.25,275.46,274.23,273.16,273.73,273.86,275.33,277.21,277.53,278.0,277.55,276.21,277.21,277.65,277.73,276.28,275.63,276.03,275.61,275.68,276.03,276.13,275.48,276.38,276.0,276.0,275.58,276.43,277.05,275.43,275.73,276.36,275.98,274.53,275.3,275.53,274.06,274.46,275.68,274.25,275.28,276.48,275.13,273.63,273.71,273.93,273.36,273.28,274.46,272.43,270.53,271.03,272.96,273.73,273.21,274.43,275.28,274.58,273.98,274.23,275.5,275.33,272.38,270.46,271.4,272.5,274.38,274.63,275.83,276.41,275.78,274.65,275.0,275.38,273.68,274.13,273.08,274.21,275.36,271.75,271.78,267.31,270.05,273.4,274.23,269.98,271.96,273.23,273.05,269.05,270.28,269.98,267.78,266.86,271.05,269.71,271.63,275.66,271.58,273.13,275.5,274.23,273.58,271.98,268.68,269.36,271.88,272.73,271.18,268.4,265.58,268.13,272.36,268.56,270.88,264.28,264.68,269.91,272.23,270.25,264.03,269.53,264.91,270.55,267.43,272.6,263.86,263.66,267.71,261.23,261.16,263.0,263.68,267.11,268.3,270.0,270.46,269.8,270.8,266.96,266.85,272.0,272.63,272.83,269.71,269.96,271.91,271.28,268.56,271.73,271.8,265.48,268.73,262.33,262.58,262.93,267.43,254.86,264.18,253.11,249.23,258.25,272.48,270.33,272.21,272.41,270.75,271.23,271.0,267.91,260.33,258.18,264.36,270.46,268.68,272.58,268.08,269.33,269.0,263.73,263.3,251.61,257.71,267.28,268.75,270.48,271.68,266.25,265.93,272.71,274.03,273.3,271.03,274.4,271.96,269.05,262.65,271.28,272.11,267.66,271.61,272.28,271.93,271.83,265.23,263.21,261.08,273.13,273.36,273.5,268.23,270.46,273.48,271.03,270.73,268.03,263.81,265.03,270.23,272.11,272.33,272.5,272.18,272.63,270.13,266.21,265.55,267.5,264.38,261.91,267.68,263.53,269.33,271.21,270.43,269.25,268.88,268.98,269.91,268.48,270.06,269.8,269.03,268.58,267.58,269.38,271.48,269.61,264.58,268.66,266.96,267.5,273.13,273.43,272.58,268.5,269.68,272.11,272.16,271.36,271.41,272.86,272.81,270.23,267.55,273.48,271.5,272.4,273.38,274.36,273.68,273.71,273.36,272.33,272.18,274.0,273.63,273.38,272.25,273.25,273.36,272.83,272.91,272.16,272.61,273.13,272.63,271.23,271.28,272.91,271.41,270.93,270.58,271.93,271.31,272.48,272.21,271.86,271.43,271.83,272.11,272.48,272.8,272.63,271.06,271.21,270.86,271.58,271.48,273.0,273.83,272.78,272.05,271.98,272.86,272.46,272.13,271.21,271.23,271.75,272.31,273.11,271.48,271.86,272.55,272.88,272.36,272.3,272.55
272.25,272.93,272.78,274.3,275.68,276.05,275.58,275.16,275.08,275.41,275.8,274.16,274.91,274.16,274.05,273.48,273.98,274.71,275.05,273.86,273.83,274.23,274.73,276.53,276.21,275.66,275.68,274.31,273.63,274.61,276.21,275.46,276.28,277.18,275.63,275.93,275.33,276.48,276.18,275.81,276.28,274.66,275.08,274.66,275.33,273.75,273.98,273.55,272.48,274.41,275.58,275.11,275.11,275.63,275.41,274.93,275.78,275.53,277.11,273.98,274.28,273.86,275.71,276.13,275.88,274.68,275.93,275.71,275.15,274.53,272.98,272.88,273.93,274.48,273.91,272.88,272.78,272.33,271.58,271.25,271.08,272.68,274.13,273.53,274.71,273.58,270.21,272.5,275.16,272.53,274.23,271.36,271.11,274.81,273.73,273.21,274.61,275.83,276.36,276.68,274.33,271.4,269.03,271.3,273.78,274.05,271.3,268.28,271.6,272.48,273.28,272.5,272.0,274.68,276.08,275.25,274.58,275.5,273.75,273.48,271.96,271.08,271.53,272.9,268.03,267.21,268.38,271.25,268.28,268.21,266.98,273.05,273.11,274.53,274.9,274.05,274.03,273.71,272.38,272.71,273.25,273.3,271.83,265.55,267.91,269.43,265.05,269.71,272.28,269.18,272.61,273.18,269.0,265.71,267.25,263.58,267.21,272.16,272.65,265.53,261.86,266.98,271.08,273.08,271.05,271.43,272.46,273.0,271.68,272.06,273.1,271.65,270.81,269.18,265.23,269.53,272.53,271.31,270.58,266.36,265.23,263.73,262.48,258.21,257.73,257.96,262.8,253.98,263.23,256.83,252.0,258.16,266.36,262.53,247.58,255.66,267.43,256.43,271.88,271.03,268.23,257.73,251.03,267.86,271.43,272.78,273.25,273.3,273.63,264.71,269.81,263.05,268.78,243.43,246.06,261.88,267.23,270.15,271.0,270.13,267.93,257.68,268.0,272.03,268.75,268.93,272.78,272.83,270.33,270.13,272.28,272.03,273.73,274.96,274.38,272.16,272.55,269.68,268.5,268.55,271.08,269.58,261.08,269.11,272.15,272.86,273.53,272.48,271.21,269.21,267.71,269.96,270.71,272.28,272.53,272.18,272.68,271.0,272.0,272.83,272.48,273.23,273.23,271.8,271.8,271.55,271.06,268.68,267.73,270.55,270.5,270.5,270.86,270.8,273.08,273.28,272.78,273.18,271.8,269.65,266.53,266.78,270.53,272.21,272.61,273.15,272.96,272.28,272.98,273.08,274.0,274.43,273.58,274.23,273.78,272.61,271.71,273.53,273.93,273.63,273.4,272.13,272.91,271.88,271.8,271.3,270.55,270.86,271.85,274.58,272.75,271.23,270.83,271.46,271.21,272.75,273.36,272.63,274.63,274.3,273.68,274.68,274.23,273.98,273.25,272.71,272.98,273.43,273.36,272.91,274.41,275.0,273.43,273.3,272.65,273.71,274.86,275.46,274.91,274.15,274.25,273.96,273.5,273.86,275.5,273.38,274.71,275.86,275.16,275.31,274.93,274.33,274.06,273.0,272.63,273.11,274.23,273.16,274.81,276.31,277.03,276.68,276.0,275.03,273.36
273.0,273.05,272.5,272.31,272.43,274.15,274.85,274.75,273.78,273.21,272.78,272.61,273.11,275.05,274.5,273.96,273.96,273.98,273.88,274.25,276.75,277.41,276.11,275.35,274.71,274.25,273.88,275.65,276.36,276.91,277.43,278.5,275.78,275.63,274.9,276.38,276.43,274.11,275.93,277.48,276.68,276.38,277.46,278.16,276.8,276.15,274.88,274.08,275.68,275.33,274.05,274.63,273.93,273.18,273.98,274.9,274.96,275.9,276.0,273.78,274.81,276.78,275.93,275.9,275.71,277.16,276.13,274.8,275.23,276.28,275.46,275.3,274.78,273.83,273.75,274.1,274.63,274.33,273.0,273.13,273.43,273.05,272.75,272.68,274.75,274.25,274.03,273.68,273.78,275.08,273.5,273.83,274.36,273.61,276.21,275.3,276.18,276.08,276.08,274.78,273.31,273.48,274.68,274.23,273.46,272.36,271.48,273.96,275.16,274.38,271.8,271.5,274.8,272.71,274.8,274.58,274.25,273.71,272.36,272.93,273.28,274.61,275.73,276.48,275.88,274.98,273.8,275.43,273.98,273.58,270.16,268.41,270.13,271.08,270.41,270.36,272.63,274.23,274.65,275.71,276.36,275.38,275.21,272.91,272.66,272.43,274.21,274.38,274.98,274.3,272.18,270.71,272.11,273.73,274.93,273.63,272.41,268.73,267.5,266.55,266.91,271.86,273.43,273.75,273.93,273.48,273.23,271.03,272.18,270.9,272.68,272.46,272.38,269.33,273.08,271.73,266.43,266.78,267.06,268.88,268.53,269.88,270.28,264.98,267.08,266.23,269.46,270.08,269.63,269.71,268.88,269.31,272.3,273.23,273.25,273.73,272.53,271.88,270.11,270.83,264.38,269.18,270.73,272.46,271.41,270.73,273.13,273.5,272.46,269.63,273.0,273.41,273.25,274.58,274.55,273.56,273.66,272.86,273.11,272.03,271.58,271.23,268.06,268.86,270.75,272.03,273.13,272.33,271.86,273.41,271.3,268.91,272.23,271.66,266.58,271.73,270.41,270.3,272.28,271.0,266.73,263.75,263.93,264.91,269.38,271.86,265.83,268.08,271.08,272.83,272.96,271.55,272.28,270.38,272.8,273.5,271.91,269.4,263.28,262.46,265.63,270.63,262.71,268.58,265.73,271.78,270.96,268.23,273.75,272.96,272.28,270.75,268.63,270.78,266.71,266.55,270.8,273.06,272.96,273.18,273.13,272.36,273.43,272.86,272.61,271.8,272.63,272.05,270.58,269.21,270.1,270.15,270.53,270.71,270.23,272.63,270.93,271.8,271.53,270.16,273.18,273.55,272.4,271.5,272.58,271.98,272.03,269.86,267.96,271.4,273.33,273.11,272.71,273.16,273.41,274.11,273.03,273.25,272.48,273.46,272.98,273.48,275.38,274.93,274.46,272.83,272.71,272.23,273.16,274.88,274.86,273.98,274.98,275.16,275.93,274.05,272.78,272.71,273.25,273.55,274.28,274.83,272.61,272.58,272.33,272.3,272.28,271.58,272.0,273.98,273.18,272.93,272.36,272.23,272.06,273.25,275.11,275.86,275.53,274.28,273.61,272.75,273.36,273.96,274.63
273.86,272.78,273.58,272.63,273.71,275.48,275.25,275.11,274.03,276.11,277.18,276.5,275.21,274.58,274.43,274.18,275.08,274.55,277.28,277.48,277.38,276.58,276.58,275.33,275.8,275.71,276.5,275.3,276.83,276.63,277.68,277.43,276.11,276.4,276.11,275.33,275.13,275.0,276.46,276.78,275.93,274.81,275.68,276.58,277.46,277.93,276.33,276.33,275.61,274.46,275.13,275.23,275.91,276.06,273.16,275.53,276.15,276.96,275.96,274.31,273.03,272.43,272.98,274.93,276.93,276.88,277.25,276.38,275.68,275.11,274.38,274.75,273.98,274.21,274.56,273.38,272.15,271.66,274.71,275.43,275.03,275.66,276.16,275.48,274.33,275.46,277.18,276.13,275.41,274.93,273.83,274.53,274.93,275.41,274.93,274.46,272.48,272.38,275.11,275.91,274.66,271.96,272.98,273.88,275.11,274.23,270.71,269.36,269.5,268.66,271.08,272.36,269.05,268.28,271.78,275.21,271.73,273.3,273.65,274.78,275.75,275.18,273.75,269.86,269.8,268.63,270.31,270.25,269.5,270.63,272.03,273.53,272.16,269.38,269.93,269.53,269.65,272.66,273.68,273.23,273.88,272.53,270.55,271.8,272.78,272.33,269.4,265.23,266.25,266.78,268.78,273.46,272.83,272.08,273.38,272.71,272.08,269.96,269.98,264.78,266.88,266.46,261.93,263.28,262.5,267.96,270.23,266.78,268.93,271.08,271.96,271.08,271.16,271.5,271.98,271.33,272.93,273.5,271.8,268.68,268.73,271.61,271.78,268.93,268.78,271.88,271.33,271.48,272.13,271.21,270.71,263.86,266.25,272.55,266.1,261.81,260.23,257.53,256.38,256.83,264.78,265.53,269.21,269.66,264.36,270.93,259.16,254.38,249.98,258.55,268.78,272.43,271.36,269.48,272.41,269.71,271.9,273.25,272.71,273.63,273.21,273.5,271.38,273.18,270.93,267.5,272.98,273.66,273.58,273.58,272.4,272.06,270.96,264.48,268.38,271.66,268.63,259.03,260.53,268.71,273.13,270.71,272.38,271.25,273.41,273.21,271.83,272.43,271.68,267.96,266.61,271.81,272.38,273.11,273.83,274.31,273.11,271.93,270.23,270.83,272.68,272.23,272.93,272.08,272.53,271.83,272.9,272.81,273.05,271.83,272.68,272.05,269.68,271.36,270.25,269.21,270.18,268.41,267.66,270.38,272.5,272.86,272.11,271.38,267.48,274.58,272.53,271.93,271.48,270.46,271.0,270.56,270.25,269.58,271.68,271.71,267.08,266.58,272.25,271.81,267.43,264.41,269.75,266.36,267.21,271.0,273.18,273.56,273.3,273.68,273.55,273.15,272.5,273.06,273.48,274.33,273.4,274.28,273.23,273.25,273.25,272.33,272.53,273.86,273.21,273.38,274.23,272.63,272.68,272.16,272.88,272.58,273.03,272.86,272.0,272.81,272.91,272.46,272.75,273.33,274.23,274.93,274.08,273.58,273.88,273.56,273.75,273.78,274.38,274.0,274.05,274.31,275.83,275.3,274.9,274.78,275.25,273.93,273.41,273.75,274.4,275.18,275.08,275.53,273.71
273.28,274.06,274.61,275.93,276.28,275.63,274.38,274.0,274.08,274.48,275.08,276.08,275.93,276.53,274.93,275.23,274.9,274.18,274.31,275.78,275.71,276.63,276.83,276.96,276.88,278.33,278.0,276.23,276.93,276.21,276.23,277.08,277.08,276.73,276.36,274.68,275.81,274.93,277.83,276.55,276.73,278.0,278.46,278.46,277.58,276.58,274.93,275.43,275.96,274.8,272.88,272.91,275.66,276.18,275.65,276.46,277.25,276.36,275.05,276.48,276.41,277.48,276.73,274.66,275.55,277.06,276.56,276.5,275.83,274.23,273.08,273.48,276.11,276.68,277.05,274.73,275.28,274.73,276.66,276.48,276.16,274.43,274.71,275.11,275.71,275.41,274.86,274.71,273.48,271.78,271.78,270.78,269.16,270.66,274.61,275.68,275.66,277.11,275.23,275.55,274.4,274.71,275.46,275.93,275.15,276.98,277.88,276.46,275.65,275.93,276.8,276.4,275.21,277.36,276.73,275.75,273.66,272.33,270.55,272.33,272.5,272.15,273.08,273.36,274.21,273.98,274.21,273.56,273.98,273.46,271.78,270.16,270.63,274.56,271.83,271.08,273.48,273.18,274.68,275.16,275.11,273.73,272.5,268.91,270.96,271.88,270.13,273.68,267.13,269.36,270.58,269.31,269.9,272.16,273.45,274.33,273.55,272.98,273.48,272.83,273.38,274.58,271.46,270.23,270.25,269.28,268.28,269.41,269.91,271.78,273.0,273.71,273.93,272.38,271.33,273.05,272.78,272.86,273.46,270.56,269.38,267.48,265.98,264.53,265.58,263.83,269.56,273.48,272.33,272.71,273.13,271.38,269.43,266.93,266.58,271.21,272.96,272.41,272.0,271.28,272.61,271.08,270.61,268.36,272.71,273.83,273.43,272.66,269.18,267.83,267.23,269.93,273.83,272.91,273.48,271.25,271.8,270.23,267.28,270.75,269.73,266.15,261.93,262.5,261.3,252.21,254.33,266.61,270.86,271.13,272.18,271.05,272.48,273.4,274.33,260.6,262.96,265.9,262.55,260.71,269.38,271.53,270.21,270.68,271.11,270.96,272.4,270.83,266.58,263.36,272.25,268.35,262.58,257.8,256.16,259.23,264.73,270.58,271.1,272.73,272.78,271.31,269.43,267.91,269.75,270.78,272.81,272.46,272.63,271.55,271.55,267.48,273.53,272.48,272.23,274.18,273.33,273.06,273.25,272.61,273.55,273.08,272.96,273.03,273.13,271.96,272.86,273.75,273.16,272.33,272.23,271.46,271.75,271.28,271.58,271.46,271.48,272.66,271.18,270.78,271.13,271.33,271.48,272.03,272.48,272.43,272.25,271.18,272.43,271.68,273.46,272.71,271.75,271.58,271.8,271.83,272.35,273.11,273.05,274.33,271.66,271.36,270.91,271.18,274.83,274.63,274.13,274.58,273.68,272.96,273.83,273.11,274.35,273.93,273.88,272.81,272.86,272.41,273.58,272.36,271.93,271.6,271.93,272.53,272.93,273.71,274.25,273.91,273.53,274.61,273.25,273.38,272.73,272.85,272.63,272.88,273.53,273.73,273.6,274.56,274.96,276.28,275.25,274.48,274.33
274.93,276.05,276.78,275.68,274.68,274.71,274.88,273.96,274.91,274.91,273.96,273.53,273.46,273.93,273.98,273.71,273.41,275.65,276.31,276.15,277.11,276.36,276.46,277.08,275.78,275.58,274.48,274.48,274.23,273.18,273.38,273.71,274.08,273.88,275.06,275.8,276.13,276.78,276.48,274.5,275.21,275.66,275.28,276.46,276.71,275.08,275.98,276.68,277.93,278.38,279.38,278.23,277.88,277.05,277.13,277.88,276.36,276.25,275.88,277.15,276.83,275.33,275.63,276.71,277.63,276.08,275.91,276.33,276.35,277.33,277.08,276.33,277.75,277.21,274.53,275.58,275.85,275.0,276.33,278.08,277.93,274.28,275.65,277.88,277.53,276.23,274.11,273.75,273.46,275.71,276.06,276.08,274.98,273.83,274.75,274.68,275.86,273.81,271.73,272.5,271.16,271.56,272.73,271.75,272.36,273.03,270.98,272.5,274.13,273.38,271.33,273.4,274.11,273.65,271.28,269.75,272.41,275.68,275.13,272.28,274.68,276.05,274.05,273.9,273.5,272.8,274.05,274.43,274.63,273.88,274.5,274.18,273.41,270.16,269.53,273.63,273.38,275.08,274.21,274.13,272.78,270.5,268.66,272.38,272.63,268.8,273.38,276.35,276.28,273.91,273.08,272.75,269.06,271.8,273.75,272.0,274.21,273.08,270.43,272.0,273.05,273.43,271.78,272.55,273.78,272.53,268.88,267.48,265.9,268.53,271.41,273.05,271.63,271.23,273.58,271.75,267.63,266.03,266.85,271.78,270.25,269.36,273.21,272.23,265.38,263.8,270.38,273.11,273.66,273.13,273.33,272.91,272.96,272.56,271.98,272.75,270.83,269.48,266.5,266.46,263.43,262.53,271.68,267.98,262.48,270.98,273.8,272.9,273.33,273.78,272.41,273.38,270.88,265.28,263.33,263.91,270.88,268.48,272.3,272.05,272.53,271.58,272.0,272.5,272.71,274.23,272.03,271.88,273.13,269.41,272.08,273.0,274.33,273.38,271.98,273.1,270.73,269.3,268.58,267.41,264.31,265.5,266.98,261.5,261.35,262.08,262.36,265.05,267.18,268.83,268.78,270.93,272.71,263.43,266.58,273.8,272.61,271.03,269.46,266.88,266.88,272.08,271.71,271.33,271.93,272.55,272.58,274.18,273.0,273.68,273.06,273.9,273.08,272.68,272.96,271.66,272.06,274.13,273.25,272.71,271.43,271.28,272.16,272.5,273.3,272.15,271.96,273.58,271.33,271.48,272.03,271.58,271.25,270.48,273.11,273.21,272.21,273.98,274.03,272.58,272.48,272.48,272.43,274.03,274.68,274.43,273.68,274.25,275.21,274.5,274.58,274.78,273.71,274.46,275.53,273.93,273.11,274.75,273.53,273.53,274.53,275.43,274.05,274.3,274.06,274.28,274.0,272.43,273.05,274.3,274.93,273.75,274.83,275.61,274.38,274.58,273.11,273.28,272.63,273.96,275.33,275.8,274.86,275.33,273.43,273.33,272.83,273.13,274.88,273.75,273.23,273.03,274.25,275.28,274.3,274.13,274.53,274.53,275.53,276.08,274.63,273.58,274.15,275.93,275.63
276.0,275.35,275.39,274.94,276.07,277.92,277.47,276.67,276.3,275.52,275.8,277.47,278.17,277.3,276.47,277.47,277.17,276.82,275.57,276.37,276.52,277.72,279.1,277.82,277.82,277.12,276.1,275.64,275.45,275.37,274.92,274.35,274.37,274.65,275.95,275.42,274.15,275.55,276.67,276.74,277.27,275.7,275.39,277.77,278.37,277.42,276.79,277.7,275.82,274.55,274.97,275.92,275.85,276.22,275.39,275.02,274.74,273.55,274.15,276.82,277.05,277.25,277.64,277.14,276.6,276.92,277.02,277.37,275.4,275.7,273.3,272.27,274.57,274.27,274.45,275.62,276.92,276.9,276.3,275.7,276.67,274.92,275.6,273.75,273.2,274.27,276.3,276.65,276.2,274.62,273.47,271.89,271.87,273.25,272.14,272.39,274.24,275.95,276.8,276.25,274.9,274.0,276.35,277.05,276.67,276.35,276.12,275.6,275.14,275.27,273.57,274.27,274.85,275.24,275.25,275.4,271.37,273.65,274.57,274.82,274.2,270.55,270.44,273.95,271.82,271.27,271.65,272.45,272.17,270.17,274.72,275.52,276.24,275.5,274.79,275.0,271.7,272.6,272.52,270.89,271.32,272.6,272.45,270.0,271.24,268.07,270.32,268.05,271.65,274.37,275.1,274.75,275.37,274.52,274.8,275.37,276.42,275.27,270.87,268.5,270.2,272.12,269.24,265.02,270.35,271.74,272.45,272.55,274.3,271.85,273.5,274.8,274.49,274.35,272.95,272.77,273.24,273.02,273.1,271.57,269.22,268.25,267.39,265.55,263.02,260.6,261.52,258.65,265.45,264.49,267.37,271.6,272.77,272.35,273.47,272.47,271.2,271.14,271.5,271.37,274.35,275.25,274.57,274.1,267.47,272.9,273.8,271.35,269.75,267.85,272.87,272.05,269.57,264.35,264.75,269.17,267.77,265.92,267.52,271.2,274.22,273.64,273.55,272.17,272.57,273.22,271.35,267.8,272.6,272.37,272.72,265.0,270.97,264.07,273.52,274.02,274.45,267.45,272.5,272.67,272.45,273.2,272.95,272.15,269.77,267.35,269.05,271.64,272.87,272.77,272.75,271.77,269.49,271.92,268.52,268.67,266.32,268.29,269.3,267.8,264.1,269.95,260.5,264.02,260.7,258.32,256.27,255.37,254.62,264.42,266.64,270.12,266.87,256.32,268.52,272.14,267.62,274.3,272.55,272.67,268.47,272.5,271.95,264.77,265.6,267.9,271.7,269.22,265.55,267.1,271.07,273.87,273.0,273.2,272.74,272.07,271.52,268.55,269.47,271.2,269.9,271.25,268.64,269.77,272.05,267.0,268.42,270.8,272.55,272.39,272.77,271.87,268.27,267.3,269.99,271.82,272.15,272.89,272.47,268.25,267.52,267.72,270.02,268.82,269.77,270.49,271.42,270.82,271.27,271.39,273.1,273.85,273.95,273.3,273.32,272.37,272.75,271.72,270.85,271.1,272.05,272.85,272.74,272.85,273.5,273.2,273.37,273.45,273.0,273.24,272.67,272.5,272.67,272.45,271.92,271.72,272.82,272.17,271.42,271.42,271.52,272.0,272.87,272.49,272.35
273.14,273.3,273.95,274.17,273.62,274.27,274.92,274.07,273.77,274.07,274.87,273.67,274.14,274.64,275.75,275.57,274.52,273.67,275.25,275.65,275.87,275.67,274.1,273.47,274.05,274.07,274.92,274.55,274.95,275.05,273.7,273.65,274.1,274.52,274.92,276.27,276.5,277.02,275.6,275.8,274.52,273.6,275.42,276.2,275.24,274.49,273.87,275.07,274.35,274.8,275.5,274.47,274.72,276.15,273.99,273.74,274.57,273.49,273.5,274.15,274.3,272.82,274.92,275.57,274.24,275.5,275.7,276.17,272.39,275.12,274.99,271.72,274.37,276.27,275.24,276.12,276.62,275.67,275.92,275.17,274.85,276.12,273.77,272.45,273.95,273.97,275.89,276.47,277.1,275.89,273.22,273.9,277.12,276.42,274.6,275.62,273.85,275.87,275.3,272.6,274.07,275.95,276.2,274.45,271.42,270.02,274.6,277.17,276.72,276.95,273.52,273.64,269.52,269.62,275.4,272.3,274.32,275.62,273.72,273.14,273.4,273.7,275.75,275.24,275.7,275.79,275.75,274.65,272.22,271.8,267.45,266.4,265.72,271.77,274.49,275.85,270.97,271.6,265.87,266.47,270.14,266.52,265.45,265.42,266.95,261.27,268.32,269.75,271.17,262.5,269.55,273.67,272.0,272.95,272.32,273.27,273.32,264.65,268.8,262.6,262.65,259.45,268.97,269.65,265.27,261.39,268.55,271.35,271.95,271.77,271.7,270.82,272.35,271.49,272.77,272.8,269.57,261.17,269.47,269.89,273.4,272.92,272.75,273.07,273.77,273.35,273.47,273.05,273.57,269.97,274.37,273.27,274.1,271.74,272.97,273.15,272.57,273.82,272.74,270.72,266.37,265.74,271.7,273.27,274.42,271.57,273.2,270.17,266.62,263.15,263.4,269.6,271.07,272.64,271.02,265.62,266.42,263.22,268.57,272.17,272.37,272.1,270.92,271.47,273.2,272.77,272.62,269.37,271.95,272.85,273.3,271.62,265.72,260.82,265.1,267.0,258.22,271.7,267.64,262.47,268.97,271.85,272.22,271.77,271.42,272.52,268.22,268.9,267.64,268.82,271.7,272.14,271.77,271.8,272.02,271.07,270.47,264.82,265.27,263.55,268.47,270.95,271.57,270.85,272.47,272.77,272.39,273.24,272.82,272.27,272.62,272.7,271.0,270.45,272.57,272.4,272.37,271.37,271.75,272.77,272.32,270.77,272.25,269.8,267.67,269.97,271.52,271.87,271.47,272.3,273.45,273.05,271.42,272.05,272.7,272.85,270.85,273.74,274.1,274.3,273.49,272.97,273.07,274.57,275.45,274.1,273.55,274.95,271.64,270.77,270.57,272.24,273.6,273.1,273.55,275.12,275.92,274.1,273.52,273.67,273.57,273.1,273.8,272.47,273.24,274.2,273.67,273.75,273.37,272.7,272.3,273.62,274.12,273.72,273.64,273.12,273.35,273.49,273.52,273.72,273.9,274.24,272.82,273.14,273.57,273.19,273.5,274.05,274.02,274.1,274.52,273.55,273.12,274.39,274.15,273.92,275.14,274.7,273.07,273.02,275.1,273.22,272.27,273.14,273.87
273.27,272.47,273.07,272.67,274.2,274.14,274.67,275.97,275.02,275.32,274.32,277.05,276.45,275.8,275.3,275.12,274.74,274.8,273.9,274.12,274.15,274.47,274.64,275.3,275.77,274.77,274.85,274.64,275.6,275.22,275.27,277.57,274.89,274.57,275.87,275.22,275.07,274.92,275.3,275.92,275.67,274.6,274.27,276.72,276.45,276.2,276.27,276.17,276.14,274.85,273.2,274.24,275.27,276.95,277.85,277.32,278.74,277.47,278.42,276.35,275.45,276.82,276.85,277.05,276.95,276.24,276.07,275.92,275.62,275.22,274.52,274.49,276.1,277.32,276.39,274.52,275.89,275.52,275.2,275.35,275.45,273.92,273.65,273.52,273.5,273.55,273.52,273.87,273.32,273.6,273.65,274.57,276.52,277.75,276.97,275.35,274.87,274.57,274.85,275.45,276.02,276.6,276.89,277.37,275.77,274.67,274.37,275.62,277.37,277.42,274.74,276.3,275.87,273.95,273.24,273.24,275.27,275.95,274.87,273.7,273.22,275.42,275.12,274.17,273.52,272.25,271.35,271.45,274.77,274.52,273.12,272.42,273.17,272.62,275.8,273.64,273.35,274.19,274.82,274.55,275.1,275.15,275.14,273.85,274.45,275.17,274.5,274.57,272.97,272.02,270.62,273.37,272.8,272.77,271.49,273.52,273.72,273.47,274.77,273.82,274.55,273.87,270.95,271.37,273.12,273.02,273.77,272.4,271.82,273.27,272.39,272.65,272.37,272.14,270.77,268.1,270.14,273.22,273.39,271.5,268.82,267.15,269.64,274.17,271.12,270.35,272.02,273.37,273.35,273.95,274.35,273.4,272.45,273.35,270.35,273.35,271.47,268.97,267.47,266.47,266.9,271.64,273.92,274.62,273.7,272.55,272.27,272.35,270.4,271.27,273.25,272.92,272.7,273.42,271.85,273.27,269.32,273.2,270.75,273.05,273.99,273.55,272.75,268.07,269.07,268.17,272.42,269.8,271.1,270.64,273.6,274.32,273.22,271.95,271.45,270.82,268.45,272.52,268.17,262.67,269.32,272.62,264.45,265.87,264.62,269.87,261.22,269.1,270.92,273.77,271.42,263.92,264.24,266.8,269.22,267.6,265.07,273.52,272.45,272.15,270.42,268.14,269.17,270.4,272.72,273.67,272.57,273.25,272.6,270.39,271.62,270.37,265.1,264.05,264.49,268.75,272.62,273.35,271.74,273.27,273.9,273.02,272.42,273.77,274.02,273.2,273.22,273.75,273.3,271.8,271.37,272.57,273.85,274.07,274.12,273.25,273.32,272.6,274.05,273.85,271.9,270.64,273.99,273.35,271.12,274.0,272.89,270.89,271.35,273.57,272.12,271.52,272.47,273.07,272.05,271.49,273.42,274.87,275.55,274.2,275.27,273.65,274.12,274.52,274.17,274.2,274.05,275.82,274.6,275.37,272.74,273.12,273.77,274.77,273.85,274.25,273.32,273.5,272.55,271.67,273.87,274.6,273.77,272.99,273.32,273.57,274.27,274.57,274.62,275.37,275.19,275.45,274.57,273.47,273.49,274.17,275.17,275.39,274.6,273.97,274.02,275.2,275.67,275.05,274.37
274.55,274.02,274.8,274.27,274.52,274.85,274.95,276.05,276.0,276.37,275.89,274.55,274.99,275.77,274.72,274.67,275.77,275.8,275.15,274.72,274.12,274.05,276.8,275.74,275.15,277.14,276.2,277.3,277.2,277.22,277.9,276.95,275.32,274.3,275.12,276.6,276.77,277.07,275.85,276.74,278.22,278.87,276.92,275.77,275.6,275.4,275.0,276.65,275.82,275.77,277.1,276.22,274.77,274.37,272.55,274.67,275.25,275.95,277.3,276.42,276.6,277.3,277.9,275.87,274.14,276.27,276.77,276.49,276.55,275.87,277.85,278.02,277.57,277.2,276.6,277.32,277.45,276.7,273.75,273.57,275.9,276.85,277.25,277.82,276.49,277.4,275.82,276.87,276.87,275.12,274.47,275.52,276.12,276.24,275.82,276.97,277.4,276.6,275.07,275.57,275.45,276.49,276.12,275.27,275.55,272.7,273.12,274.1,275.42,274.57,274.22,275.57,276.25,275.64,273.3,273.14,275.55,275.12,275.92,275.55,273.17,274.05,269.77,273.25,273.67,272.99,274.42,274.67,274.42,272.0,272.7,274.37,275.07,273.45,275.92,275.8,274.3,275.75,274.97,275.85,275.2,275.45,274.8,272.62,270.3,270.14,272.02,273.74,272.92,268.62,268.77,271.62,271.0,272.02,273.15,274.32,273.8,274.27,273.82,274.12,273.82,273.6,273.55,273.47,274.67,273.72,272.64,270.85,269.99,272.02,273.3,271.37,273.42,272.7,267.52,270.52,269.35,264.99,266.52,266.72,269.4,270.65,270.22,271.82,270.9,270.62,270.57,270.5,267.1,267.62,270.77,272.25,271.22,271.67,271.02,269.47,269.52,270.95,271.12,272.49,272.97,271.97,269.74,263.7,260.92,263.72,271.14,272.6,273.35,273.25,271.39,274.02,273.87,271.6,268.5,271.82,266.57,266.22,260.99,261.45,267.47,269.97,272.1,269.12,272.39,272.27,273.02,272.62,273.32,270.22,267.17,264.02,262.57,264.37,261.12,261.57,259.32,261.24,263.97,269.45,267.2,270.65,271.97,271.82,272.82,271.6,270.9,270.02,269.65,267.8,266.07,263.45,269.77,270.55,272.42,261.62,268.35,272.05,271.97,272.87,271.82,270.8,266.37,270.25,270.4,267.32,264.05,266.85,269.2,272.25,271.5,270.05,267.64,271.32,272.52,272.5,272.45,270.4,269.2,272.37,271.22,271.99,272.37,272.75,272.64,272.97,272.35,271.82,272.3,273.14,272.22,272.07,270.87,270.32,272.9,271.77,268.12,268.3,270.24,271.95,269.5,271.52,270.32,269.17,269.67,267.87,269.32,272.24,273.12,273.6,273.8,272.54,272.42,271.67,272.39,273.47,273.42,271.82,269.1,269.99,269.67,270.74,272.05,271.42,271.47,273.1,272.85,272.77,272.14,271.97,272.02,272.39,271.87,271.75,270.6,270.47,270.9,271.97,274.2,273.5,273.3,272.7,272.35,270.92,270.27,271.12,270.87,272.1,271.82,271.92,272.22,271.8,271.77,271.55,272.22,272.22,272.2,272.57,272.55,274.12,274.1,273.32,273.55,272.8,271.85
272.05,272.1,272.1,272.3,272.45,272.0,272.5,272.02,273.47,274.77,274.3,274.57,273.6,272.92,274.12,274.49,274.89,274.77,273.92,273.12,274.42,273.57,272.97,272.62,273.64,275.27,275.47,275.22,275.27,276.05,278.35,277.24,275.62,276.57,276.12,275.5,274.99,274.8,273.62,272.17,275.24,276.97,276.67,276.22,275.6,275.67,275.67,275.62,275.42,273.45,273.67,273.15,274.92,274.97,274.02,273.8,273.62,277.2,276.72,276.4,276.0,276.32,274.24,274.35,273.1,274.32,274.6,274.45,274.57,274.7,274.0,275.12,273.89,274.92,275.57,275.95,276.22,275.67,275.42,274.39,274.47,274.72,271.37,271.55,273.05,274.25,276.52,276.57,275.97,274.69,273.77,274.55,269.12,270.57,274.52,274.42,274.05,273.05,273.07,275.12,274.8,272.62,272.12,271.17,268.72,272.22,273.82,273.75,269.8,274.22,274.92,273.8,274.07,272.42,271.8,270.9,272.77,267.97,271.3,271.52,268.69,271.95,273.95,270.99,269.3,271.8,273.2,272.65,271.12,271.49,273.37,272.37,273.57,274.27,273.27,273.92,271.57,273.37,275.05,275.1,274.47,274.55,275.65,274.07,274.35,274.8,270.77,272.47,272.82,275.12,274.35,273.82,274.77,274.42,273.52,268.89,270.95,270.55,266.6,264.9,266.47,269.22,265.6,272.47,272.72,265.57,265.22,264.62,267.74,269.85,272.14,269.67,270.67,262.12,259.04,264.72,271.05,270.35,271.97,271.95,269.8,272.55,273.52,273.0,273.25,269.02,266.47,270.67,263.2,265.62,267.67,260.12,258.62,264.42,266.12,269.95,261.27,255.07,258.5,260.99,260.55,260.89,254.1,256.52,268.45,270.1,270.5,264.62,257.12,255.55,253.67,261.07,271.45,271.75,272.15,264.45,270.37,272.8,271.45,270.47,261.22,268.37,270.27,272.77,274.25,272.12,272.62,272.5,271.2,272.82,272.35,271.77,272.92,272.72,272.52,272.32,270.97,269.1,272.1,273.05,271.35,271.15,271.52,270.45,271.32,270.47,267.6,268.97,271.17,272.05,273.05,273.42,271.82,271.19,268.67,268.0,269.07,268.67,264.82,265.5,267.1,271.52,273.05,272.8,272.37,269.57,270.39,271.32,270.85,271.8,273.0,274.1,274.12,273.87,272.4,271.47,271.42,273.25,273.42,272.42,274.27,273.24,273.74,273.2,272.65,272.02,272.1,271.7,273.64,274.07,273.6,272.77,272.3,272.95,272.0,272.07,272.8,272.02,271.77,272.92,271.82,272.95,273.87,274.57,272.67,272.07,273.99,274.3,273.82,273.25,272.1,270.67,272.1,272.82,275.37,274.8,274.22,273.72,273.72,273.3,273.22,274.62,275.12,274.02,274.45,274.5,274.0,273.57,275.05,274.6,273.35,275.07,274.6,274.74,274.3,273.85,274.22,275.05,275.6,274.72,276.2,273.64,273.97,274.32,274.67,274.1,275.17,276.37,276.12,275.87,274.42,274.55,274.49,274.87,275.27,275.92,275.4,274.49,275.32,274.57,273.9,273.12,274.35,275.97,274.92
274.7,274.95,277.03,277.0,276.1,275.47,276.78,278.68,277.72,276.28,277.92,278.72,278.27,276.9,275.85,275.6,275.93,277.28,276.9,275.87,276.5,276.6,275.55,275.2,276.12,275.72,276.25,276.9,277.1,275.52,275.38,274.53,274.37,276.13,276.93,276.97,276.2,276.6,276.35,278.82,277.15,277.32,276.9,277.32,275.5,276.35,274.68,275.68,275.05,276.2,275.55,276.95,275.25,276.43,275.95,275.62,274.22,275.12,275.0,274.43,274.65,275.53,275.47,275.52,275.1,274.43,274.77,275.1,274.63,275.32,275.5,274.75,274.97,274.15,273.05,272.78,273.3,272.32,272.65,274.07,275.52,275.8,275.47,274.62,274.25,274.0,275.0,274.25,273.38,273.0,274.4,277.0,277.3,274.93,276.55,275.43,276.7,275.82,273.15,275.77,275.3,272.45,270.35,271.78,274.15,273.4,275.25,275.78,275.25,274.1,273.4,272.18,273.97,272.85,273.35,274.68,275.2,274.9,272.78,273.25,273.47,273.05,273.13,272.85,271.5,271.0,270.97,271.75,271.4,269.43,271.72,270.65,269.55,269.72,270.18,268.43,268.82,271.85,274.1,272.9,273.55,272.32,271.78,272.07,271.12,272.22,272.95,273.0,269.15,272.72,273.63,272.35,272.37,270.12,271.93,271.9,272.4,273.0,271.75,270.38,270.78,270.58,268.82,269.65,271.7,271.37,271.5,268.77,268.02,267.8,268.78,267.45,267.4,269.63,270.65,274.53,273.07,273.45,272.65,271.7,271.35,267.68,273.32,271.53,272.12,271.63,270.72,270.3,269.82,270.17,268.93,270.13,272.15,273.2,270.35,271.22,268.1,268.65,268.32,271.05,274.37,275.0,274.13,273.55,270.43,270.72,271.28,272.2,272.57,273.03,272.53,271.4,271.82,272.97,272.47,271.22,268.55,267.75,271.7,271.75,272.9,273.3,273.18,273.07,269.55,267.82,268.43,265.75,266.2,270.0,272.75,272.25,271.08,272.6,271.77,272.18,267.8,269.07,268.75,270.77,266.32,264.65,268.13,272.32,272.85,272.87,272.63,272.05,270.47,267.0,266.28,268.15,271.5,271.55,269.78,270.38,271.68,272.82,272.53,272.72,273.93,274.03,272.65,271.43,272.15,271.18,270.7,272.18,272.1,271.0,272.0,271.13,270.2,272.22,271.95,272.18,265.02,266.12,267.6,271.07,266.25,266.72,267.77,271.7,272.8,271.02,269.68,271.15,272.7,271.43,270.65,270.87,270.9,272.8,271.45,271.77,266.7,267.93,270.8,272.75,272.18,271.6,272.05,272.43,272.5,272.38,271.97,270.93,272.02,273.8,274.0,272.52,271.53,273.72,274.12,272.8,272.87,271.9,271.58,271.07,270.2,270.27,273.07,273.35,273.27,272.35,271.93,272.1,272.38,272.6,272.9,271.4,272.12,272.3,272.32,272.5,272.53,272.18,272.43,274.15,274.22,273.25,273.57,275.08,275.18,275.38,274.57,275.92,275.15,274.88,273.15,273.82,274.32,274.9,274.15,273.18,273.18,273.43,273.37,272.57,272.68,272.25,271.82,273.0,273.8
274.4,274.2,274.25,274.23,274.0,274.72,276.22,274.57,274.45,273.8,274.33,275.0,275.78,275.7,274.72,274.82,274.45,275.5,274.2,273.72,272.88,273.57,273.57,273.55,272.93,273.85,274.52,275.28,275.75,274.35,274.2,274.47,275.03,274.47,275.3,276.5,275.47,275.45,275.57,277.1,276.18,275.4,277.8,277.65,276.3,275.53,277.3,277.85,277.4,277.4,277.62,279.13,277.45,276.65,277.6,277.5,277.85,276.85,276.52,276.95,275.18,274.73,273.95,273.97,273.4,274.72,275.57,273.53,273.65,277.28,275.35,274.22,276.8,275.2,276.3,274.45,274.05,272.52,273.77,274.55,272.43,275.57,274.6,276.82,277.45,275.1,276.9,274.22,275.53,273.9,273.85,274.9,274.53,276.53,276.43,276.45,276.7,276.75,275.22,274.65,275.77,273.95,270.7,270.75,270.72,272.93,271.28,275.55,274.72,275.5,274.85,274.65,274.45,274.35,274.1,274.52,274.43,270.03,268.6,272.3,273.43,274.9,274.15,272.47,274.32,274.0,275.98,274.02,272.05,274.47,274.32,272.2,271.38,273.68,273.78,273.57,268.8,267.25,272.18,270.75,266.52,267.55,272.63,270.1,264.68,271.43,273.6,273.85,273.62,273.43,272.7,273.38,272.57,271.85,270.2,267.25,271.4,273.6,270.88,266.6,267.05,267.38,269.38,272.72,272.97,268.4,266.3,266.72,260.68,263.15,266.63,270.68,272.8,273.55,273.13,272.63,271.9,272.6,272.1,271.78,272.37,273.5,272.8,270.45,270.85,271.7,271.02,269.15,273.77,273.1,271.63,267.25,264.47,264.32,272.47,272.8,274.75,274.57,274.12,272.43,272.18,272.3,272.35,273.13,266.73,268.45,272.55,272.1,272.07,270.45,272.95,272.1,272.68,273.93,273.18,270.75,265.78,272.7,273.55,272.95,272.93,274.56,273.5,272.65,272.5,270.55,271.9,272.73,273.63,273.78,272.48,272.75,272.88,272.03,271.85,268.33,265.43,267.53,271.48,273.65,272.75,273.3,273.73,272.23,272.58,272.85,272.53,272.98,271.25,270.23,272.03,269.25,272.25,273.03,272.05,266.95,269.1,269.68,272.18,273.83,273.33,272.63,272.58,273.7,273.93,273.03,273.4,273.7,274.1,273.25,273.18,273.23,273.1,273.18,272.15,272.85,273.3,272.35,270.13,268.93,272.75,269.91,269.38,271.68,271.23,273.95,273.73,273.13,271.93,272.18,273.28,274.08,273.33,273.0,273.33,273.41,273.81,274.1,274.23,274.18,273.53,274.3,274.56,273.83,273.03,272.8,274.93,275.0,274.55,273.33,273.25,274.38,273.73,273.33,272.7,271.95,273.43,272.1,271.35,270.35,271.0,272.63,274.78,273.31,273.55,273.23,273.15,274.2,274.05,274.4,274.25,273.6,272.88,271.7,272.8,272.95,273.0,273.6,274.8,274.6,274.8,273.91,274.05,274.41,273.65,273.18,273.18,273.35,274.03,272.75,273.9,276.28,276.45,274.35,274.56,275.55,277.95,276.73,275.58,276.75,275.25,274.98,274.98,274.3,274.08
273.28,273.73,273.8,274.55,275.7,274.8,276.73,276.18,277.58,277.33,276.03,275.2,274.85,275.1,274.28,274.95,276.8,275.18,274.43,277.73,276.5,275.33,277.2,276.93,278.6,278.95,276.95,277.3,276.08,277.13,276.55,276.45,275.58,274.7,275.05,274.25,273.23,273.5,275.85,278.18,277.8,276.88,275.13,275.15,276.83,276.43,276.0,276.3,276.23,273.2,274.85,275.78,276.93,277.05,274.68,273.93,273.68,274.73,274.25,276.5,276.18,277.03,275.2,275.95,275.55,277.63,275.33,276.35,274.48,274.36,276.7,276.03,277.23,278.2,277.08,276.55,277.03,275.55,276.73,275.4,273.88,273.38,273.33,274.58,275.65,275.4,275.68,275.06,272.0,273.1,276.38,277.05,276.15,275.0,275.06,275.73,275.55,275.43,274.05,271.93,269.15,273.25,275.35,275.55,275.1,275.38,274.58,271.5,270.68,270.83,269.55,270.56,271.5,272.6,274.45,273.7,274.73,273.13,274.18,274.43,272.2,269.7,273.11,274.98,276.05,275.23,274.58,274.53,274.66,274.3,272.78,272.58,273.25,268.2,268.45,269.6,270.93,270.13,270.2,273.93,273.63,274.6,274.08,267.98,271.63,273.81,272.78,272.38,265.5,267.05,271.53,271.85,274.2,274.18,275.7,275.05,273.38,272.6,271.58,272.03,272.88,271.15,274.65,271.7,270.93,269.83,264.18,264.28,262.5,268.3,266.03,261.6,264.43,272.65,274.18,272.9,272.63,272.6,273.63,273.0,271.93,269.33,270.85,269.75,266.53,266.45,268.48,269.88,270.98,269.9,266.93,267.23,263.68,268.7,268.05,263.7,268.4,271.7,274.25,274.65,274.85,274.38,274.58,274.05,272.83,271.2,271.45,270.7,273.05,272.35,270.68,272.13,269.7,272.72,269.65,271.27,270.72,270.95,271.77,267.88,265.0,270.65,272.5,272.52,273.15,271.52,272.55,269.27,268.1,266.73,268.45,269.68,272.7,271.18,263.65,270.45,272.47,270.28,271.6,270.05,267.97,270.93,271.97,269.15,271.75,270.95,268.5,273.85,274.13,273.2,272.28,272.03,267.0,266.95,270.77,272.65,272.0,273.07,273.27,272.68,273.0,273.22,272.03,272.85,272.9,272.55,270.9,271.63,272.2,267.75,267.97,266.05,268.82,272.03,273.78,274.82,274.07,273.68,273.95,274.13,274.78,273.6,271.53,270.05,271.82,273.93,274.07,274.02,273.65,273.05,273.02,270.3,271.6,272.95,272.5,271.93,271.18,271.57,272.82,274.1,273.38,272.28,271.9,271.78,272.45,272.28,272.18,271.68,272.1,271.55,273.55,274.4,273.45,272.6,271.97,271.55,274.18,274.97,274.78,273.72,273.95,275.6,276.25,275.43,275.18,273.78,274.7,274.25,273.75,272.43,272.55,272.6,271.95,271.4,273.2,275.9,275.1,275.25,274.3,274.33,273.55,273.1,273.07,275.2,276.2,273.85,273.07,272.12,272.38,270.9,271.27,272.3,272.52,271.3,273.78,273.8,273.3,275.47,273.45,274.32,275.5,276.45,277.0,276.2,275.35
274.53,275.1,274.55,275.4,277.47,277.8,276.85,275.25,276.87,275.57,275.0,276.2,276.1,275.43,275.78,276.25,275.43,275.77,275.9,275.82,277.07,278.05,277.95,277.03,277.27,275.75,275.63,275.03,276.47,278.13,276.72,276.25,276.02,275.03,275.07,276.53,277.43,275.07,276.0,276.75,275.72,276.9,276.85,278.95,276.53,277.18,278.15,277.45,277.3,276.22,275.68,276.07,275.55,278.2,277.15,275.77,275.5,274.93,274.65,274.15,275.37,277.82,276.23,277.32,276.28,275.1,277.05,275.02,274.53,275.28,274.37,273.62,275.65,272.78,274.07,273.57,273.98,275.35,274.77,274.62,274.35,275.32,275.3,275.9,275.87,276.0,275.6,275.5,275.2,275.05,274.6,271.95,273.25,273.65,273.72,275.85,275.78,276.63,275.07,274.02,272.82,272.72,273.35,274.35,274.22,276.37,277.62,275.07,275.55,273.15,275.1,271.13,271.48,271.95,273.4,269.6,269.38,273.48,274.43,273.98,274.33,274.65,273.33,273.58,272.65,272.8,267.7,269.48,272.65,272.68,275.08,274.93,274.35,273.23,273.0,272.55,271.73,273.5,275.43,274.25,275.23,273.88,274.45,273.83,273.75,273.18,272.35,272.83,272.08,272.81,273.53,273.45,274.43,274.03,273.25,275.18,275.13,274.95,273.91,274.15,274.75,273.98,274.38,270.91,270.08,270.91,270.08,265.33,264.53,265.4,263.83,266.8,268.53,272.28,270.1,261.9,269.95,268.05,267.55,269.63,269.25,270.66,263.8,262.95,262.73,269.9,266.31,261.2,264.75,274.41,268.75,264.68,269.18,272.33,272.93,268.78,269.73,269.48,270.13,265.33,264.03,270.15,272.13,272.75,270.75,265.35,260.28,261.1,266.38,266.11,270.88,271.9,265.93,261.53,262.98,269.8,272.2,271.33,269.7,269.05,272.68,273.85,274.43,273.18,274.05,270.33,272.9,273.18,272.56,272.55,270.4,266.7,265.6,267.78,267.16,268.25,272.13,270.58,270.65,268.73,269.8,270.18,265.8,267.08,272.45,271.85,272.83,270.95,266.5,270.55,267.35,270.13,271.85,272.13,267.9,267.08,272.45,270.4,272.3,272.45,272.78,273.91,273.45,266.41,266.5,271.35,273.55,272.98,273.1,271.88,272.58,269.63,266.15,272.41,272.2,271.75,272.88,273.38,273.25,272.33,272.35,272.3,273.08,272.88,272.2,271.25,270.65,270.65,271.2,270.85,269.43,270.85,269.63,268.28,270.35,271.23,272.41,272.8,272.23,270.8,271.48,272.56,272.78,274.38,274.13,274.28,274.3,273.93,270.35,270.28,270.78,270.78,273.03,275.25,273.83,272.78,272.48,271.78,270.5,271.25,272.58,273.25,273.93,274.95,274.05,273.3,272.13,272.78,271.88,272.23,272.13,272.7,273.43,272.48,272.5,274.08,272.53,272.65,273.45,273.98,272.53,272.05,272.25,272.7,273.15,272.73,274.6,274.48,273.25,272.9,273.35,272.58,271.85,273.53,272.7,272.9,272.85,272.8,272.58,273.03,272.95,273.1,273.35,273.68,275.56
276.68,275.07,274.95,276.1,276.48,276.88,275.5,275.68,275.45,274.35,273.35,274.28,275.2,276.15,275.95,276.3,275.6,275.5,277.4,277.28,277.08,276.5,278.23,278.25,276.18,275.6,276.08,275.63,275.08,274.83,274.48,273.9,274.18,274.3,274.16,273.73,273.93,275.4,276.13,277.1,277.38,276.83,277.28,276.93,276.13,275.75,274.98,274.6,277.78,277.2,275.85,273.75,272.78,272.5,273.85,275.7,276.68,277.25,277.13,276.58,275.18,276.03,276.78,275.33,277.05,277.15,276.43,276.48,277.1,276.3,277.15,276.06,278.66,277.68,277.95,278.08,277.55,275.81,275.03,275.3,277.0,277.05,277.15,277.2,275.1,275.75,275.65,277.83,278.4,277.18,275.05,273.53,274.88,276.75,276.88,276.63,275.68,276.6,277.05,275.38,274.98,275.45,274.45,272.53,274.4,274.63,274.58,275.05,277.5,277.93,277.28,277.58,276.3,274.9,275.65,275.05,275.48,275.73,274.8,273.85,276.38,276.33,276.16,276.88,274.48,272.73,275.93,275.93,275.15,273.38,275.25,275.05,276.93,275.5,278.03,275.9,276.43,274.15,272.83,274.2,272.08,271.28,274.43,276.68,276.43,277.23,276.58,274.48,274.08,274.41,274.5,273.35,274.03,273.41,274.78,274.53,273.9,273.78,272.53,274.55,274.15,272.25,271.15,270.8,271.0,271.55,270.9,272.23,273.03,274.63,275.03,274.55,274.38,272.33,269.18,268.83,264.85,268.7,274.08,275.1,275.25,275.38,273.68,272.38,272.85,271.83,271.3,272.13,273.53,273.58,272.33,274.88,274.08,272.38,271.8,271.75,270.03,272.18,269.6,273.15,271.0,270.91,269.85,269.38,268.6,268.48,268.48,271.1,269.5,264.38,260.9,258.5,259.98,260.2,255.16,252.45,260.35,269.58,262.45,258.38,259.48,268.66,254.78,268.93,262.23,256.33,268.63,271.63,267.93,259.1,255.38,254.03,263.13,264.43,261.13,261.16,254.5,256.18,269.88,272.33,266.7,268.25,261.9,272.28,271.25,267.78,269.53,267.1,262.78,270.78,273.28,271.43,272.75,272.48,271.85,272.31,271.83,270.05,268.33,269.43,268.3,265.9,261.05,263.2,259.5,248.75,255.78,259.45,267.88,272.25,271.98,274.5,272.38,273.28,270.48,271.95,271.45,268.9,270.25,272.33,272.63,272.13,272.1,269.83,271.58,273.13,273.83,274.15,273.6,271.48,268.75,271.23,273.6,274.18,274.25,273.58,273.03,272.4,272.63,272.78,274.63,274.28,273.08,273.75,273.55,272.95,272.83,272.33,273.48,273.55,273.4,275.1,275.15,273.33,271.75,272.75,274.85,271.93,273.06,273.65,272.3,272.23,272.23,271.38,272.13,272.85,273.53,272.55,272.15,272.45,272.1,272.56,273.7,273.65,273.73,272.88,273.63,274.03,276.23,276.08,275.93,276.03,275.38,274.98,274.3,274.13,274.98,274.93,273.38,274.03,275.7,275.5,273.23,274.58,274.75,273.9,273.5,274.48,274.85,274.38,276.95,277.53,276.68,275.53,274.73
274.35,273.8,273.88,275.5,275.7,274.2,274.83,274.08,274.4,276.03,276.63,276.25,276.03,275.7,275.31,275.08,274.83,274.88,274.9,274.35,274.58,273.95,273.85,275.8,275.98,275.91,276.85,276.75,276.03,277.35,276.28,274.68,273.73,273.33,274.2,274.23,275.0,277.28,276.3,274.95,273.88,274.38,275.0,277.23,277.78,276.85,276.66,275.43,274.38,274.23,274.03,274.63,274.85,276.55,275.95,275.28,275.33,274.55,273.95,274.63,276.6,273.83,272.25,273.4,273.65,273.2,272.78,274.73,272.73,272.8,274.33,271.95,272.93,271.63,271.63,273.16,275.5,276.38,275.58,276.23,275.88,275.65,274.38,273.88,274.03,274.7,274.73,275.6,275.58,274.28,273.45,273.35,273.85,274.08,273.8,272.75,274.68,274.75,274.58,276.68,276.08,274.5,273.48,274.28,275.0,274.25,273.55,270.41,273.15,273.83,272.38,270.78,274.91,275.95,274.88,273.95,273.58,272.83,271.75,271.93,269.68,270.08,272.28,270.13,269.93,270.13,270.15,271.05,272.06,273.45,273.78,273.35,273.33,274.68,275.35,275.15,274.8,273.03,271.3,274.25,273.13,272.65,273.0,272.85,273.05,272.3,270.08,268.43,271.5,271.75,272.68,273.9,273.8,272.16,272.78,272.83,270.8,270.88,271.48,273.28,271.48,272.1,272.18,268.18,272.75,270.4,273.7,272.2,271.1,270.38,272.58,273.6,273.7,273.08,273.63,273.45,271.83,271.13,271.68,272.25,272.13,269.83,265.93,270.91,273.75,272.88,272.93,270.5,267.43,267.78,271.65,270.18,270.98,263.48,260.08,262.18,262.93,263.5,261.95,272.38,272.33,273.5,271.95,268.7,270.3,271.28,272.38,268.18,261.45,267.53,274.6,274.25,272.53,271.0,270.95,270.25,266.58,272.8,273.3,272.3,272.5,273.28,273.2,271.1,273.4,274.2,268.3,270.03,271.58,269.3,272.55,273.66,273.03,272.75,272.68,272.1,272.23,271.75,270.45,270.6,268.13,271.93,270.33,263.5,271.38,272.7,271.83,273.28,263.53,264.98,270.48,269.1,271.38,271.25,270.53,271.68,262.45,253.2,259.25,270.7,266.08,267.88,269.4,273.75,273.43,271.93,271.65,273.58,273.63,273.6,272.38,268.8,274.3,273.9,274.05,270.55,272.85,273.48,272.6,272.4,273.53,272.23,270.15,273.13,272.6,272.18,272.23,273.63,273.56,272.25,272.23,270.93,270.2,272.15,272.68,271.63,272.13,271.03,270.15,270.7,271.25,272.16,272.1,272.33,271.65,271.3,271.85,271.0,270.75,271.1,271.2,270.73,269.23,270.48,271.53,271.7,271.7,270.88,270.2,271.3,274.38,273.45,272.25,271.98,271.38,272.55,272.15,274.8,274.45,272.73,273.56,273.85,274.25,275.25,275.83,275.18,275.0,273.28,273.43,272.06,272.3,274.0,273.8,274.08,273.16,273.65,274.38,273.13,274.68,273.5,273.15,272.83,273.05,273.63,273.95,273.6,273.33,273.93,273.48,274.03,272.6,272.95,274.43,275.95,277.03
275.9,276.65,275.35,274.1,275.3,274.42,273.42,273.35,275.43,276.55,277.2,275.6,275.88,276.35,276.32,274.2,274.55,273.85,273.78,275.87,276.85,276.35,274.57,274.68,274.32,277.55,276.65,275.95,275.12,274.57,274.45,274.0,273.47,274.05,274.43,274.27,274.93,275.6,274.32,274.47,274.0,274.75,277.9,277.45,276.65,276.1,277.0,277.57,277.75,276.93,277.8,276.5,276.27,275.1,277.28,276.93,275.47,276.4,274.95,274.7,276.32,276.18,275.3,276.27,276.5,276.8,276.4,277.28,276.55,275.82,275.72,276.05,275.52,274.82,275.9,275.32,277.05,274.97,272.25,271.12,274.38,273.78,271.18,274.85,276.02,273.65,272.88,273.0,272.93,274.45,275.63,276.8,275.18,277.82,276.15,275.28,274.3,274.25,273.57,273.6,272.93,272.87,273.52,273.63,274.82,273.97,271.57,270.95,271.05,271.25,274.78,275.18,274.88,273.9,273.68,272.63,272.13,270.95,271.93,271.43,270.05,271.78,273.05,275.03,273.57,273.38,273.85,274.55,274.8,275.68,273.55,273.97,272.87,271.45,270.63,268.4,268.78,269.5,268.3,272.35,268.9,272.12,272.55,273.62,274.6,275.97,273.97,273.65,273.3,270.82,270.55,267.0,266.45,263.68,272.47,271.2,262.35,266.8,262.35,264.27,268.05,274.07,273.38,273.23,273.82,270.82,266.72,266.15,265.38,265.4,271.55,270.95,264.88,271.47,272.6,272.75,273.05,273.93,272.45,270.0,271.3,269.75,271.75,271.8,272.02,273.95,272.82,272.52,274.77,272.55,268.1,265.18,266.07,270.45,274.13,273.62,269.32,266.18,264.82,264.6,262.4,269.95,271.53,269.53,270.73,270.38,271.95,272.68,274.4,274.6,273.15,272.12,270.03,264.93,264.35,267.53,269.52,269.77,268.7,266.57,266.3,270.75,272.22,272.4,270.45,272.13,273.32,270.57,271.05,270.72,268.8,272.3,272.25,272.97,271.43,272.7,273.47,270.0,270.55,264.25,268.72,270.2,268.25,268.35,268.53,269.47,266.65,267.15,272.83,273.16,272.58,272.4,272.6,272.03,272.5,272.5,272.63,272.66,273.6,273.98,273.5,271.43,272.53,272.65,271.68,272.83,273.83,274.41,274.83,273.25,271.95,272.95,273.63,274.58,274.73,273.91,272.5,271.78,271.45,269.55,272.15,272.7,273.25,274.53,273.73,272.45,271.58,269.88,271.58,272.03,270.88,271.61,272.03,271.73,271.78,271.18,271.98,271.65,272.28,272.98,272.63,273.53,273.58,274.33,273.8,272.91,272.53,272.16,272.6,271.98,271.98,274.23,274.7,273.75,272.93,273.83,272.88,271.95,272.53,272.18,272.45,272.38,274.16,275.65,275.25,275.9,276.8,274.23,274.15,275.28,277.23,277.9,274.95,273.35,275.45,273.38,273.5,273.7,273.0,272.25,274.3,272.23,272.63,273.55,273.68,274.83,272.73,272.85,273.38,273.78,273.55,274.3,275.35,276.78,277.65,277.23,275.65,276.31,275.08,273.95,275.73,275.6,274.33,274.13,275.7
274.0,274.82,274.72,273.13,275.47,275.35,274.7,274.65,273.13,275.38,276.97,275.37,275.05,277.68,278.83,276.95,277.4,275.58,276.38,275.95,276.3,274.72,276.7,274.7,274.98,276.18,275.5,275.95,277.25,277.08,276.3,275.63,274.75,274.1,273.5,275.0,274.18,275.58,276.78,275.4,274.38,274.78,274.95,275.15,274.95,274.08,274.68,278.28,277.25,276.4,275.18,274.05,273.95,275.1,275.28,275.58,275.13,275.06,273.7,273.25,273.93,275.0,273.28,274.1,275.95,272.53,272.45,275.63,277.05,276.88,275.33,276.28,277.9,276.1,276.53,276.95,276.78,276.53,275.48,275.88,276.31,277.6,277.1,275.68,275.33,275.53,274.08,276.6,276.43,274.93,273.73,271.88,273.53,273.33,273.18,272.1,272.33,273.78,274.23,275.05,274.53,273.9,274.98,274.25,273.45,274.18,275.6,272.18,271.6,272.58,275.55,275.6,276.98,274.0,274.73,275.88,275.66,274.85,272.25,271.38,272.73,272.25,272.78,274.73,274.45,274.13,273.45,272.33,272.9,274.58,272.28,270.95,274.03,273.88,273.58,273.23,274.6,275.75,274.85,273.83,273.78,271.78,270.25,270.23,272.2,274.3,272.95,273.18,272.2,272.48,271.56,272.55,271.6,271.55,273.1,272.15,270.28,269.95,273.05,274.7,273.1,270.15,274.2,271.13,273.4,272.93,272.15,273.08,274.5,274.25,273.68,273.48,273.85,273.78,269.6,272.66,270.9,268.85,268.95,266.98,270.08,272.45,267.18,266.38,268.95,273.7,275.3,274.93,272.8,269.63,271.58,271.7,273.3,271.98,272.98,268.43,273.53,271.75,270.65,274.05,275.43,274.8,273.05,271.23,269.68,271.28,272.68,269.93,271.8,268.78,266.78,264.13,264.45,267.9,269.7,271.93,269.35,265.28,265.16,266.23,270.61,271.68,268.91,263.2,263.38,264.45,260.7,261.41,269.68,263.48,262.93,269.73,270.48,267.58,267.9,267.98,267.83,268.7,271.6,272.08,271.58,272.38,272.2,270.13,265.98,263.78,262.73,268.53,273.48,271.2,267.03,269.95,270.05,271.1,272.93,272.5,273.08,273.17,272.65,271.9,272.3,271.85,272.75,269.42,266.17,265.85,268.7,272.92,272.47,269.65,271.5,273.55,273.37,274.75,273.22,274.05,272.15,273.82,272.65,274.03,272.92,273.25,272.77,273.6,274.4,273.22,272.42,272.27,272.12,270.95,272.17,272.82,273.07,273.3,271.67,273.7,273.77,271.75,268.9,272.07,273.35,272.85,272.67,272.92,270.82,270.17,271.1,272.25,272.82,273.35,271.42,272.4,272.5,272.4,270.93,270.07,270.42,270.75,271.15,271.3,271.37,271.0,271.85,271.32,272.07,274.55,273.5,272.0,272.68,273.77,273.75,273.67,273.92,276.55,275.05,274.8,272.97,273.05,273.18,272.7,272.6,273.02,272.8,273.47,274.25,272.4,272.7,272.75,274.42,275.22,275.82,275.9,274.87,276.3,276.55,276.3,275.8,275.95,276.62,276.3,276.47,274.05,273.02,272.55,271.97
272.45,273.05,271.95,273.2,273.07,273.1,272.77,272.52,272.55,272.45,272.72,273.4,274.42,274.22,273.87,273.45,274.85,274.67,274.75,275.2,276.3,276.65,276.37,275.75,276.25,274.87,275.55,276.17,278.43,277.65,275.2,275.53,277.22,274.95,275.15,276.68,275.72,273.85,274.3,276.75,277.1,276.8,275.67,275.02,275.93,276.12,274.5,273.17,275.75,275.92,274.85,273.3,272.95,272.32,272.75,273.82,274.37,274.75,274.97,275.87,273.82,273.47,275.55,274.85,275.55,277.87,276.97,277.82,276.27,275.3,273.92,272.97,272.42,274.55,272.92,272.72,274.72,273.47,274.35,275.32,274.4,276.07,275.57,274.3,275.15,274.87,274.07,273.93,273.92,273.9,276.05,275.8,273.42,272.77,275.42,274.7,276.4,275.2,275.02,273.95,273.62,276.65,274.87,274.47,274.77,274.12,275.5,276.62,274.7,273.5,271.45,270.15,272.1,274.55,272.9,272.0,275.67,271.62,272.35,273.75,274.72,272.45,270.0,270.25,273.75,273.45,275.67,272.82,274.95,275.7,275.15,273.45,273.92,270.35,270.37,272.28,274.22,274.87,274.95,272.22,271.9,275.05,274.25,275.27,275.67,273.75,273.55,275.25,272.87,273.0,270.9,274.4,274.72,275.7,275.12,274.75,274.22,273.45,270.9,273.37,272.65,274.3,275.25,275.25,274.17,272.75,270.48,271.0,272.02,271.22,268.65,270.0,271.25,272.55,272.75,273.37,271.75,271.25,273.32,273.1,272.15,268.15,266.45,270.92,272.9,270.1,268.45,267.0,272.2,272.85,272.85,271.57,272.42,269.1,266.5,272.2,270.5,270.92,272.05,274.75,273.1,273.75,273.65,270.12,270.97,272.85,273.5,273.28,273.05,271.82,269.75,266.32,264.4,267.55,271.6,273.45,270.15,271.8,273.62,272.47,272.37,272.25,270.97,271.1,262.5,266.55,269.15,274.07,268.8,261.27,264.32,267.77,267.55,267.3,268.55,270.17,271.77,272.22,274.53,273.65,272.37,270.17,273.55,271.85,266.7,273.85,270.75,272.57,270.85,265.0,264.52,262.67,271.47,274.0,271.75,274.62,273.97,273.82,273.8,272.32,270.4,272.75,273.85,272.77,272.57,270.85,272.8,272.87,271.4,271.22,272.77,273.77,272.65,273.15,273.35,272.7,271.67,272.0,272.17,272.4,273.05,273.87,274.9,272.6,273.0,273.2,271.3,271.97,273.15,270.95,274.22,274.92,276.05,274.8,273.6,274.52,274.85,274.72,273.0,272.7,274.87,275.15,274.62,275.0,274.55,275.2,275.02,275.02,274.52,274.77,275.0,274.57,273.62,272.82,274.55,275.2,275.02,273.7,274.85,276.05,275.75,275.15,276.97,276.42,275.52,275.35,274.8,274.87,274.65,273.87,274.67,274.3,274.85,275.37,273.05,274.95,274.37,274.5,274.35,272.65,271.9,272.05,272.78,274.05,274.82,274.25,273.75,273.17,272.72,273.35,274.62,274.0,273.72,275.9,275.4,275.37,274.45,275.43,275.47,275.67,274.95,275.42,274.42,274.62,276.02
274.45,273.85,274.02,276.8,278.57,275.9,276.32,276.45,274.97,274.95,274.9,274.47,275.5,277.0,276.57,276.22,277.57,278.57,276.25,276.8,275.87,275.28,274.87,274.87,274.92,274.65,274.12,274.27,275.32,276.32,277.22,276.25,275.65,277.75,278.05,277.1,276.35,275.35,275.55,274.85,276.07,277.15,276.75,275.62,277.65,277.12,275.43,276.07,276.6,276.82,276.0,275.07,274.37,275.97,276.82,278.97,279.15,277.1,277.0,277.47,279.32,277.42,276.8,276.0,274.93,277.52,276.75,276.9,279.17,277.87,277.3,275.5,274.87,275.85,276.03,275.42,276.67,277.95,276.87,275.75,276.68,276.6,275.72,276.05,277.62,280.17,279.0,276.75,276.97,275.37,276.0,276.03,275.15,276.52,276.8,275.65,275.45,275.4,274.8,273.6,273.15,272.42,274.82,274.77,271.62,272.0,275.52,276.12,275.52,275.1,272.62,273.2,275.93,277.12,276.45,274.32,275.27,274.27,274.0,273.45,272.7,271.32,270.85,275.4,273.97,271.65,270.92,272.6,273.05,271.15,269.65,269.37,271.9,273.22,274.17,276.47,276.82,277.02,276.62,273.42,272.87,270.32,269.2,269.65,272.52,274.12,276.22,276.55,276.05,274.15,274.65,273.68,272.8,272.02,270.43,272.82,272.42,271.03,271.92,274.47,276.12,276.1,275.45,274.57,274.45,273.75,272.57,272.57,271.45,271.9,274.82,272.75,272.07,274.1,271.87,270.85,274.22,275.72,274.12,271.87,273.4,275.3,271.77,269.5,271.55,273.37,272.45,268.98,269.85,269.55,268.35,267.8,271.77,273.52,271.3,274.67,272.9,270.6,270.67,268.87,273.55,273.35,273.62,272.22,272.75,274.82,272.15,268.72,266.27,266.5,269.55,266.47,265.62,270.25,270.32,267.78,265.5,264.55,264.97,269.3,268.4,272.05,273.37,271.92,264.3,260.05,264.72,265.37,266.97,272.0,271.95,270.62,266.57,265.25,270.37,273.25,271.35,265.65,265.22,272.57,268.7,269.37,272.22,272.25,272.62,274.57,274.92,273.97,272.2,270.03,266.35,263.82,265.85,270.62,272.4,272.03,272.0,271.8,274.35,273.68,272.45,272.05,266.62,265.53,267.45,265.9,269.4,272.57,272.22,270.22,265.42,268.95,269.05,260.37,262.32,263.17,256.8,261.3,259.85,267.25,272.5,274.07,274.22,273.52,270.65,273.12,273.35,269.75,267.92,271.05,272.25,273.15,273.92,272.1,271.9,271.92,273.28,271.87,273.6,272.75,273.8,274.12,272.75,271.4,272.43,272.7,274.62,273.97,273.97,274.02,273.87,274.25,274.2,273.05,273.15,274.3,275.3,275.15,273.82,273.17,271.77,271.35,273.62,273.37,272.72,272.77,271.52,271.95,274.17,273.25,272.62,272.97,272.62,271.95,272.82,272.8,273.32,273.7,274.97,274.47,274.45,274.27,273.5,274.95,276.2,274.72,274.37,273.82,272.87,274.97,275.93,273.82,275.55,275.52,275.75,274.87,273.45,272.85,273.35,272.95,272.72,272.22,274.35,273.62,274.47
274.05,274.15,273.25,272.7,272.82,271.5,272.55,274.13,273.78,273.97,275.72,274.9,274.5,274.0,273.63,273.05,273.13,275.97,275.53,274.07,274.43,274.25,272.57,272.45,272.35,273.75,274.7,273.78,275.65,275.4,276.38,274.82,273.6,274.75,277.75,276.57,276.02,275.13,276.38,275.05,277.15,275.87,277.57,278.95,277.02,276.3,275.07,274.22,274.68,274.75,273.68,272.57,272.55,273.2,271.13,271.3,273.5,274.27,272.6,274.53,276.18,276.82,276.93,277.55,276.1,274.0,274.1,274.45,274.77,273.2,273.32,274.25,276.07,276.8,275.9,276.57,275.6,275.5,274.95,274.9,272.75,273.1,272.75,272.47,273.78,276.0,276.72,275.75,274.57,272.4,271.93,272.63,273.03,272.18,276.27,275.82,275.45,274.97,273.2,271.95,270.0,276.43,275.95,275.6,275.03,275.65,275.02,275.58,274.7,275.2,275.05,272.35,272.15,274.63,275.5,274.9,275.6,275.53,274.43,274.13,274.07,274.37,274.62,272.53,270.05,271.05,275.13,275.12,271.85,271.5,272.25,270.9,273.65,273.05,273.52,274.9,277.25,275.97,274.43,274.68,274.32,274.38,273.78,270.85,270.45,270.72,273.68,270.02,271.0,271.82,271.87,271.45,270.43,273.03,273.9,273.97,270.07,273.6,273.03,273.2,272.95,271.77,271.37,273.9,269.55,264.75,268.77,272.9,273.87,273.72,271.6,272.8,273.02,273.63,271.75,273.37,273.12,273.03,272.72,272.8,272.78,273.68,273.7,272.22,268.65,271.47,263.52,261.93,262.98,269.07,271.4,273.0,268.8,266.98,272.47,269.1,267.18,269.65,272.95,273.9,272.85,271.57,271.95,271.57,273.2,272.13,272.0,270.97,269.45,270.85,272.37,272.4,271.85,266.7,269.43,272.93,267.0,264.55,266.38,271.65,271.13,268.97,265.82,273.28,271.87,272.38,273.65,268.07,272.95,274.25,274.95,273.93,271.95,274.65,273.43,270.97,266.07,269.1,273.72,273.5,273.6,273.9,272.28,273.62,272.43,273.28,273.68,270.0,272.18,272.7,273.3,269.3,271.53,264.95,269.15,264.5,263.85,271.05,272.47,271.15,271.57,273.0,273.25,268.0,267.82,268.9,267.3,271.3,269.93,271.9,273.33,271.85,274.52,273.45,274.7,273.77,274.4,275.4,274.37,273.8,273.15,272.35,268.07,272.65,273.97,274.7,272.65,272.5,270.12,273.05,271.55,272.02,271.65,268.45,269.65,270.8,272.92,273.67,273.05,271.27,271.92,273.02,270.87,269.62,271.82,272.07,270.87,272.5,272.57,270.97,270.1,271.4,274.4,273.3,268.68,269.85,273.87,274.15,273.15,272.45,270.9,271.9,273.0,272.32,272.65,274.32,273.7,273.17,271.57,271.45,271.37,271.97,272.65,272.12,273.07,273.62,275.95,272.18,273.37,272.57,272.6,271.62,270.82,271.2,271.6,272.52,273.02,273.4,272.8,272.42,273.17,273.85,273.9,274.57,275.45,273.0,271.7,272.15,272.27,272.47,271.87,271.87,272.5,272.82,271.85
272.55,273.32,272.75,272.37,271.97,273.1,276.15,276.67,275.25,273.22,273.07,275.72,273.3,272.1,272.15,272.8,273.4,271.9,272.82,274.35,274.1,273.67,273.77,272.53,271.95,273.42,273.72,272.82,273.22,274.77,275.0,276.32,275.92,273.9,275.47,275.45,276.4,274.45,273.6,273.65,274.55,275.43,277.35,277.85,274.62,273.07,274.95,275.07,274.78,275.0,273.3,272.8,272.97,274.52,274.4,275.02,276.35,274.85,273.87,274.65,273.55,274.52,275.77,276.95,278.0,277.92,275.22,273.72,272.07,271.45,272.47,273.77,273.67,275.7,275.0,273.1,276.42,276.3,275.77,277.67,276.82,275.55,273.72,272.3,275.32,275.8,274.25,272.82,274.0,270.37,272.4,277.4,276.07,275.8,276.27,276.25,276.52,274.72,275.57,276.8,276.82,278.2,277.47,276.57,276.93,275.8,276.25,276.15,276.87,275.7,275.4,276.53,270.97,271.92,274.75,276.27,274.67,273.92,274.37,275.65,275.67,274.4,275.4,273.67,273.15,275.6,275.87,274.85,272.77,275.1,274.8,274.15,274.72,274.8,273.43,271.28,267.67,266.55,272.7,275.27,275.32,275.5,274.67,274.62,275.7,273.65,272.77,271.42,272.52,273.87,275.4,274.87,273.95,273.02,273.57,273.32,273.12,273.22,273.28,274.52,273.75,274.07,271.77,270.8,272.53,272.22,274.25,273.35,273.22,273.87,273.4,273.32,273.6,272.72,273.12,273.9,275.87,276.67,276.4,276.05,274.87,274.67,274.47,273.87,273.35,273.1,272.25,272.7,272.55,272.9,272.22,274.32,273.85,274.05,273.75,273.15,269.62,270.7,271.85,271.62,269.92,263.92,271.7,272.97,271.25,273.92,273.32,271.55,269.15,266.82,266.18,265.65,265.07,264.27,264.95,271.97,273.18,269.87,270.7,272.0,272.45,270.55,273.57,271.9,270.95,269.4,270.1,272.15,266.75,269.67,268.17,274.02,267.7,260.72,261.32,259.67,266.92,270.4,272.57,272.77,270.75,264.15,266.35,269.9,263.27,262.4,268.62,272.1,272.57,274.4,272.47,273.77,269.6,267.15,271.12,261.72,262.5,259.3,263.27,271.2,273.52,272.62,271.95,271.67,270.77,271.35,266.75,271.25,274.2,268.02,264.5,263.6,268.72,273.02,273.65,273.8,272.55,272.22,271.32,270.17,272.3,273.55,273.65,273.0,272.87,272.62,275.05,273.05,271.42,270.15,271.55,273.2,273.37,273.25,270.15,269.2,270.62,271.87,271.5,272.02,271.57,270.2,274.07,274.72,273.87,274.77,274.65,272.52,272.15,272.15,273.52,271.97,270.57,270.95,273.05,273.15,272.6,271.62,272.1,272.25,271.1,271.1,271.55,271.02,271.25,270.6,271.4,274.8,275.27,272.17,272.15,273.92,273.1,271.75,272.77,272.75,272.4,271.5,271.93,272.32,272.7,272.42,272.32,271.92,272.52,272.55,274.2,273.3,272.87,272.45,272.1,271.95,271.37,271.75,272.1,272.9,272.02,271.77,271.7,272.77,272.8,272.12,271.97,271.92,270.95
