277.53,277.78,277.31,278.75,278.78,277.33,277.43,278.8,279.08,279.41,277.88,278.25,278.63,279.43,279.55,279.83,279.46,279.25,279.05,277.43,277.28,279.43,277.0,277.58,277.6,278.78,279.48,278.5,280.33,278.96,276.75,278.63,278.0,278.3,277.38,280.25,279.18,278.03,279.28,278.33,279.55,277.31,276.91,279.16,279.21,279.55,279.96,279.98,280.43,280.41,280.13,278.6,277.08,276.98,279.21,277.66,277.48,277.88,280.03,280.46,278.98,277.53,277.5,278.36,279.21,278.23,277.33,278.5,279.23,277.88,277.83,277.13,277.53,277.05,276.13,276.03,276.98,278.36,277.8,277.21,276.18,277.53,278.48,278.28,278.21,278.98,278.5,276.9,276.33,274.5,277.58,278.13,277.28,278.53,279.63,279.93,277.65,278.5,275.96,276.16,278.3,280.38,280.21,277.46,275.83,277.48,276.96,277.73,277.53,276.78,276.43,278.58,278.21,278.41,278.05,279.41,276.33,275.58,278.28,277.66,278.25,277.03,275.96,277.21,274.18,275.96,274.75,275.16,276.28,275.36,276.05,278.03,278.35,277.86,277.91,278.36,276.11,275.08,273.88,276.28,274.65,275.88,275.36,271.71,271.98,277.66,276.91,278.05,277.05,275.48,275.88,276.88,275.25,274.6,272.75,274.75,275.5,272.78,274.33,271.53,269.18,273.25,274.3,274.48,275.83,276.28,275.8,273.98,275.71,275.4,273.31,272.06,273.73,269.65,274.93,274.11,270.7,274.36,275.3,273.73,271.98,272.8,275.98,276.21,273.43,275.8,273.96,275.85,275.65,272.5,272.13,275.36,274.8,274.05,274.33,275.78,275.18,276.03,276.53,276.28,275.66,274.43,270.46,273.21,276.86,274.36,275.75,277.05,276.8,275.03,274.63,275.91,275.4,275.5,275.31,275.96,277.08,277.25,276.93,272.68,272.38,275.88,270.78,267.36,272.23,275.83,276.18,275.73,275.71,275.1,274.46,274.08,274.86,276.08,276.83,276.16,276.65,276.28,276.21,276.86,274.3,273.61,276.3,276.65,276.33,276.36,276.93,276.78,274.86,277.25,277.36,276.3,275.66,276.65,274.55,276.18,277.98,276.78,275.66,274.93,278.06,278.28,277.53,276.3,276.46,277.56,276.23,273.78,276.78,277.08,275.38,277.5,276.0,277.68,275.48,274.66,277.06,276.68,277.0,276.91,277.0,276.73,277.53,277.05,276.21,276.36,275.83,277.11,277.53,274.78,274.65,276.53,277.5,277.9,278.75,278.28,277.73,275.55,276.73,275.08,276.93,276.66,277.23,277.73,278.38,278.91,278.23,276.0,276.21,276.21,277.16,277.28,277.18,276.08,275.53,276.48,278.25,278.36,276.68,277.18,275.25,275.46,276.08,276.5,278.08,279.03,279.63,278.3,277.8,276.36,274.36,274.83,278.33,278.05,277.68,278.55,279.43,279.96,278.88,278.03,278.28,279.18,278.33,277.43,278.36,278.83,278.98,279.63,277.83,277.13,276.68,278.33,279.98,279.03,278.53,279.46,279.73,279.73,279.58,279.46,279.28,280.11,279.03,278.91,277.61
279.05,278.43,277.03,277.86,277.43,278.58,277.9,278.38,278.46,278.8,277.73,277.38,277.25,277.18,277.41,277.83,278.55,279.18,280.63,280.23,279.43,278.98,277.75,277.41,277.53,279.03,278.53,279.03,278.58,278.3,278.98,278.56,277.46,277.75,279.33,279.28,278.83,279.88,280.63,279.18,279.83,281.18,280.88,278.53,278.65,277.91,278.43,278.61,276.73,278.03,278.33,279.86,278.63,277.75,278.93,277.73,275.83,275.4,275.15,276.43,276.85,277.31,277.93,277.48,278.36,278.66,278.43,279.56,279.68,278.48,278.68,277.63,276.78,278.13,279.0,279.48,279.43,279.08,279.25,280.33,279.13,279.63,279.16,278.3,279.38,280.03,279.21,277.25,277.06,278.38,279.33,279.83,279.23,279.03,278.43,277.75,276.88,275.91,275.03,277.03,276.93,277.86,276.86,276.05,275.98,276.43,276.53,275.88,275.66,275.5,275.08,275.33,277.73,277.75,277.86,277.83,278.13,276.78,277.28,278.46,275.83,275.53,276.16,275.93,273.33,274.38,276.58,274.8,274.61,274.3,274.43,274.08,276.18,275.58,276.86,276.55,275.18,275.8,275.55,275.13,276.48,278.38,278.98,278.31,276.4,273.53,275.5,276.78,275.5,275.96,272.78,273.71,273.43,273.86,275.5,275.03,275.71,276.0,274.58,274.38,276.13,277.28,277.3,278.71,277.71,276.63,275.46,276.25,276.05,275.75,276.4,276.18,276.36,276.98,277.68,274.8,272.21,272.38,273.83,275.86,272.43,272.81,273.88,274.21,271.21,274.8,275.61,273.98,274.23,275.71,276.43,277.55,277.0,275.93,275.55,275.58,274.15,267.68,268.38,272.25,273.96,276.66,274.11,273.38,276.43,274.48,274.33,273.61,275.46,275.55,275.3,274.28,274.58,273.08,276.46,275.7,275.58,275.08,273.9,274.06,274.0,276.23,276.43,276.0,275.93,276.18,275.73,276.13,274.98,274.21,276.11,274.58,272.25,269.8,272.88,274.08,275.78,276.0,274.86,275.53,271.83,276.21,276.0,272.93,274.0,276.61,272.0,271.6,271.25,272.36,273.16,274.71,276.68,277.38,277.63,277.25,277.41,276.86,275.8,274.75,274.0,274.63,276.33,277.93,278.0,278.13,278.03,276.96,277.75,277.58,277.86,276.15,276.86,277.05,276.08,276.46,277.43,274.11,277.05,276.33,276.53,276.5,276.56,276.78,277.36,273.46,276.43,275.91,274.91,276.36,276.0,273.35,275.93,277.38,277.58,272.36,275.46,274.43,276.0,276.38,275.23,277.55,278.33,277.5,277.48,277.88,275.23,273.0,275.61,277.23,276.36,275.83,275.91,275.23,274.18,274.23,276.25,276.98,277.11,276.71,277.18,277.13,277.08,277.88,278.63,278.03,277.41,277.66,277.73,278.63,278.78,278.36,278.58,278.46,277.91,278.78,277.5,278.23,278.63,276.8,276.78,277.73,276.83,277.23,277.61,278.33,278.13,277.68,276.55,276.11,276.28,276.13,277.5,276.9,277.18,277.23,278.21,279.23,277.5,277.63,278.4,278.05,275.78,276.25,278.46
277.38,278.18,278.55,277.71,278.05,279.8,278.78,279.13,278.53,276.93,276.16,275.53,275.7,278.48,278.48,277.36,277.63,275.85,278.83,278.06,279.38,277.6,277.33,279.48,278.46,277.65,278.25,279.93,277.75,278.61,278.08,276.98,276.61,278.3,279.48,278.5,277.5,277.66,276.0,276.3,276.83,279.15,278.03,277.53,276.28,276.63,278.43,280.68,278.98,279.71,279.58,280.08,278.28,277.98,277.38,276.55,277.85,278.46,277.91,278.38,277.48,276.23,276.03,275.98,277.43,277.71,276.83,276.23,276.41,276.43,276.55,277.11,277.88,277.5,277.18,278.11,278.08,277.13,277.18,278.78,278.85,277.58,276.98,277.23,278.08,276.96,278.93,276.0,276.41,276.4,273.63,274.13,273.86,273.38,274.71,275.38,275.98,275.43,275.61,275.78,275.3,275.11,276.63,277.43,278.46,279.66,279.21,278.88,278.75,277.63,277.66,277.11,277.3,277.21,277.0,277.03,274.71,273.46,273.91,277.33,277.5,277.58,274.61,275.75,276.33,274.41,275.48,276.9,278.06,277.13,278.33,278.93,279.28,277.9,278.83,276.13,275.28,276.0,277.13,276.58,275.98,275.0,274.86,275.23,275.73,275.3,276.11,275.8,272.61,272.86,273.25,271.71,273.53,272.0,274.25,272.36,273.66,275.96,272.91,273.83,270.21,271.78,272.86,275.28,275.11,276.63,276.16,277.71,275.48,276.33,277.88,277.8,276.08,276.13,270.28,271.11,273.53,277.08,276.9,276.23,274.15,276.11,276.43,276.4,277.13,273.96,275.38,274.75,276.23,277.25,275.36,275.43,275.86,272.16,274.75,275.0,274.86,276.08,275.86,274.21,274.96,274.58,273.66,270.93,269.96,268.68,269.4,270.5,274.21,272.98,275.71,276.36,276.58,274.3,274.16,273.65,274.75,275.61,275.73,276.96,277.03,275.18,274.61,274.73,276.43,275.33,274.05,274.0,274.38,277.43,277.5,276.66,276.68,276.21,275.68,274.61,275.58,276.06,275.13,275.53,274.53,273.43,275.46,275.75,275.56,276.33,276.68,276.93,276.73,275.8,276.21,275.98,277.25,277.33,274.98,274.18,277.53,278.11,277.71,277.68,276.65,275.5,274.75,276.8,277.33,277.18,276.33,275.13,274.85,276.21,276.98,276.68,277.71,276.78,276.78,276.88,276.61,275.33,275.53,277.0,276.18,275.0,275.23,277.83,277.11,276.08,275.86,275.03,274.48,273.58,273.46,274.83,275.23,275.75,275.08,277.18,275.23,277.71,278.83,276.23,275.75,278.33,276.63,276.65,276.53,276.63,276.73,276.96,277.33,277.13,277.91,277.68,277.98,277.31,275.5,274.68,276.71,277.93,277.96,278.28,279.88,279.23,278.68,277.33,276.98,276.93,276.55,277.18,278.13,278.38,276.73,274.88,274.86,276.55,277.83,279.15,279.83,276.86,276.83,277.18,277.5,279.58,279.61,279.38,278.8,277.61,278.46,277.78,277.36,276.21,276.53,276.4,276.98,277.93,279.18,278.16,277.03,277.78,278.08,279.03,277.73,275.36,275.5,277.05,279.53
277.73,276.18,276.75,276.63,277.83,278.0,276.68,277.46,277.03,278.06,278.66,277.48,278.0,276.83,277.3,278.16,277.83,277.18,278.5,278.05,277.96,278.61,278.88,278.48,277.4,277.13,278.83,280.46,279.28,278.8,278.75,278.91,278.86,277.83,277.58,278.0,279.43,279.38,278.83,277.88,278.96,277.71,276.83,276.08,276.15,276.46,276.63,276.86,277.21,276.71,277.41,277.05,278.23,278.5,280.13,279.13,278.55,277.63,278.21,278.55,277.98,280.28,278.91,277.93,277.13,278.93,279.71,281.36,280.08,278.18,279.78,279.6,279.36,277.21,279.38,279.21,277.5,278.55,278.73,277.33,275.53,276.43,278.75,278.15,277.46,278.78,278.65,277.93,277.03,275.5,277.96,278.03,276.58,278.5,280.21,280.0,279.75,279.13,277.28,277.25,278.73,278.18,278.05,279.0,276.16,276.71,278.13,277.86,277.68,277.06,277.31,277.03,277.35,277.58,278.38,276.78,276.58,277.86,278.23,277.38,278.46,275.38,275.03,274.88,276.83,276.61,276.11,276.98,278.0,276.18,274.83,275.98,274.36,275.18,275.65,276.46,277.33,274.46,275.33,275.63,275.16,273.08,274.23,274.23,274.3,274.73,275.53,275.05,273.48,273.16,276.0,276.33,276.13,275.63,274.75,274.68,272.36,273.33,276.08,275.0,273.98,272.93,272.33,270.8,271.31,274.55,270.71,268.6,272.48,273.91,271.38,275.08,274.91,275.36,275.36,274.58,276.4,274.88,272.23,274.63,274.9,274.68,274.98,273.63,272.98,270.13,271.5,272.66,271.3,272.71,274.18,274.23,274.48,274.66,275.25,275.41,276.0,275.46,275.66,275.0,273.68,272.61,274.0,271.05,270.18,275.18,275.71,275.05,275.91,276.43,273.66,274.11,273.91,276.43,275.38,274.8,274.71,272.98,273.78,275.75,274.63,272.36,274.03,270.53,274.08,275.18,272.18,275.25,275.88,274.05,273.8,275.68,273.88,274.93,275.0,275.23,275.58,275.08,275.93,276.65,273.93,271.33,272.5,274.73,275.4,272.25,271.61,275.63,276.18,275.5,274.41,276.46,276.18,276.71,275.88,275.21,274.33,272.53,275.13,269.98,274.5,276.5,275.78,275.48,271.06,273.83,272.06,273.88,274.75,275.46,275.48,275.98,273.41,276.21,276.68,276.46,276.88,276.38,275.38,275.91,272.81,270.53,271.13,275.08,275.48,275.75,275.93,275.66,276.68,275.41,272.21,275.28,275.86,272.55,276.15,276.98,276.88,275.83,276.18,276.8,275.58,273.0,274.86,276.15,276.23,275.96,274.86,273.83,276.38,276.98,275.88,275.25,275.86,277.43,278.41,276.83,278.1,276.75,276.38,276.03,276.9,274.0,276.53,277.56,276.5,276.05,275.75,275.66,276.98,278.05,277.41,277.43,276.98,276.16,275.58,275.71,275.16,276.31,277.18,277.28,276.86,275.68,274.85,276.0,276.53,277.75,278.65,277.83,276.9,276.78,276.68,277.36,277.46,277.36,276.86,277.5,278.3,276.88,276.93,277.75,276.63,276.15,277.13,278.5,278.88
278.05,277.3,278.15,279.53,278.08,278.91,279.03,279.0,279.48,280.08,280.53,281.28,280.91,281.5,281.13,280.21,279.33,279.61,279.78,280.33,281.0,279.93,279.41,279.46,279.1,278.96,279.38,279.58,279.78,279.93,281.08,280.58,279.9,279.5,279.38,280.06,280.88,280.86,280.61,280.88,282.33,282.03,281.53,278.83,277.08,277.25,279.88,280.88,280.46,282.18,281.86,281.28,279.86,279.28,279.21,279.21,279.36,278.83,280.18,279.81,281.08,279.38,281.21,279.21,279.58,277.25,278.21,279.41,277.88,277.88,277.75,277.46,279.83,280.11,280.5,279.15,278.96,278.81,280.06,279.21,277.85,276.75,277.46,279.65,279.78,279.56,279.78,279.23,277.28,276.53,277.68,277.0,277.58,278.5,276.41,279.48,281.08,281.23,279.66,277.05,278.38,277.43,277.55,277.38,278.58,275.38,275.68,275.28,275.58,277.25,277.46,277.36,278.31,277.9,276.41,275.41,274.18,275.56,277.11,277.5,275.48,275.53,272.96,275.68,274.61,273.8,273.91,274.46,277.08,277.75,275.18,275.5,276.48,277.48,277.08,276.75,278.63,276.61,276.66,277.08,276.56,276.4,276.28,276.15,275.38,277.38,276.33,275.38,273.75,273.15,275.0,275.43,275.03,274.41,273.75,274.25,273.61,276.25,275.38,275.46,274.83,275.56,275.98,276.38,277.58,277.71,276.86,276.63,277.41,277.08,276.13,276.41,276.66,275.96,275.8,275.33,274.23,274.48,277.43,277.25,274.96,275.78,276.48,277.63,275.78,275.86,273.93,273.78,272.18,276.0,276.58,278.25,277.16,272.11,273.46,274.75,275.73,275.66,275.78,275.71,276.08,271.53,269.41,270.66,275.11,275.48,274.98,274.96,274.86,274.5,273.78,272.21,275.75,276.13,276.53,275.98,275.63,274.05,269.55,277.11,277.65,277.68,277.78,277.08,276.33,275.0,273.53,276.08,274.13,275.53,276.16,275.23,276.4,274.5,274.28,274.13,271.03,273.03,269.13,269.4,275.35,273.83,275.25,275.68,276.78,277.13,273.55,272.38,274.68,275.73,275.08,271.73,275.3,276.66,276.41,276.56,276.78,275.61,275.73,274.98,273.68,273.18,273.48,275.78,277.53,276.53,278.11,275.21,275.93,276.93,275.98,274.33,276.4,276.48,276.18,277.38,276.25,273.96,275.53,276.33,277.48,277.86,276.25,276.41,273.71,274.75,275.4,274.53,274.88,269.73,272.46,270.25,275.81,278.8,276.38,274.53,275.73,276.05,274.3,275.68,277.5,277.91,276.96,276.98,277.78,276.16,275.96,275.46,278.16,278.53,276.58,275.71,275.78,276.11,277.55,277.71,276.53,277.36,277.21,276.63,278.71,278.41,279.61,278.53,278.08,276.78,277.36,277.31,275.9,275.08,275.63,276.53,275.18,276.08,278.23,278.38,275.86,277.66,278.11,277.36,277.71,279.93,279.71,277.58,276.61,276.4,274.13,274.13,274.06,275.5,275.73,276.05,277.58,277.11,277.86,278.71,280.05,279.66,278.91,278.28,279.16,278.43,276.98,278.03,278.33
279.25,279.55,278.83,279.15,278.73,279.63,279.96,279.06,278.15,277.75,278.16,280.88,280.03,280.88,280.38,279.46,279.13,279.41,277.98,276.73,276.18,275.93,278.13,280.36,280.46,278.61,278.23,277.18,277.73,276.93,276.88,277.13,277.21,278.98,281.23,280.16,278.13,276.5,276.93,278.43,278.93,280.48,280.66,281.5,281.35,281.48,279.13,276.78,277.33,278.13,279.11,277.5,278.25,279.93,278.48,279.33,279.55,277.55,278.55,279.98,278.71,277.63,278.53,278.13,276.73,277.41,277.43,278.33,279.36,277.25,278.06,277.18,276.88,278.71,276.78,276.21,279.66,276.93,278.25,278.55,277.58,277.58,276.08,274.11,273.56,276.63,278.33,278.56,277.18,279.58,280.43,278.93,276.58,278.0,278.9,278.73,280.06,279.96,279.8,279.28,279.23,277.93,277.08,276.53,274.13,276.55,275.98,278.0,279.38,278.81,277.38,276.75,277.43,277.21,278.33,278.16,276.68,277.36,278.38,279.05,279.78,278.66,276.21,275.5,275.25,276.4,276.36,275.13,273.58,274.06,273.58,272.46,272.83,273.71,276.55,276.58,276.38,274.5,275.56,274.03,273.48,275.21,274.55,275.08,276.21,276.98,277.98,277.16,276.05,276.1,273.68,270.28,271.55,275.38,276.53,275.66,275.68,274.28,273.43,276.25,276.23,273.8,273.63,274.68,274.23,275.38,270.43,271.36,272.13,273.41,275.46,275.33,276.73,275.43,273.33,271.91,275.46,275.13,273.41,274.38,275.66,275.8,274.36,275.25,274.66,272.08,274.46,276.53,276.15,275.16,272.71,271.43,275.03,275.43,275.28,275.25,274.08,272.13,275.33,272.23,275.61,276.66,275.58,275.83,275.58,274.75,274.83,275.6,274.83,274.23,272.68,275.18,277.25,277.88,276.36,275.33,272.8,270.61,270.81,271.0,269.46,275.66,275.96,275.93,275.03,273.93,272.23,275.48,271.91,275.48,276.73,276.71,276.65,276.23,278.23,276.91,274.21,274.88,275.13,273.86,275.46,275.5,276.18,276.36,276.16,275.86,275.93,276.75,274.91,271.83,268.11,275.13,275.05,275.98,276.63,275.08,275.58,273.46,275.03,275.03,273.38,274.46,274.55,270.28,273.28,274.96,276.18,275.73,276.28,276.66,276.88,276.63,277.06,276.61,276.18,275.28,273.03,273.86,269.08,270.98,276.11,274.86,275.43,277.36,276.75,274.83,275.86,275.9,275.61,274.91,274.13,276.21,276.16,275.05,275.68,274.28,275.53,276.0,274.61,276.78,275.43,275.63,275.96,274.06,272.18,269.53,274.0,276.11,276.16,275.58,276.0,273.33,274.13,272.3,271.08,271.91,272.88,275.23,276.21,275.96,275.86,277.13,276.63,275.86,274.38,274.98,275.28,275.48,275.63,274.13,274.38,274.16,275.66,275.43,276.36,276.03,276.28,277.3,275.55,277.08,276.13,274.55,274.43,272.9,273.08,273.23,274.5,275.86,275.03,275.53,275.11,275.73,277.56,278.48,277.96,278.68,278.68,277.88,276.66,277.21,277.05,276.96,277.28,277.58,276.61
277.25,276.46,276.55,278.05,278.83,278.71,278.33,277.31,278.33,277.53,275.71,277.38,280.0,278.68,278.28,278.23,277.63,277.98,277.16,277.93,277.48,279.28,276.93,275.96,276.81,278.08,275.75,275.38,278.16,276.63,275.18,275.21,276.93,280.4,278.38,276.55,276.71,275.5,278.5,278.13,277.98,279.0,278.61,277.41,278.75,279.13,278.46,278.65,279.33,280.86,278.46,278.25,278.46,277.65,278.88,279.0,278.03,277.75,280.08,280.3,280.13,278.73,277.38,278.11,280.0,279.9,277.5,278.88,276.58,276.38,278.11,278.38,276.88,276.15,277.28,276.48,276.48,276.81,274.13,273.98,275.8,277.66,276.71,275.96,277.66,277.36,276.91,276.91,278.75,276.8,276.18,278.11,278.65,278.08,277.56,275.91,277.08,276.61,276.96,276.36,273.0,272.21,273.21,276.98,276.86,277.63,278.9,278.23,277.33,279.03,278.11,279.78,277.63,276.41,273.53,274.16,276.5,274.3,274.33,276.9,276.78,275.36,275.78,275.66,275.18,276.46,277.16,272.28,272.83,275.21,276.83,275.88,275.78,273.5,274.4,275.15,273.38,276.63,275.73,275.28,277.3,276.08,276.83,277.71,275.55,274.58,275.36,274.46,272.96,275.56,275.83,273.96,275.28,276.16,275.81,276.05,278.16,276.66,276.9,274.75,275.28,276.03,275.13,276.18,275.91,275.8,273.38,275.3,275.21,274.78,275.88,275.88,276.08,271.78,269.03,273.28,274.5,275.28,275.46,275.63,274.41,275.28,275.8,275.08,275.05,275.98,276.75,276.46,276.96,275.53,271.73,270.93,274.4,269.43,274.83,274.61,275.21,276.0,275.71,276.5,273.53,274.53,275.3,275.88,275.28,275.48,275.21,273.78,275.23,275.23,275.98,275.93,275.25,276.18,275.68,274.83,274.61,275.58,275.8,274.15,275.38,276.5,276.8,273.0,273.41,273.61,274.53,274.93,271.98,276.0,276.71,276.91,275.23,273.13,272.61,272.91,273.36,271.4,269.21,268.9,272.53,273.93,274.46,275.13,274.38,273.53,274.48,276.38,273.75,276.06,276.56,274.03,274.11,271.38,274.86,274.46,273.96,273.53,275.33,275.83,276.46,274.66,272.05,274.05,272.55,273.86,274.61,274.33,276.91,277.43,277.08,273.98,275.11,274.46,275.73,274.48,272.8,276.05,274.88,275.66,275.46,276.25,276.28,273.86,275.53,276.36,276.21,275.53,275.98,275.03,275.43,276.03,275.53,274.23,275.18,276.33,277.68,277.11,276.83,275.13,274.96,273.0,271.13,273.48,276.03,275.88,277.5,276.33,275.28,276.75,275.75,274.91,274.18,273.5,274.13,275.65,275.93,274.78,275.3,275.48,276.25,276.18,274.63,275.25,277.03,277.68,276.33,275.46,275.11,276.21,276.11,276.33,275.53,275.33,276.33,276.58,275.98,277.36,275.08,274.48,274.73,276.38,276.86,275.98,276.71,275.58,275.53,274.88,276.5,275.11,276.55,275.11,276.3,276.25,276.96,276.5,275.71,277.25,275.6,276.03,276.36,277.28,277.3,277.36,275.93
275.76,277.33,278.76,277.14,275.73,275.68,275.84,277.26,276.46,276.76,275.96,275.39,275.91,276.64,278.31,276.53,277.99,278.04,276.36,277.74,277.51,276.79,278.42,278.81,278.64,280.34,279.68,279.31,277.74,277.99,277.24,275.96,276.06,277.01,278.13,278.43,278.39,277.36,277.43,278.64,278.64,278.27,278.84,276.56,275.86,275.96,275.06,274.91,275.33,276.26,277.13,279.31,278.43,278.66,279.64,278.01,277.21,275.19,276.24,276.26,276.31,277.06,278.34,277.62,277.74,276.11,276.59,277.31,277.64,278.18,276.49,275.54,276.43,275.13,277.79,279.44,278.51,277.11,275.51,274.83,276.81,277.14,277.84,279.39,277.96,276.74,276.81,278.04,277.26,276.64,277.44,278.81,275.84,275.39,275.09,276.61,278.81,277.28,276.54,274.46,273.19,274.77,276.09,278.13,277.64,277.26,275.46,275.91,275.01,276.16,277.81,277.11,276.66,276.18,273.43,277.53,278.88,278.19,278.17,278.56,278.76,277.53,277.71,277.84,278.26,278.09,276.42,277.03,275.49,274.26,274.18,276.31,274.49,275.86,275.89,276.49,273.84,275.89,275.88,274.84,276.34,277.89,275.16,275.91,276.46,275.96,276.69,274.22,276.18,277.18,277.92,277.91,275.16,275.49,277.01,276.49,277.43,276.01,275.56,274.86,274.04,274.99,277.29,278.11,278.01,277.08,277.76,278.36,275.96,271.56,274.56,275.51,274.76,274.34,274.81,275.24,273.66,273.76,274.29,276.11,277.39,277.39,276.63,273.76,272.46,273.31,275.36,275.79,274.74,276.21,276.09,276.91,275.96,274.04,275.41,274.34,273.66,276.06,273.41,276.69,277.16,276.91,274.91,275.94,275.64,276.64,277.74,277.76,277.29,276.78,277.41,277.24,277.59,278.36,278.86,277.66,277.74,277.79,275.96,274.78,275.46,277.02,275.04,274.66,276.06,270.34,269.16,274.76,274.81,270.37,272.89,271.67,270.74,274.52,275.34,275.36,276.06,275.96,275.23,275.18,274.84,273.44,275.71,276.78,276.51,276.59,276.81,276.01,276.61,276.71,277.24,276.18,277.16,276.59,276.99,276.71,275.79,273.39,273.91,272.56,272.14,274.81,275.39,274.51,276.54,276.86,275.69,274.64,274.71,276.94,276.26,274.83,275.93,274.56,273.73,273.36,275.86,276.04,275.28,275.01,276.34,275.89,275.71,274.73,274.84,275.28,271.42,274.24,275.34,275.34,276.41,275.96,275.66,277.34,277.69,276.31,275.96,277.06,277.13,276.28,274.71,273.59,275.64,276.87,276.03,278.34,277.96,277.59,277.03,277.36,275.89,276.49,276.51,275.46,275.89,277.18,278.78,275.93,275.71,275.66,274.99,275.46,276.09,276.94,275.96,275.91,276.03,276.73,277.26,276.79,276.98,277.12,278.18,278.61,277.72,276.81,273.86,275.01,276.09,276.69,275.36,273.96,273.86,275.09,274.71,273.96,274.11,274.99,275.89,277.16,276.19,274.59,276.04,277.59,277.94,277.5,278.04,278.31,278.16,278.44,276.56,275.53,278.71,279.99,279.29
279.01,278.53,277.31,276.08,275.96,275.77,275.58,275.39,275.18,274.79,274.02,274.44,274.86,276.16,277.39,276.63,277.21,276.21,275.28,275.09,275.51,276.41,279.21,280.03,280.76,279.89,278.71,277.11,277.11,279.29,279.01,279.66,279.79,280.14,278.64,280.84,280.41,279.77,279.41,277.34,275.61,276.29,280.21,280.86,278.92,278.84,279.66,280.09,281.46,281.44,280.22,279.28,279.59,280.22,281.36,280.18,277.26,278.16,276.34,276.96,278.31,279.16,278.23,277.43,276.88,278.41,278.54,278.56,278.53,278.49,278.36,278.79,279.56,280.09,279.06,276.43,277.38,277.64,279.01,276.39,278.61,279.91,280.81,281.91,281.11,280.02,279.71,278.04,278.93,277.41,277.06,279.94,277.18,274.78,276.23,278.06,278.24,274.29,277.59,277.46,276.01,279.24,278.29,278.86,279.26,276.38,278.01,275.28,274.99,278.11,277.41,275.93,276.19,276.51,278.16,276.64,274.47,274.79,274.81,274.66,275.22,273.68,272.31,277.77,276.34,275.94,277.33,276.36,275.56,273.99,275.09,272.19,275.38,274.16,273.81,275.89,273.16,272.88,271.46,275.78,274.26,276.01,275.31,276.66,276.66,277.54,276.23,275.31,273.46,277.66,275.93,275.51,276.21,276.24,278.54,277.21,275.14,275.46,275.48,273.46,273.56,274.99,275.16,275.11,274.36,276.89,277.71,277.73,277.44,277.11,275.66,276.73,275.16,272.39,272.09,273.96,273.11,268.44,269.09,274.44,272.46,277.61,276.25,274.33,273.33,275.38,273.58,275.65,276.66,276.08,275.28,273.86,275.8,275.63,273.53,273.65,275.71,276.36,275.38,276.06,275.53,274.88,274.63,269.55,269.9,271.9,270.0,275.0,274.5,269.33,269.05,271.38,276.23,276.86,276.96,276.71,275.96,277.83,277.21,278.08,275.9,276.81,273.75,271.53,274.55,276.21,275.18,277.73,276.28,276.46,274.88,275.93,271.46,272.41,275.96,272.03,271.43,272.61,276.5,274.46,276.58,275.81,274.36,276.25,275.16,277.28,277.75,277.56,277.75,275.96,275.21,275.63,275.96,274.43,272.73,270.73,271.93,272.25,272.88,273.43,274.11,274.9,274.08,271.23,271.78,275.48,277.03,277.11,276.48,275.68,276.05,275.23,276.38,276.75,275.5,275.96,275.25,275.15,276.75,278.8,279.21,277.91,276.68,273.25,274.56,274.38,276.98,275.46,275.48,271.66,274.13,272.38,275.33,275.28,276.75,276.05,276.75,271.25,274.88,272.81,273.98,277.53,273.18,275.93,275.46,274.53,275.75,279.53,277.88,276.71,275.55,276.61,275.6,276.23,277.18,275.55,277.98,278.88,277.8,276.21,275.38,274.13,276.4,276.75,277.18,278.25,277.83,278.3,278.68,278.9,278.58,278.98,279.03,277.66,277.1,278.48,277.4,277.83,277.86,275.78,276.38,274.66,276.3,276.23,276.93,278.06,277.0,278.43,278.15,276.23,278.61,279.38,279.38,278.63,278.21,277.75,276.08,277.86,278.43,280.33,280.43,278.08,278.73,279.05,278.66
277.16,276.91,277.5,277.83,277.9,277.98,278.63,278.98,278.91,278.75,278.23,276.75,277.43,278.68,278.73,277.65,277.91,276.88,277.83,279.78,278.75,277.5,277.91,278.96,277.13,277.86,278.95,277.23,278.63,278.23,276.75,276.38,278.36,279.13,279.53,279.43,278.75,277.66,277.46,278.71,278.0,278.38,277.53,279.58,278.33,279.21,279.0,279.21,280.15,277.65,276.03,276.63,277.93,278.75,280.18,280.23,280.28,280.43,280.13,279.83,279.06,278.53,276.68,277.36,279.88,279.71,277.71,279.0,279.5,277.91,279.03,280.43,281.15,279.03,280.18,280.55,281.23,279.11,279.21,279.15,278.83,278.71,277.88,278.48,278.91,278.28,278.81,279.98,279.78,278.23,280.0,279.98,279.53,278.75,279.65,279.65,278.16,277.73,276.48,275.58,276.13,274.86,276.73,278.0,276.61,278.15,278.58,277.65,277.13,274.15,274.73,273.65,274.05,275.71,276.75,277.53,278.25,277.0,275.06,273.38,272.0,275.96,276.03,275.43,277.98,276.63,274.83,274.78,276.4,275.71,275.48,275.31,276.88,276.31,276.41,275.5,273.58,274.86,274.98,273.71,272.46,275.0,272.43,271.46,274.15,274.05,274.46,274.53,275.46,274.71,268.86,273.08,275.86,272.81,268.98,269.48,271.36,274.23,276.0,274.11,272.21,270.71,273.25,272.55,271.55,274.38,273.98,274.86,274.93,275.78,270.5,274.43,271.33,275.15,275.88,276.53,276.61,276.58,276.46,274.38,275.43,276.73,273.16,274.41,275.98,275.55,273.61,274.38,272.33,275.61,274.11,271.5,276.56,276.18,274.93,271.31,269.58,274.13,273.18,274.03,274.4,276.9,275.53,274.68,274.28,275.93,277.11,277.81,278.25,276.58,276.48,275.36,277.61,274.61,275.86,270.91,273.68,275.63,275.33,276.78,277.83,275.58,275.56,275.5,276.11,276.08,274.21,272.93,274.93,277.11,276.85,274.23,273.21,275.98,275.61,277.25,276.78,274.41,273.41,274.28,273.21,276.75,275.96,275.3,275.16,275.96,276.73,276.9,276.61,277.15,276.83,276.38,274.68,272.65,269.68,275.53,275.06,275.28,273.8,272.23,272.68,271.08,271.18,266.41,272.91,277.05,276.21,275.28,277.06,276.28,275.23,274.05,270.16,270.68,272.38,275.36,276.81,276.5,276.28,275.3,275.31,275.48,274.63,275.53,273.41,269.63,270.63,274.11,276.98,277.83,277.61,277.86,277.23,277.55,272.68,276.31,277.23,278.1,278.0,276.55,278.13,277.38,276.18,275.25,277.78,278.4,277.73,278.06,277.73,276.88,274.78,275.9,276.93,276.71,276.08,275.38,277.03,276.05,275.75,276.36,275.0,272.23,273.98,273.93,276.03,276.83,275.36,274.91,275.21,274.66,273.33,273.61,274.43,276.3,276.46,277.38,275.53,275.83,276.71,277.65,278.61,279.33,278.11,276.36,276.08,277.8,277.75,276.73,275.31,275.23,276.5,275.13,275.3,274.86,276.75,278.93,277.61,276.58,277.08,278.0,277.58,277.56,275.83,277.61,279.0
276.68,277.33,276.11,275.5,274.58,273.33,274.43,275.86,275.71,275.13,276.08,275.05,276.13,275.78,275.06,275.16,274.46,275.58,277.98,276.56,276.78,278.9,279.11,278.25,276.28,275.53,277.25,276.61,275.48,278.03,275.28,277.48,277.98,275.86,275.13,276.8,278.41,279.15,279.13,277.28,275.18,277.66,279.5,277.75,278.93,277.3,276.55,276.55,275.33,277.68,278.48,276.48,278.21,280.15,277.98,277.71,277.25,276.0,275.86,275.46,275.16,277.63,276.33,275.75,276.88,278.13,275.61,276.63,279.11,278.21,275.3,277.06,276.28,277.15,278.25,279.18,278.23,277.03,277.73,276.13,275.36,274.68,277.28,278.61,277.88,276.75,276.73,277.73,276.63,275.5,275.05,276.58,274.75,273.83,275.88,273.33,273.96,276.75,276.0,275.8,274.03,274.08,272.96,272.53,274.3,275.23,276.38,274.11,273.9,272.93,272.43,273.48,276.73,277.18,276.38,276.53,275.68,276.16,277.16,275.83,275.36,272.98,276.25,276.63,275.41,277.06,276.98,275.68,276.16,276.13,271.83,273.38,275.78,275.61,277.13,275.38,275.48,275.18,277.15,275.73,274.28,276.58,277.08,277.21,277.03,277.68,277.93,276.98,275.25,276.58,276.56,276.8,276.65,275.56,275.55,275.56,273.88,273.71,273.13,272.98,272.73,274.78,275.68,276.08,275.36,273.93,273.36,272.5,273.06,273.78,276.03,275.38,270.5,273.75,274.16,274.58,276.53,275.86,274.9,274.96,275.63,275.08,272.68,274.25,275.83,276.28,273.96,275.28,276.73,276.08,276.21,276.25,276.05,274.48,275.13,274.66,275.11,272.71,275.05,273.68,273.48,271.83,269.03,273.16,270.33,271.5,274.48,274.5,271.16,270.0,266.96,270.23,275.18,276.1,275.55,275.18,275.68,276.21,273.91,275.53,276.83,275.4,276.61,276.05,276.75,276.21,275.73,275.08,271.86,272.88,276.0,276.55,275.03,274.03,274.5,275.03,274.88,274.4,275.08,274.05,276.61,276.75,276.08,277.0,275.96,273.93,272.8,272.61,274.98,276.71,273.96,275.38,276.88,276.88,273.55,274.96,275.73,275.8,275.96,274.66,274.21,274.88,273.28,270.73,271.0,268.85,273.28,274.16,277.08,276.58,275.75,273.98,275.05,276.03,276.5,273.05,274.68,271.11,269.41,272.68,275.46,275.28,275.65,276.25,271.86,273.66,271.16,273.55,274.28,276.05,276.93,275.23,274.88,274.88,276.18,276.88,276.88,274.03,274.91,275.3,275.3,277.08,276.5,278.18,278.15,277.96,275.33,275.58,275.11,276.21,277.25,275.3,277.28,277.36,277.28,275.68,277.41,278.38,278.0,276.9,275.91,278.18,279.5,278.88,277.66,278.63,277.05,278.25,278.53,277.43,276.38,277.03,276.96,276.08,275.16,276.83,277.83,277.36,277.8,277.78,276.46,276.18,276.86,277.13,277.18,276.73,275.93,276.18,278.13,277.53,279.55,278.85,277.05,277.18,277.63,278.08,278.56,279.36,279.43,278.61,278.55,278.66,278.96,278.58,278.18
277.41,277.53,278.08,278.55,279.35,280.9,279.68,277.08,276.36,278.03,279.03,279.41,279.15,278.46,278.88,278.83,278.3,278.33,277.43,277.5,277.48,278.66,280.35,279.85,280.36,279.0,278.18,277.25,279.18,280.53,279.75,279.21,277.83,277.08,276.86,278.03,276.73,277.86,276.81,277.11,277.38,277.58,277.23,276.83,275.18,274.98,276.88,276.55,275.65,275.8,278.83,277.0,274.6,278.68,279.33,278.03,277.4,276.48,276.68,278.08,278.41,276.96,278.08,276.71,278.11,279.73,279.18,277.75,277.55,279.23,276.05,276.38,276.68,276.0,277.73,276.53,276.81,277.86,278.43,278.23,277.78,276.43,275.33,274.96,275.96,276.68,276.61,278.0,277.48,277.68,276.53,278.75,277.78,277.96,277.7,277.48,276.86,276.86,276.93,276.8,274.58,275.13,273.43,272.13,272.36,276.58,276.86,279.16,278.63,278.18,277.73,276.3,276.91,276.93,276.3,276.36,276.43,274.46,276.71,276.28,275.21,275.25,273.83,273.5,273.15,275.06,276.53,275.38,274.96,274.73,274.58,273.88,275.0,275.91,277.88,277.25,276.91,276.68,278.46,278.36,277.88,276.78,277.13,275.9,274.46,275.61,273.58,272.5,273.88,275.55,275.88,275.43,274.36,270.58,272.91,275.16,276.36,277.75,276.96,275.11,274.43,274.63,275.3,275.43,274.91,274.5,275.28,273.21,276.66,275.93,274.75,275.63,276.25,277.71,277.65,275.43,272.66,276.11,277.23,277.31,276.83,276.48,276.36,274.78,271.55,270.41,273.0,274.16,274.0,274.75,275.93,276.5,275.66,276.08,275.73,275.16,273.61,271.91,272.96,273.15,270.66,274.75,271.08,274.93,271.98,274.0,271.88,273.88,274.8,275.36,276.23,275.9,275.56,274.96,275.96,273.3,275.91,277.63,278.3,278.75,274.96,272.8,275.8,275.53,274.88,273.71,273.91,273.11,273.75,276.58,276.63,274.0,274.31,272.88,273.18,272.33,274.98,275.83,275.63,274.13,270.05,269.33,274.65,273.28,271.28,270.33,273.9,275.38,277.38,277.0,276.46,274.88,273.38,276.61,274.35,275.18,275.08,275.53,274.08,273.46,272.9,274.08,274.36,274.98,273.25,275.25,274.31,273.68,274.35,277.2,276.8,274.91,273.68,275.36,276.08,275.05,274.88,271.96,273.68,277.78,276.05,274.18,276.16,277.03,276.48,274.13,273.41,269.75,270.03,270.03,269.75,272.23,273.53,276.91,277.46,276.4,275.58,274.93,273.68,274.88,273.75,274.23,276.8,275.75,275.66,273.11,273.98,275.71,276.13,275.91,276.73,274.83,275.63,275.13,275.71,277.53,276.8,275.73,276.91,276.0,276.98,277.05,275.0,272.68,274.86,274.11,273.71,274.46,275.25,277.28,276.48,275.63,275.05,276.03,277.5,278.0,277.16,276.68,276.13,277.58,278.25,277.05,276.38,276.23,276.63,277.63,278.75,278.08,278.83,278.28,277.28,276.98,275.23,276.71,279.61,278.88,276.18,276.36,275.43,278.28,278.33,279.03,278.93,277.41,275.38
276.05,277.25,278.48,278.78,279.5,278.61,278.83,280.78,279.63,280.55,278.16,277.46,278.63,279.21,279.46,279.11,280.05,279.61,278.46,277.18,278.25,279.48,279.45,279.83,277.73,277.21,277.56,276.63,276.88,276.78,279.65,280.33,280.33,279.46,279.53,279.9,280.0,278.9,277.86,278.03,277.63,279.36,279.68,279.43,279.05,279.68,278.83,277.43,276.63,276.08,276.58,277.0,277.06,277.6,278.78,278.36,279.61,280.48,278.83,277.23,278.63,280.0,280.46,280.03,279.78,277.55,278.78,279.05,278.38,280.33,278.93,278.28,278.83,279.3,277.86,278.18,278.98,278.98,278.78,279.18,278.98,278.55,278.13,277.3,277.63,276.91,278.63,278.68,277.61,278.4,279.16,279.28,279.71,279.96,280.41,278.98,278.28,278.96,277.58,276.43,277.91,277.05,274.25,274.15,274.9,277.73,279.21,278.96,279.98,280.55,279.48,277.33,276.96,277.31,276.5,274.98,273.48,274.38,275.63,275.81,276.68,273.58,273.68,276.3,277.21,276.88,276.15,274.3,277.33,278.11,278.21,278.53,277.43,279.11,278.18,275.63,277.36,277.71,277.46,276.83,276.8,276.03,275.96,275.88,274.71,274.96,274.71,274.58,274.46,275.53,277.3,276.68,278.25,276.3,274.23,274.41,275.83,276.15,273.86,275.81,275.16,273.75,273.33,272.61,274.71,276.98,276.88,275.65,277.16,276.9,278.53,277.43,276.93,277.21,276.38,275.18,275.53,276.03,275.85,275.48,274.06,275.53,274.91,274.81,270.03,269.96,271.25,274.86,274.88,273.16,270.68,268.36,269.41,270.43,273.83,274.18,273.5,274.5,269.5,270.53,274.66,276.31,277.16,276.83,278.28,277.13,276.83,277.5,277.28,274.98,274.68,273.21,272.8,274.23,275.3,275.41,275.05,275.28,276.85,276.08,274.96,278.06,277.53,276.93,277.05,275.43,272.96,273.98,274.78,275.0,274.05,274.61,274.31,273.36,274.91,274.73,275.53,275.78,274.78,272.18,276.13,276.53,276.18,274.93,274.46,276.03,276.11,275.13,275.03,275.03,275.73,275.68,276.28,274.56,278.41,276.6,275.53,276.18,274.5,277.5,272.25,274.93,274.71,274.21,273.96,271.8,272.13,269.03,273.18,275.55,275.46,272.88,272.78,274.5,274.71,276.68,277.8,278.41,277.48,277.0,276.21,276.8,276.78,274.13,272.48,274.36,276.38,277.03,277.0,276.08,276.48,275.98,276.73,276.3,276.0,277.9,277.61,276.11,274.66,275.43,276.88,274.88,275.58,275.53,276.58,275.75,274.93,275.4,276.23,277.0,274.46,274.58,274.46,274.48,275.46,275.25,275.31,277.16,277.86,277.13,275.98,275.75,276.28,276.46,277.58,277.41,277.43,277.43,277.33,277.48,277.18,277.46,277.61,277.08,276.73,276.91,277.05,276.75,276.06,276.4,277.25,277.56,277.66,277.78,279.08,279.63,279.08,279.55,279.68,278.98,279.75,277.93,277.91,278.21,277.71,278.75,279.68,278.63,278.03,278.75,277.68,279.63,277.86,278.36,278.61
277.8,277.68,276.71,276.66,275.28,275.5,276.58,276.65,277.98,279.53,277.98,277.98,278.63,280.08,280.55,279.83,279.9,281.21,280.66,280.15,278.78,277.33,278.18,279.81,280.36,278.91,278.83,280.43,281.33,281.63,281.08,280.11,280.66,280.48,280.78,281.08,280.75,279.05,278.3,278.46,280.0,280.25,280.53,279.85,279.38,279.78,279.58,278.86,278.78,278.4,278.3,278.38,279.15,279.03,277.95,279.0,278.5,279.16,279.5,277.75,278.81,279.23,277.5,277.03,278.83,278.98,279.25,278.58,278.96,278.63,279.8,280.11,278.23,276.78,278.23,279.83,279.08,278.11,279.68,280.38,280.48,279.3,278.63,278.55,277.8,277.98,278.8,279.33,278.48,277.75,275.25,278.63,279.03,277.88,279.36,279.96,278.41,277.5,278.73,279.78,277.23,277.23,278.41,277.08,275.73,277.5,276.48,276.25,277.71,277.33,277.16,278.03,278.08,277.8,275.86,274.0,275.58,274.18,275.53,276.31,275.41,274.68,275.96,275.98,276.48,276.03,275.13,274.13,275.86,277.33,277.63,277.28,275.93,277.91,276.71,274.05,276.9,276.78,276.91,277.63,278.73,277.65,277.3,275.8,275.18,274.71,275.03,275.15,273.53,272.83,275.18,274.88,275.81,273.05,271.75,275.58,276.25,276.75,276.73,275.93,275.03,275.38,276.9,276.28,276.18,277.83,277.91,277.48,276.75,277.21,277.66,276.3,274.53,273.5,273.08,272.35,274.4,273.63,275.8,276.05,275.25,274.41,274.96,274.3,274.16,273.83,273.53,272.75,272.38,271.23,273.23,272.96,271.13,270.55,270.18,273.18,275.73,275.63,271.81,275.96,275.9,273.05,271.03,275.58,275.75,276.21,276.5,276.36,276.8,275.63,273.03,274.43,270.61,273.66,275.46,275.46,275.41,275.46,273.8,271.75,271.83,272.46,272.86,272.58,273.73,272.43,270.4,271.91,272.73,272.21,275.33,276.48,275.9,275.83,274.98,275.25,275.55,275.65,277.21,277.68,276.96,271.13,274.03,275.46,275.3,275.65,276.05,275.33,274.93,274.88,274.48,274.61,274.55,275.23,275.31,274.68,275.06,275.18,276.48,276.03,276.15,276.21,276.78,276.9,274.11,276.15,272.88,275.78,276.38,275.16,274.75,276.08,276.36,275.98,276.48,276.13,274.05,274.11,275.28,276.21,274.73,274.16,275.36,277.75,277.18,275.75,271.73,275.41,275.13,272.68,275.31,276.41,276.43,274.55,272.85,274.41,275.33,274.98,275.68,277.28,276.18,274.78,276.63,275.68,276.05,274.46,273.36,275.71,276.68,276.28,274.71,275.03,277.31,276.08,276.88,279.0,276.1,275.53,274.0,275.21,275.58,275.36,272.53,275.43,273.88,274.08,274.13,275.43,276.43,276.43,277.11,277.21,277.75,277.38,277.98,276.61,277.13,277.55,276.08,275.55,275.3,276.08,275.86,276.46,276.73,277.03,278.71,277.16,278.68,276.68,276.65,277.63,278.88,277.38,277.43,278.28,278.18,276.33,275.38,276.48,277.0,278.43,278.91,279.28,280.33
280.21,279.58,278.73,277.98,276.73,277.08,276.4,276.66,277.43,277.93,277.83,279.13,278.66,279.13,277.58,277.33,278.63,278.68,279.46,279.78,278.86,278.66,278.53,277.56,277.71,280.08,282.0,281.38,281.23,281.25,281.4,281.23,280.46,281.15,280.91,281.21,280.98,279.43,279.58,278.73,277.96,277.48,278.56,279.23,279.81,280.43,278.75,278.33,278.21,278.33,278.83,279.75,278.83,277.78,276.71,275.78,277.78,278.71,277.66,278.93,278.11,277.91,279.8,279.83,280.4,280.33,279.3,277.36,277.13,276.88,278.25,278.91,277.0,276.3,278.78,278.23,279.08,278.9,277.85,278.03,277.71,277.41,277.48,276.63,276.06,277.08,277.16,276.08,275.25,275.38,274.21,275.81,275.83,275.48,274.63,277.21,278.8,278.3,278.25,278.4,278.58,279.08,275.58,272.61,276.36,277.88,277.96,278.08,277.05,276.18,278.36,278.78,277.68,277.93,278.91,277.88,277.15,276.78,275.71,276.48,276.28,276.46,277.63,278.18,277.46,278.5,275.33,274.28,276.86,276.98,277.43,278.0,278.36,278.05,277.61,277.58,276.98,273.75,272.38,276.43,276.16,275.13,275.73,275.0,273.03,273.78,273.88,276.85,278.4,278.33,276.31,275.66,271.28,276.25,274.83,276.0,275.9,276.95,278.63,277.88,276.93,275.4,276.03,276.53,278.31,278.16,277.18,274.73,276.43,276.18,277.0,278.36,278.68,277.38,275.83,277.21,277.73,275.58,275.55,273.71,274.05,271.0,271.03,276.03,274.1,275.46,275.43,273.48,274.3,273.93,272.11,273.3,271.1,274.11,275.11,275.18,273.46,275.25,275.78,275.71,275.0,274.3,274.9,276.43,276.13,274.75,275.5,271.93,271.93,275.18,274.88,274.88,275.28,275.71,274.98,274.96,273.93,274.5,274.11,274.0,274.63,273.71,274.55,274.38,274.68,276.08,273.31,272.11,275.1,275.66,275.71,276.15,275.43,274.41,274.05,273.8,274.78,274.91,271.8,274.15,273.0,270.78,270.13,274.61,275.1,276.53,272.96,271.33,272.13,274.71,274.43,275.61,275.3,275.78,275.78,275.48,274.11,272.78,271.98,272.33,271.96,271.61,273.56,275.65,275.63,276.38,276.13,276.1,277.88,276.23,274.31,275.36,275.98,272.43,275.9,275.53,276.06,276.5,276.36,276.06,274.66,276.08,276.38,277.63,277.93,276.53,276.98,275.83,274.21,275.4,273.36,277.18,278.38,278.75,277.38,277.05,275.98,275.06,273.88,276.8,276.23,276.03,273.15,275.5,274.36,275.13,277.18,276.91,275.43,275.71,277.33,277.16,277.78,277.78,277.08,275.98,275.88,275.68,277.78,277.85,277.48,277.18,276.13,275.5,275.63,275.0,276.53,276.91,277.38,277.28,277.53,278.68,279.0,279.56,277.81,277.78,276.71,276.48,277.9,278.68,279.68,279.23,278.65,276.16,275.93,276.63,275.41,275.48,276.98,276.53,277.96,278.88,279.25,279.58,279.03,277.05,277.25,276.31,276.6,277.23,278.48,277.55,277.18,275.25,275.03
276.73,276.48,276.4,276.88,278.53,279.91,279.78,280.25,280.25,280.66,279.05,276.86,276.93,277.88,278.43,278.66,278.08,276.86,278.93,279.58,279.58,279.75,277.8,279.4,278.68,278.46,277.28,279.33,279.46,279.93,279.46,278.21,278.66,279.23,277.21,278.75,276.43,276.88,277.33,278.33,276.9,279.41,279.98,278.33,276.38,274.88,274.6,275.11,278.25,280.21,279.23,278.75,278.56,276.83,277.03,278.48,279.0,278.83,280.16,281.15,280.21,280.81,280.56,281.11,279.36,280.36,281.08,280.83,278.98,278.58,279.33,278.61,277.43,278.38,277.13,278.75,279.93,277.75,279.5,277.73,279.0,278.66,277.71,278.13,278.46,278.18,276.05,275.48,273.13,273.41,277.13,277.11,278.18,279.33,276.08,274.8,275.21,276.75,277.16,277.5,277.03,276.86,278.23,277.36,274.7,273.8,273.96,274.13,275.0,277.13,279.0,278.56,277.98,276.18,278.41,277.45,274.4,276.08,277.06,277.16,277.0,278.21,278.96,277.41,276.13,276.55,277.18,276.15,276.88,277.8,278.43,279.23,278.4,277.21,276.88,278.0,278.1,278.13,277.53,276.71,276.11,275.88,275.8,274.75,276.63,276.3,274.33,274.43,273.16,273.16,274.96,275.55,275.68,274.68,273.36,275.21,276.43,276.3,274.53,269.53,272.61,272.73,270.56,273.21,269.71,268.18,273.43,271.38,270.5,272.21,271.31,272.4,274.71,275.58,275.25,274.36,273.3,272.41,273.68,272.98,273.53,275.0,274.21,273.33,272.58,273.21,272.0,274.33,276.5,275.86,275.86,275.86,275.86,273.63,270.55,270.4,274.3,275.21,274.13,276.23,277.58,277.1,275.88,275.46,274.23,271.18,275.35,273.05,271.16,271.63,275.38,276.0,275.61,275.98,276.41,275.88,275.8,275.63,275.03,276.33,275.96,275.75,272.25,273.68,276.3,275.73,275.65,276.08,276.38,274.53,274.66,273.18,273.68,274.03,271.75,275.98,276.71,276.38,274.86,274.23,273.65,273.0,270.71,272.08,276.75,276.3,274.88,275.16,275.13,275.08,276.75,277.73,277.98,276.73,275.88,275.75,273.45,275.33,276.71,277.36,277.71,277.43,276.18,276.78,276.61,276.86,276.86,275.46,276.0,276.63,276.73,272.25,272.61,276.03,272.96,273.75,271.0,272.48,275.25,274.43,274.91,276.46,276.36,277.63,278.0,277.55,277.15,277.5,277.71,277.83,275.83,276.05,277.03,276.45,275.66,275.43,275.31,274.83,274.25,276.75,276.46,275.15,276.73,275.88,276.88,276.88,274.96,275.68,276.86,276.53,277.93,278.71,277.71,277.86,277.05,276.03,275.96,275.38,275.0,274.61,275.78,275.55,275.36,275.83,275.63,275.46,276.33,276.91,275.96,275.43,276.78,277.56,276.5,274.38,276.73,276.33,277.0,276.43,275.43,275.06,276.58,275.71,275.66,275.55,276.35,275.96,276.61,277.86,278.55,277.3,276.46,277.08,278.28,277.63,277.65,277.68,278.71,276.38,277.18,278.28,277.66,277.21,279.05,279.78,280.21
280.21,279.08,279.71,278.05,279.0,277.88,278.66,278.15,277.11,276.86,277.28,278.35,278.23,277.43,276.83,276.45,278.15,277.68,277.91,277.05,277.58,279.13,279.11,277.61,278.0,278.0,277.36,278.0,276.71,275.21,274.36,274.88,276.18,277.88,279.55,279.61,277.73,278.6,279.53,280.35,279.73,278.8,278.46,278.11,276.93,277.46,275.5,275.13,275.4,276.83,276.93,276.38,277.06,277.63,277.56,277.66,276.5,276.28,276.93,277.41,277.43,277.28,276.73,276.61,277.18,275.36,275.5,276.48,275.63,276.0,275.13,275.98,277.41,278.25,278.71,278.91,278.25,277.78,278.25,278.81,279.13,278.28,278.0,277.71,279.03,278.25,278.38,278.0,278.43,278.68,279.63,280.18,279.05,278.08,276.13,278.11,279.38,280.23,277.8,278.88,280.08,278.88,277.91,276.31,276.3,276.16,274.71,277.0,278.68,278.83,279.48,278.13,278.08,276.73,278.61,279.16,278.78,278.71,277.23,277.15,277.91,276.55,277.75,278.25,277.48,276.93,276.86,276.71,277.43,275.16,273.38,277.5,273.53,275.96,276.43,277.65,278.13,278.05,276.0,274.16,276.46,276.23,276.48,274.25,275.86,273.48,277.4,277.36,277.61,276.98,276.98,278.0,277.93,276.0,275.28,276.5,277.21,276.48,276.0,275.61,275.15,274.73,272.0,273.6,273.88,275.55,275.23,273.78,273.96,275.31,276.88,275.88,276.21,275.78,275.13,274.18,274.36,274.61,274.98,274.3,274.13,272.43,274.05,271.81,271.68,272.28,273.43,276.23,276.78,276.5,276.15,276.61,274.58,273.96,274.38,276.31,279.0,278.93,278.68,278.36,277.61,277.3,277.13,276.68,277.03,276.96,276.33,274.98,276.25,276.58,275.3,274.63,274.5,273.75,272.13,271.25,269.83,273.73,268.63,272.23,274.73,275.41,273.91,269.61,269.13,271.96,274.75,275.5,275.98,275.36,276.48,275.21,273.68,275.78,274.73,275.68,275.91,272.43,275.68,275.93,276.78,276.75,276.28,275.93,275.58,275.48,275.5,275.56,276.06,277.53,277.81,276.41,274.08,274.08,270.96,274.61,274.71,276.15,273.25,274.83,273.58,272.3,275.05,276.71,277.58,277.18,275.33,274.25,272.31,273.63,275.46,274.36,273.58,272.46,273.98,275.2,271.33,273.9,274.75,275.68,275.66,274.75,275.81,276.48,277.03,274.23,274.11,276.61,276.98,275.91,276.38,276.91,275.11,275.98,276.28,275.16,273.68,274.46,275.28,275.18,275.8,274.08,273.28,276.36,276.9,276.11,276.48,277.13,276.9,275.83,274.65,271.38,272.86,276.46,277.75,276.63,274.38,275.13,273.78,274.83,275.66,275.88,274.91,274.75,274.15,274.43,273.58,272.88,274.75,276.58,277.53,276.98,275.46,275.05,275.23,275.73,276.21,275.91,277.11,275.18,275.83,275.21,274.9,275.46,276.78,277.48,276.06,276.88,276.58,277.4,278.3,280.05,277.38,277.43,278.65,279.36,279.68,279.65,279.71,279.58,277.5,278.93,280.0,278.86,278.23
276.53,276.86,276.03,277.21,275.8,274.48,275.03,276.33,274.18,275.13,275.5,274.58,276.61,276.11,277.11,277.05,278.18,278.55,278.3,275.5,278.06,278.75,279.31,277.43,276.9,277.18,275.68,274.55,275.96,276.31,275.38,277.86,277.68,276.65,277.68,277.08,277.71,277.03,276.13,275.81,275.91,277.66,279.25,280.58,279.25,278.96,277.78,277.48,278.28,278.33,278.68,276.28,275.13,277.08,276.91,276.43,276.13,277.96,278.58,278.96,279.93,279.28,278.03,277.53,277.58,278.66,279.33,279.33,278.88,277.71,277.33,275.48,275.93,278.11,275.43,276.48,276.71,277.55,278.28,277.8,276.81,278.36,279.53,279.23,276.96,275.41,275.83,276.78,278.58,276.68,276.03,278.8,280.08,280.11,280.13,279.41,277.11,278.21,276.21,274.78,276.08,276.8,273.36,276.06,277.03,276.86,274.98,276.0,273.56,272.78,273.11,274.61,276.0,276.9,276.61,275.28,275.73,276.8,276.3,276.0,275.83,276.63,275.83,276.93,273.83,272.3,275.75,276.73,276.98,273.48,276.41,277.46,274.78,275.86,276.23,276.36,276.23,276.86,273.56,275.55,275.48,274.61,276.38,277.48,277.38,277.48,278.23,277.38,276.91,276.25,277.53,278.33,273.23,273.5,275.11,275.68,275.71,276.36,276.21,275.7,276.38,276.68,276.88,272.96,274.93,274.73,276.78,273.85,271.93,274.08,275.33,276.05,270.98,269.75,274.96,276.28,275.33,275.18,275.81,275.41,275.18,275.53,274.21,272.81,272.28,274.63,275.0,275.05,273.03,275.11,275.71,274.08,267.9,268.73,272.28,268.36,267.33,273.83,273.53,274.45,274.23,274.96,276.18,276.38,276.58,276.33,273.71,273.61,275.46,276.11,272.98,271.43,268.5,270.53,272.23,277.13,276.05,272.15,273.93,276.25,277.33,277.03,275.8,276.0,276.0,276.53,275.36,275.23,274.96,275.48,275.71,275.65,275.8,276.66,274.48,271.38,272.63,275.78,275.0,275.16,273.43,271.9,270.78,270.23,270.68,274.05,274.9,270.23,273.78,269.75,275.11,276.58,276.53,276.18,275.55,274.21,276.96,277.75,277.18,275.23,276.0,274.75,273.9,273.83,275.71,271.86,276.53,275.41,276.63,275.48,275.46,276.18,275.43,271.03,274.28,275.03,275.91,276.15,275.25,275.41,274.46,273.0,276.31,276.23,274.48,275.96,276.56,277.36,273.96,275.18,275.86,276.05,274.88,276.48,276.38,274.1,276.08,275.83,275.38,273.25,275.58,276.46,277.1,277.23,277.05,276.28,276.33,275.43,277.25,276.68,277.25,277.25,276.5,274.98,272.71,271.46,272.23,274.28,274.58,274.88,274.9,274.88,275.0,275.83,275.75,276.11,277.33,277.48,275.98,276.25,276.63,277.61,275.46,275.23,274.46,275.93,276.93,276.98,275.93,275.36,275.08,275.91,277.93,275.65,275.18,275.83,276.03,275.13,277.3,276.16,275.96,276.08,275.66,277.78,280.0,280.66,277.96,278.48,276.43,276.18,278.65,277.58,276.96,277.03,277.96
276.47,277.3,278.1,278.7,278.55,278.6,278.77,279.95,280.6,279.15,278.32,278.77,279.82,279.0,278.25,277.55,279.8,277.52,277.02,278.57,278.37,278.02,277.22,276.22,276.52,276.47,275.64,277.12,278.45,276.52,275.4,275.25,275.4,276.42,278.55,278.85,277.42,276.67,276.17,276.57,276.3,275.97,276.02,277.42,277.8,275.7,275.85,277.05,276.1,276.12,277.07,277.32,278.52,278.85,278.27,279.47,280.2,280.65,279.64,279.95,280.2,279.35,276.5,275.32,277.49,275.97,277.97,278.87,280.05,277.45,276.07,278.35,278.47,278.49,279.17,277.82,278.07,278.27,277.64,276.27,276.47,277.97,277.45,278.67,279.6,279.1,278.72,277.47,278.82,278.82,278.85,279.05,279.4,279.32,279.55,279.92,280.12,279.02,278.64,281.65,281.0,279.82,279.87,279.6,279.27,279.42,278.87,278.64,278.67,279.75,278.89,279.32,278.52,278.62,279.27,279.07,279.12,279.1,278.22,274.85,276.82,278.02,276.85,277.8,277.82,278.67,277.07,278.3,278.7,276.95,276.45,276.22,278.2,279.64,277.65,276.42,275.05,277.3,277.1,278.0,277.62,275.87,274.62,274.74,274.47,271.9,268.97,272.24,276.14,276.4,277.45,278.24,275.97,276.05,275.1,273.42,271.45,272.07,274.99,276.14,272.87,276.07,273.97,269.25,273.62,275.95,276.82,277.12,275.39,274.12,275.42,273.3,273.32,273.35,272.39,271.85,275.64,274.1,272.92,274.72,275.27,272.7,273.77,274.3,275.67,272.8,270.05,269.95,274.95,276.39,277.2,277.3,277.4,277.45,274.92,274.67,275.12,276.8,277.02,276.57,276.47,275.77,275.85,276.1,276.67,275.82,274.02,274.8,272.35,272.7,270.15,269.52,272.35,272.62,273.45,274.2,274.8,274.9,275.49,274.3,275.57,275.62,276.39,277.02,276.95,277.4,276.67,276.85,272.7,274.3,277.05,273.62,274.2,276.29,276.5,276.47,274.95,275.32,276.67,276.2,276.95,275.39,274.52,272.87,273.95,273.8,275.27,271.55,272.75,274.95,270.97,273.82,275.22,276.27,276.35,276.17,275.17,274.67,273.0,272.62,273.02,270.17,271.35,269.57,269.52,273.05,269.99,273.92,272.7,274.22,275.6,275.07,274.57,275.92,274.7,273.6,274.74,274.95,276.39,276.89,275.05,274.65,273.57,273.82,272.42,275.22,274.2,272.37,275.6,276.32,275.92,274.92,273.97,275.35,275.32,274.7,275.3,273.55,274.35,275.37,275.97,273.1,275.0,275.67,272.85,274.64,275.82,276.27,274.17,274.2,275.67,277.77,277.05,275.24,274.42,276.4,276.52,275.6,274.85,274.14,273.77,273.47,273.9,273.95,275.27,276.3,276.65,276.05,276.07,275.77,275.42,276.05,275.89,275.62,275.25,274.62,274.45,275.22,273.97,273.4,275.45,275.47,274.55,276.9,277.05,276.05,276.24,275.12,274.64,277.77,278.27,278.1,278.52,276.8,276.37,275.4,275.47,276.62,278.02,278.65,277.62,278.27,278.57,278.6,276.67
276.19,276.3,275.74,276.27,275.97,277.0,278.1,277.62,279.07,279.12,277.27,278.12,278.8,278.65,277.9,279.4,279.14,278.52,278.5,278.25,277.02,277.15,278.07,277.92,278.87,278.9,276.82,278.25,279.7,278.2,279.72,278.35,277.35,276.65,278.55,278.39,277.49,276.74,277.52,280.42,278.55,277.72,276.99,276.9,279.14,277.62,276.4,276.3,276.65,276.99,276.07,276.47,279.55,279.65,281.25,281.02,279.5,276.92,278.14,279.77,278.67,278.57,277.42,279.07,280.35,277.85,277.32,277.1,277.42,277.45,277.05,276.49,279.57,281.87,279.39,277.39,278.3,279.35,279.1,276.74,276.65,277.49,278.0,277.97,276.32,275.42,276.37,274.52,277.7,277.95,277.65,279.27,279.82,279.37,278.47,279.12,278.25,276.15,279.7,278.95,275.87,274.65,278.5,280.2,279.92,277.05,276.97,278.62,277.42,274.74,276.2,278.25,271.95,274.67,277.8,276.85,277.35,276.42,275.89,276.77,277.17,277.15,277.05,277.2,276.52,274.47,273.8,274.1,274.65,276.52,276.8,276.17,276.8,276.82,275.89,277.87,273.02,274.55,273.17,276.07,273.52,274.02,270.35,273.85,274.14,274.45,274.97,276.6,276.87,274.17,276.8,275.32,275.02,274.99,272.57,271.32,272.14,272.17,275.25,273.97,272.05,274.7,276.32,274.87,277.02,275.8,275.5,275.14,275.0,274.77,273.89,274.37,275.12,271.72,272.37,274.27,275.4,274.22,273.07,271.35,272.75,275.97,276.35,273.1,275.42,270.02,269.75,272.47,274.22,274.67,276.3,274.67,275.6,275.02,275.37,275.25,275.67,275.92,275.42,271.57,268.57,273.45,274.3,275.07,276.1,275.17,272.55,273.04,275.27,275.25,277.42,276.07,275.35,274.47,272.0,271.95,274.8,270.85,269.5,272.72,274.82,275.02,274.8,276.3,274.32,274.32,274.87,275.42,274.45,273.62,272.77,275.42,274.64,269.54,273.95,275.39,273.77,271.6,274.45,274.1,274.32,272.85,271.95,272.64,272.82,274.35,273.4,274.97,276.7,276.5,275.35,275.52,274.05,272.85,271.12,270.69,269.32,273.32,273.7,275.12,274.45,275.1,272.3,272.1,273.99,273.92,275.42,273.37,270.3,272.0,273.55,274.37,275.02,274.7,273.97,273.92,273.05,271.22,272.45,274.2,275.67,274.9,274.82,274.49,273.95,274.3,270.67,271.87,273.02,273.72,274.32,273.99,275.0,275.15,274.7,274.87,274.67,274.97,274.12,272.8,271.02,273.3,274.85,275.35,275.12,275.67,274.35,276.25,274.42,276.72,272.75,275.77,276.92,276.55,275.55,274.95,274.32,273.02,275.27,276.5,276.67,275.12,274.45,273.92,274.89,275.5,275.45,276.24,275.57,274.24,272.49,273.85,275.95,274.15,276.37,275.45,274.62,273.55,275.64,276.37,276.55,276.64,274.99,275.15,276.0,275.95,277.3,277.4,276.49,275.6,274.32,274.52,273.37,275.12,274.32,277.07,277.75,276.82,275.6,273.95,275.95,274.45,273.82,274.74,276.3
277.07,276.22,275.74,275.67,275.05,273.67,275.77,276.67,275.22,274.9,274.87,277.05,276.8,275.12,276.9,276.72,275.72,276.52,277.57,276.32,277.35,274.15,275.5,274.7,275.22,275.62,276.2,275.52,274.37,275.27,279.42,277.1,276.47,275.77,274.67,275.65,274.89,274.77,277.07,277.62,276.37,274.4,275.75,274.2,274.67,275.72,275.12,278.62,277.22,279.74,280.02,278.35,277.25,276.65,275.52,276.32,276.45,276.64,276.74,278.52,277.42,277.22,275.25,274.49,275.85,277.55,278.87,277.47,277.8,278.57,277.77,277.45,276.67,277.2,277.6,278.95,278.57,278.85,277.42,275.57,273.62,277.47,276.47,276.65,277.07,277.32,277.3,275.74,276.47,278.37,276.75,277.37,276.74,276.52,273.89,275.75,277.42,277.2,277.6,275.85,276.55,276.42,276.57,276.9,278.47,279.27,280.0,279.32,278.77,277.64,276.55,276.24,275.85,276.57,276.4,276.6,276.67,276.72,276.42,276.8,276.44,275.49,274.27,276.37,277.0,278.1,276.49,275.29,277.24,277.52,276.1,275.95,273.8,275.52,277.37,278.05,278.67,276.42,275.95,274.69,271.64,273.14,275.75,272.47,274.4,273.82,274.27,276.3,275.85,273.67,272.47,273.2,272.02,272.8,275.74,274.02,275.85,273.85,273.49,274.44,275.77,273.74,272.32,269.65,269.67,273.52,277.4,277.4,275.17,277.27,277.22,276.47,276.37,274.62,275.67,275.02,274.22,272.67,270.87,268.2,270.57,274.95,275.07,273.65,274.07,275.2,276.27,275.67,275.85,274.32,275.5,275.27,274.2,275.85,273.57,274.37,271.45,271.32,272.2,274.07,273.32,273.7,274.42,274.37,275.32,275.39,274.97,274.35,273.22,272.74,272.22,271.7,272.65,273.89,272.97,272.05,273.2,275.85,273.42,273.6,271.95,273.45,269.12,271.2,273.12,273.12,274.89,275.95,276.92,274.7,275.02,276.1,276.77,276.82,275.99,274.52,274.87,273.25,269.85,272.35,274.6,273.97,274.8,270.47,271.1,274.25,273.42,274.07,274.85,272.52,273.72,273.17,272.55,272.4,270.39,274.25,271.37,270.47,271.67,274.42,274.97,275.27,276.22,275.49,273.62,271.57,273.85,275.77,275.14,274.1,273.62,271.55,272.72,267.62,270.12,273.17,275.64,274.32,273.3,274.65,275.55,275.1,275.49,271.85,275.6,273.97,274.07,272.8,268.77,272.87,273.62,274.1,273.75,273.2,274.12,275.32,274.77,274.37,273.1,274.14,275.39,274.7,275.42,275.1,276.52,275.64,274.37,274.22,273.87,274.72,275.04,274.6,275.85,274.87,275.4,276.07,274.39,273.35,276.85,277.32,275.82,273.37,275.0,275.57,275.1,275.3,275.74,276.82,277.67,276.85,277.57,274.7,276.52,277.12,276.7,274.2,275.47,275.52,276.35,276.52,276.22,276.2,277.32,278.22,277.24,276.62,277.72,278.02,277.9,277.02,275.17,274.82,275.92,277.82,278.07,278.0,277.55,278.1,277.82,278.67,277.17,276.82,277.45,277.64,277.67
277.77,277.97,277.62,278.22,279.1,279.32,279.14,278.35,278.45,278.37,275.2,277.89,276.85,275.07,276.97,276.95,278.8,279.3,278.82,278.3,279.22,278.87,280.24,279.8,279.22,276.45,278.17,278.1,278.55,279.27,279.02,279.37,280.22,278.52,276.52,274.74,278.27,279.37,279.39,278.12,276.52,277.65,279.05,279.49,278.22,277.47,276.12,277.7,279.57,279.17,278.05,278.97,278.82,276.45,276.85,278.07,276.72,277.57,278.97,278.12,278.45,277.32,277.72,277.99,278.25,277.82,278.42,277.8,276.47,277.37,276.67,275.39,275.35,277.22,278.17,278.24,276.82,276.47,274.75,273.32,276.95,276.77,277.42,276.39,277.0,277.1,275.62,275.57,278.0,277.55,277.57,276.92,275.02,277.02,278.14,277.2,277.07,275.97,276.45,277.8,278.17,277.4,276.52,275.57,276.12,277.42,276.27,276.12,276.0,276.87,275.45,275.99,273.64,274.55,276.12,276.17,274.3,275.65,275.87,275.4,274.32,273.49,274.9,273.75,275.0,274.57,276.2,273.97,275.3,276.17,272.52,276.05,274.17,274.47,273.6,275.57,275.55,275.05,275.02,275.05,275.02,275.74,276.7,276.05,275.47,275.87,274.97,271.82,272.05,275.75,276.72,277.05,277.95,276.67,275.35,274.85,274.35,275.25,275.4,274.95,276.32,276.62,275.97,271.85,270.05,270.62,275.32,275.17,275.99,275.47,273.47,272.3,269.25,273.37,275.25,274.05,274.12,274.22,273.97,274.82,275.8,274.72,275.1,274.67,273.74,275.37,270.85,270.12,274.27,273.67,273.82,274.92,274.37,273.57,274.62,276.45,273.32,269.89,273.3,271.54,272.77,275.7,273.89,276.47,275.72,273.27,270.77,271.3,274.8,275.37,275.24,274.35,272.47,271.57,270.7,274.35,271.74,270.02,269.24,272.39,269.97,270.7,275.82,276.4,275.39,274.77,273.35,273.85,273.67,274.3,274.05,274.9,275.77,273.15,269.39,272.25,270.64,269.4,269.37,270.27,273.15,274.55,273.82,272.85,274.32,273.57,268.27,266.5,271.85,275.95,276.22,274.87,275.12,274.1,271.92,272.32,273.12,273.7,275.07,274.45,273.99,274.9,275.47,273.39,272.67,274.97,276.15,274.25,275.9,273.97,271.72,274.02,270.35,273.7,274.57,276.2,275.72,275.17,273.14,272.0,273.87,274.1,274.7,274.72,274.57,274.87,275.65,276.6,277.22,276.92,275.52,275.77,273.42,275.47,275.1,275.57,273.97,274.22,275.82,271.17,270.5,273.82,274.9,275.8,273.95,274.95,273.67,272.1,273.8,275.77,276.17,275.3,272.89,273.19,274.37,274.45,274.74,275.5,275.57,275.42,276.42,275.6,276.4,275.97,276.52,276.49,275.3,272.55,275.5,275.52,276.25,275.74,274.4,274.72,274.52,274.55,274.07,275.1,276.05,276.3,277.25,276.82,275.24,275.12,276.45,276.2,276.92,276.37,276.65,275.25,276.24,275.95,276.17,276.7,279.02,278.47,277.85,277.64,276.07,275.25,275.07,275.02,276.42,276.5,276.74
275.85,275.89,275.5,275.05,274.74,274.72,277.1,277.57,276.82,276.9,277.47,278.25,278.6,278.32,277.35,276.62,278.35,278.7,277.95,277.74,279.25,278.12,276.85,277.32,277.74,278.0,276.82,275.75,277.42,277.27,279.25,279.74,279.47,279.02,279.7,278.87,279.89,279.1,280.3,278.4,277.45,279.67,279.1,278.55,277.97,279.57,279.7,279.87,279.17,277.72,277.87,278.44,277.85,279.02,279.07,279.55,278.55,276.15,275.1,276.55,278.67,278.62,278.12,278.35,278.47,278.74,279.7,277.64,278.37,279.87,280.32,279.1,277.02,278.95,280.2,277.45,278.37,278.42,278.07,279.42,279.7,278.49,277.42,278.35,276.92,276.49,278.82,279.27,278.27,276.42,274.9,274.57,276.8,278.7,278.05,279.47,278.75,277.39,275.45,277.6,277.42,278.02,279.67,277.77,277.75,278.42,275.8,277.22,274.62,277.27,278.64,278.22,277.47,275.27,273.27,273.32,274.99,277.97,276.85,276.55,277.02,276.25,276.62,276.24,276.52,276.27,275.57,272.8,274.67,275.9,272.77,272.67,273.9,276.52,277.87,276.27,277.45,275.99,276.7,277.7,277.7,276.89,276.75,276.05,276.9,277.65,276.97,274.32,274.29,276.5,277.37,276.85,276.32,275.7,274.12,275.97,276.9,276.99,276.47,277.0,274.67,274.57,274.07,272.3,271.55,275.1,275.55,277.85,277.2,275.24,276.12,273.05,271.22,275.37,276.89,275.7,275.92,276.7,275.62,276.57,277.24,273.85,275.7,274.95,272.82,271.64,273.45,274.72,275.35,272.45,272.45,271.1,270.07,270.8,272.35,272.74,269.89,270.4,272.92,272.49,273.82,274.65,275.12,275.74,276.15,274.42,275.25,273.95,272.02,275.57,272.97,272.22,271.74,271.42,272.57,276.42,276.35,274.17,272.95,274.82,276.24,275.72,276.57,275.8,275.92,274.57,276.05,275.67,275.85,276.9,277.57,276.47,276.42,276.37,277.0,276.64,276.95,276.99,277.2,277.07,276.45,276.57,275.97,272.4,271.32,270.74,274.62,276.45,276.92,274.45,273.4,271.45,271.77,274.42,271.85,273.72,275.27,275.05,276.72,276.45,276.05,275.67,274.37,274.49,275.22,271.8,271.3,275.67,276.02,272.5,275.42,273.05,275.19,276.39,274.75,274.57,274.5,275.27,275.77,276.85,273.87,275.62,275.57,273.8,274.12,276.35,277.07,277.55,277.22,276.55,274.62,274.55,277.1,278.15,276.77,276.82,276.4,274.92,274.77,273.3,274.02,275.47,275.22,278.05,277.47,277.32,277.37,274.95,275.07,276.39,275.72,277.05,277.45,276.6,276.42,276.7,276.17,276.14,275.27,276.8,277.57,275.72,277.12,276.77,274.8,275.52,276.95,276.32,274.8,275.17,274.02,277.9,277.1,276.02,278.67,277.9,276.97,275.7,276.42,276.77,277.5,277.35,276.25,277.25,278.47,278.52,277.64,277.57,278.2,278.45,277.57,276.74,276.05,276.6,277.22,277.77,277.74,278.67,278.57,277.6,276.57,278.07,278.85,278.9,278.3
276.87,277.7,278.8,278.5,280.97,278.6,278.27,279.35,278.35,278.15,275.57,274.58,276.8,276.13,276.45,278.95,277.0,277.8,278.68,277.55,276.93,278.98,276.4,278.45,278.07,276.48,277.15,276.53,277.75,279.18,279.22,279.18,277.1,278.23,279.9,278.7,276.4,276.93,276.35,276.82,278.93,279.37,279.38,276.65,277.63,277.88,278.95,278.27,279.43,277.25,279.05,276.85,277.72,280.37,281.15,279.97,278.52,278.65,279.2,279.15,277.38,277.93,280.38,281.1,279.68,279.05,279.2,279.47,279.57,276.7,277.0,275.25,275.1,277.13,278.85,280.7,279.7,279.65,279.57,277.97,278.28,277.88,276.8,276.18,275.3,276.38,279.58,279.05,278.7,276.88,275.5,276.55,278.63,276.8,278.13,278.15,277.35,278.28,275.43,276.72,275.4,277.35,277.85,278.82,277.15,277.6,276.18,276.47,273.45,274.6,274.17,273.45,274.33,277.62,277.32,276.87,277.07,275.0,276.53,274.0,277.43,277.82,276.18,277.1,275.63,274.72,276.0,276.45,275.6,275.22,275.83,274.05,273.9,274.37,275.12,273.68,273.97,275.25,276.15,275.95,275.35,276.4,277.9,276.93,275.6,276.03,276.72,275.75,277.15,276.55,276.12,275.5,276.18,276.3,276.95,276.1,276.12,276.03,276.05,275.5,275.15,275.27,275.68,275.6,275.88,278.07,275.88,274.37,275.3,272.93,273.93,275.8,276.97,277.13,276.22,274.57,274.28,275.05,273.28,272.7,273.4,275.75,276.6,276.6,276.68,275.32,273.65,273.88,274.43,274.07,274.68,274.95,274.0,274.5,273.75,271.35,270.07,271.75,272.6,274.45,274.72,274.43,273.93,272.92,275.12,274.8,272.02,272.62,275.53,276.35,276.2,274.65,275.75,273.22,272.2,274.43,274.22,275.57,276.15,276.15,277.63,277.73,276.6,273.38,272.35,272.97,269.95,273.97,274.43,275.77,276.02,275.78,275.45,274.05,271.75,273.0,273.13,273.73,274.12,273.25,274.63,273.65,270.62,269.43,272.32,274.4,275.4,276.22,274.68,274.75,274.0,275.1,275.13,275.4,275.6,276.2,274.1,272.02,272.88,275.8,274.65,274.68,276.45,278.27,276.0,275.37,274.93,274.35,273.72,273.38,273.93,275.38,275.93,275.95,274.65,273.65,271.78,273.8,274.8,274.22,271.47,271.98,274.75,274.35,271.6,271.97,274.22,273.88,271.97,272.15,272.4,273.35,274.15,274.53,273.95,273.9,274.4,275.3,275.47,275.97,275.4,274.35,274.13,275.88,274.93,274.4,274.3,274.43,274.45,273.75,274.95,274.25,275.65,276.57,277.35,277.95,276.98,276.05,277.45,277.88,277.2,277.7,277.7,277.05,277.9,277.82,277.4,276.85,277.32,277.18,278.8,278.8,276.8,277.63,277.8,278.1,277.85,274.07,274.15,276.07,277.35,279.07,279.28,279.78,279.88,278.7,279.75,280.05,279.55,279.22,278.05,278.68,279.02,279.07,280.45,279.68,279.08,279.8,280.5,281.3,281.78,279.7,279.02,277.9,277.75
276.52,275.77,275.58,277.22,279.25,279.15,278.65,278.63,278.2,278.82,279.23,279.5,278.8,278.5,278.72,277.85,278.05,277.25,276.62,279.93,279.7,277.75,279.82,279.72,279.82,280.97,281.0,280.38,280.32,279.02,279.72,280.82,279.93,279.9,278.28,277.72,278.28,278.62,276.87,277.3,277.53,278.93,277.9,279.1,281.3,280.85,279.25,278.07,279.85,281.53,281.37,280.15,281.55,279.95,279.07,277.07,278.6,278.87,278.13,278.82,280.52,281.3,281.85,280.57,280.05,279.03,278.7,278.12,278.0,276.82,275.65,278.55,279.72,281.03,280.75,278.75,279.35,279.43,279.07,279.47,278.38,277.85,275.4,272.4,275.43,276.62,276.32,276.53,275.7,278.27,278.15,277.73,277.93,276.97,276.05,276.03,276.07,277.6,279.05,277.47,275.53,271.4,272.37,277.4,278.55,279.25,277.85,276.75,276.1,276.8,276.38,276.32,275.75,277.47,273.52,273.95,274.97,274.85,276.1,276.12,275.07,274.32,277.3,277.25,276.75,274.13,274.72,277.1,276.22,274.65,276.45,275.57,275.25,275.6,272.22,276.65,275.72,275.65,273.82,276.93,274.9,275.9,274.55,274.2,276.2,275.8,275.88,275.2,276.4,276.22,276.92,276.15,275.53,274.45,274.53,273.05,273.0,274.45,276.28,276.07,275.4,275.65,273.95,275.88,274.97,276.07,276.45,276.7,277.2,276.93,276.65,276.25,275.03,275.28,276.9,277.28,275.37,276.2,277.2,276.62,277.82,276.05,276.7,273.88,271.97,274.32,272.32,274.25,270.15,270.23,272.05,273.3,269.75,273.25,275.35,273.6,274.13,275.22,274.55,275.57,271.22,273.25,270.05,272.68,274.35,276.4,277.55,276.47,275.9,274.18,273.85,273.92,273.8,269.45,272.78,276.08,275.68,274.0,277.18,276.53,276.1,274.93,273.68,273.08,275.33,276.23,275.95,276.18,276.4,275.93,275.2,275.3,274.8,272.65,272.48,274.03,275.38,276.55,276.7,276.43,276.38,276.48,276.9,275.9,275.58,276.9,277.6,277.75,277.48,277.38,275.78,274.75,273.68,270.98,272.55,274.85,275.93,276.08,274.28,276.58,278.7,277.13,276.06,276.88,275.9,277.4,277.58,275.58,275.93,276.13,275.23,273.6,274.03,274.75,275.98,275.85,276.4,276.43,275.38,273.93,276.05,277.95,276.33,276.33,275.65,276.4,275.05,275.95,275.43,276.23,274.8,273.45,275.1,278.2,278.5,279.0,277.85,275.13,276.05,275.45,274.95,273.28,275.08,275.88,277.83,277.08,276.68,276.88,276.7,274.8,275.15,277.65,273.91,273.7,276.63,277.3,277.95,276.75,277.63,277.8,277.2,275.5,276.35,278.06,278.33,276.53,276.8,276.41,277.18,275.98,275.63,276.03,276.05,275.25,275.38,278.41,277.13,276.2,275.93,278.03,278.18,277.03,277.68,277.1,275.85,275.25,274.68,275.5,277.03,278.23,277.05,277.16,276.31,275.75,276.33,279.7,278.7,275.9,277.0,276.18,274.65,275.25,277.88,277.55,277.83
279.55,277.68,277.53,277.43,276.18,278.41,276.18,275.23,276.7,279.73,278.88,280.28,278.93,278.38,278.7,279.13,279.55,280.75,281.2,278.25,278.58,279.48,280.31,279.78,279.38,278.2,277.33,277.35,277.65,276.25,275.75,275.75,276.08,276.31,277.08,280.95,280.5,279.68,279.08,278.1,278.3,279.1,278.78,278.88,277.7,278.33,277.58,278.13,279.7,278.7,277.83,279.28,278.48,276.7,276.05,275.18,275.88,276.06,277.7,278.43,280.7,278.3,276.43,278.56,277.28,276.03,278.16,278.4,277.7,277.85,278.73,278.63,278.33,278.41,279.23,279.7,279.68,280.0,279.45,279.25,278.98,279.13,279.95,278.53,277.18,276.03,276.93,277.28,276.18,275.35,279.1,279.68,279.85,279.03,277.75,277.85,278.18,278.56,279.0,279.18,279.33,278.43,276.33,276.85,277.56,274.75,274.13,277.1,275.0,274.03,274.65,277.6,277.35,276.43,278.63,277.98,278.53,277.33,276.75,273.9,276.73,279.3,280.28,279.31,279.93,279.53,278.66,277.28,275.95,274.13,273.15,271.33,274.85,273.98,272.83,275.16,272.8,274.88,275.25,276.35,276.88,276.63,277.03,275.55,275.3,274.35,275.9,276.48,275.18,275.95,277.4,277.08,276.05,275.8,275.45,276.58,276.7,277.45,274.6,274.05,276.41,275.55,274.2,273.58,273.53,277.05,275.3,273.28,275.08,275.05,272.33,271.38,270.98,271.38,272.03,274.75,273.45,274.25,277.45,277.78,276.3,276.53,277.13,277.95,278.08,276.5,275.75,276.05,276.55,275.0,274.1,273.1,270.13,274.18,276.0,276.7,277.0,276.8,274.38,273.75,274.28,274.16,274.1,275.33,274.05,276.91,277.33,277.05,277.3,277.18,276.4,277.1,274.47,274.97,275.18,275.95,275.28,274.5,274.35,274.7,276.68,277.32,277.1,276.45,276.6,275.05,276.47,278.18,275.72,276.5,275.27,276.6,277.02,277.85,278.32,278.05,276.05,275.32,273.72,271.68,275.43,275.45,275.6,277.12,276.87,276.22,276.53,275.77,273.03,273.57,273.85,277.03,276.77,274.93,272.88,276.78,277.68,278.15,277.05,275.38,275.82,276.45,276.33,276.4,276.22,275.93,275.35,275.0,274.22,274.6,274.6,274.07,275.85,275.4,274.9,273.1,274.32,276.43,277.4,275.18,272.68,274.77,276.4,276.32,275.6,275.22,275.55,275.38,272.93,273.0,274.07,275.2,275.35,272.2,270.93,273.75,274.85,274.75,276.4,275.07,276.07,276.52,278.25,276.2,273.07,276.9,277.87,278.32,277.93,277.1,277.43,275.07,275.43,273.02,271.3,270.6,272.25,277.28,278.95,279.1,279.18,277.6,276.75,277.07,276.6,275.83,277.93,278.92,279.68,279.62,279.25,279.08,278.57,276.8,278.53,277.68,275.95,275.68,277.07,277.05,278.0,276.45,277.4,278.18,278.42,277.78,277.1,277.22,276.55,276.7,277.2,278.62,278.72,279.08,277.55,278.2,278.25,277.15,276.1,275.82,276.88,277.35,278.85,278.82,275.8
278.25,279.18,276.55,275.22,276.32,275.62,277.0,277.6,276.65,277.45,276.95,275.25,275.88,277.65,278.7,278.32,277.63,276.7,277.3,276.95,278.35,276.77,277.53,278.65,278.78,278.1,276.45,277.62,276.77,278.8,279.63,279.95,279.02,277.58,278.25,277.82,276.88,275.58,275.83,276.4,276.43,278.07,277.72,280.93,279.03,280.0,279.82,278.78,280.22,279.05,280.18,278.88,278.82,277.12,278.35,276.55,277.45,279.9,281.93,278.72,277.57,279.15,278.77,278.47,278.35,281.07,279.25,279.77,279.38,281.47,277.75,279.43,278.82,280.38,281.12,280.85,278.45,275.93,278.63,278.12,278.15,277.9,277.97,278.15,279.57,277.0,279.5,279.35,275.8,277.25,276.62,278.45,276.65,280.55,277.83,276.8,277.97,274.8,275.0,277.2,278.0,279.95,278.55,277.6,279.9,277.1,275.3,274.38,275.18,273.08,277.2,276.88,277.05,275.75,275.83,277.05,277.95,277.85,278.43,277.48,277.25,278.53,275.63,276.4,278.23,279.93,278.55,277.45,276.9,277.7,278.93,279.8,278.63,278.25,277.25,275.13,272.68,275.6,276.7,275.0,275.98,276.0,278.38,278.03,275.91,276.48,275.6,276.28,277.53,278.5,279.45,280.05,279.18,279.35,278.23,277.7,278.16,277.7,275.78,275.98,274.63,274.8,274.18,277.25,276.75,271.4,275.4,270.65,270.73,273.95,275.33,276.48,278.1,278.93,278.83,275.88,276.16,275.7,275.38,275.81,274.88,274.55,273.05,273.75,275.88,274.1,272.35,273.2,271.18,273.68,272.35,272.88,272.53,273.18,273.73,275.18,274.58,272.41,275.6,275.48,275.75,275.68,274.45,274.6,274.58,272.2,274.0,275.03,275.73,275.68,275.45,274.75,275.83,276.38,276.78,276.23,273.98,277.6,276.5,274.73,275.33,276.2,275.88,275.08,274.68,274.0,275.58,275.73,276.25,273.53,275.55,275.43,275.25,277.28,276.65,277.63,277.1,276.13,275.43,276.63,274.48,274.43,276.1,277.2,276.73,274.48,274.4,274.95,274.93,274.6,268.98,274.85,272.53,274.13,273.53,273.78,275.13,276.8,276.88,275.53,272.6,272.73,272.53,273.48,274.53,275.43,274.95,275.25,274.85,275.0,274.05,271.53,268.68,269.88,271.13,272.25,275.5,276.55,276.65,277.78,277.9,277.13,277.3,273.3,273.18,275.25,274.81,275.98,276.78,275.56,274.83,273.35,273.53,272.2,271.23,271.8,271.88,273.05,273.38,275.08,277.28,275.8,274.03,274.95,276.06,274.98,274.58,271.33,272.75,274.78,275.28,273.5,273.2,272.23,272.5,274.5,273.28,273.28,272.53,273.81,274.73,275.41,274.88,274.83,273.38,272.95,273.38,274.58,275.0,274.45,274.28,275.05,275.93,275.0,274.7,273.23,272.18,271.98,272.35,274.4,273.83,276.78,275.93,276.5,277.16,275.63,273.5,272.66,273.33,272.23,272.06,273.58,273.13,273.3,274.0,274.43,275.23,276.98,278.08,278.3,279.13,279.05,278.9,277.28,277.7
279.02,278.97,279.66,279.0,279.18,278.91,278.2,279.3,278.28,276.93,278.2,278.13,276.98,278.35,278.15,278.45,277.33,278.1,277.2,276.03,276.1,274.25,276.95,278.9,280.43,278.83,277.5,275.58,273.4,275.85,275.68,278.05,275.88,275.08,277.8,277.3,277.33,278.35,278.35,279.6,279.63,278.58,279.9,280.8,280.55,280.5,279.0,278.25,276.58,278.78,279.83,279.78,280.25,279.65,277.93,276.4,275.85,275.75,275.93,278.66,280.03,280.48,279.95,279.91,278.83,279.15,279.08,280.78,278.53,279.23,278.25,276.08,279.58,279.7,277.78,275.38,277.73,279.93,276.93,278.8,278.73,277.45,277.65,274.93,275.83,279.18,277.2,277.2,278.3,277.95,279.03,279.0,279.05,278.2,279.65,279.0,278.1,279.08,279.28,278.85,278.45,277.6,277.33,277.05,276.55,276.45,275.05,277.1,278.08,278.98,280.33,278.03,278.58,278.88,277.63,274.63,272.8,276.25,275.0,277.4,277.38,276.15,275.38,276.85,277.2,278.13,278.65,277.33,279.43,279.23,279.41,279.65,279.0,278.98,278.55,277.48,276.83,273.58,276.81,277.03,276.9,275.78,277.23,276.78,277.45,276.4,277.13,275.66,278.2,275.58,276.53,276.58,274.15,275.93,277.73,278.63,277.05,276.68,274.8,274.2,274.28,276.0,274.45,278.6,277.05,277.48,276.7,278.4,277.58,278.03,274.48,275.15,275.13,274.5,274.83,274.88,274.95,276.53,276.23,275.5,276.5,277.25,276.68,276.78,276.35,274.28,275.8,276.5,277.75,277.93,277.25,276.2,277.65,276.13,277.2,275.98,274.88,275.93,276.63,276.08,275.5,276.13,272.3,272.85,273.58,274.03,273.55,272.2,271.23,269.78,271.38,274.33,273.08,273.2,274.95,272.8,274.0,272.7,276.65,271.75,274.63,274.93,275.05,271.25,271.2,271.58,271.18,272.43,272.18,271.7,272.6,275.43,275.2,275.06,273.03,274.38,271.81,272.43,274.43,275.28,275.95,275.66,273.73,272.9,276.56,274.95,277.25,274.18,276.28,276.63,274.68,275.4,273.43,272.23,271.63,269.83,272.43,274.6,275.58,275.28,274.41,273.38,271.63,274.38,275.25,274.63,276.6,276.85,275.68,275.08,273.65,275.68,275.6,273.58,275.15,275.35,272.63,271.7,274.85,273.9,275.85,276.28,275.35,274.41,275.38,274.75,273.75,273.4,272.88,271.5,270.48,274.93,275.85,274.53,274.95,274.41,275.18,276.08,275.18,275.25,276.75,276.8,277.63,275.53,273.1,274.9,275.28,277.48,275.95,274.48,274.08,275.58,277.48,276.66,275.78,276.53,275.68,275.53,276.08,277.33,275.88,275.18,276.55,274.23,273.4,273.83,274.45,274.35,275.45,274.8,274.73,275.9,275.91,277.53,278.18,276.0,278.1,278.3,277.65,276.63,275.35,276.2,274.7,274.43,276.33,276.05,277.43,276.43,275.75,276.33,276.43,277.0,277.2,278.55,279.91,278.5,279.63,280.3,279.73,279.88,279.15,280.35,281.05,278.66,278.08
277.68,277.33,276.6,275.18,276.0,275.05,276.5,277.15,275.93,277.2,276.2,275.88,277.85,280.8,281.25,278.2,276.78,275.81,276.1,275.95,276.13,276.66,277.03,277.15,279.48,278.08,277.7,276.25,277.15,278.48,279.83,280.53,280.3,279.53,278.33,277.95,278.2,278.95,278.41,279.66,279.18,277.38,278.0,277.05,277.43,275.95,275.05,276.53,277.08,276.56,277.35,278.18,277.2,277.28,277.0,279.38,280.38,278.9,277.5,278.03,275.93,274.8,273.68,274.35,276.38,276.08,278.05,278.5,276.33,275.43,275.15,276.23,279.3,279.88,279.35,278.03,277.9,277.83,276.85,276.03,277.85,277.28,276.38,277.73,276.68,274.83,274.93,277.48,276.38,277.18,274.83,274.33,276.13,277.35,276.78,278.18,276.93,275.55,275.0,274.58,277.48,278.08,280.53,280.25,278.0,277.03,278.75,277.58,275.95,277.25,275.33,276.73,276.5,275.85,273.3,270.9,270.23,271.28,271.0,274.03,273.33,274.63,273.8,277.15,278.48,278.63,277.45,275.83,275.93,276.88,276.5,278.06,277.28,275.03,274.75,276.5,275.18,274.9,273.98,274.15,276.98,272.73,270.43,272.18,275.55,276.13,275.08,273.43,272.95,273.8,275.05,275.5,272.58,272.35,275.56,275.98,275.95,276.83,275.66,274.53,272.2,275.63,276.23,277.6,277.85,275.8,276.2,276.33,276.93,276.18,273.25,273.85,276.93,277.91,277.05,275.3,274.68,273.35,273.91,273.4,273.65,275.43,277.68,277.23,275.48,276.13,277.05,275.03,273.13,271.05,272.95,272.95,273.13,273.38,271.9,269.91,271.13,268.95,270.13,269.2,270.73,271.73,272.73,274.48,274.53,274.53,273.08,273.38,271.05,269.58,269.03,272.23,271.41,273.88,268.6,272.48,274.73,274.78,274.83,274.45,276.0,276.03,276.13,276.93,273.83,272.18,273.3,274.73,274.83,275.35,274.93,275.7,275.9,274.85,271.2,272.23,270.05,270.93,271.31,271.28,270.7,271.78,272.0,274.23,273.63,274.6,272.6,272.95,274.68,272.91,272.43,272.05,273.53,273.58,270.88,269.98,274.53,269.98,275.05,272.1,274.93,274.93,274.03,271.7,273.06,275.16,275.63,274.85,271.35,272.0,273.2,276.13,276.83,275.8,276.45,275.48,272.81,273.73,273.7,272.78,273.1,272.98,274.0,275.03,275.65,276.5,276.75,276.85,276.18,275.28,273.85,274.33,275.58,276.25,274.18,273.7,271.58,272.6,275.06,274.13,272.2,272.13,273.16,272.9,273.0,273.23,273.18,273.83,275.55,273.88,274.7,274.85,274.53,272.75,273.08,275.8,277.9,277.78,275.7,274.03,274.43,276.2,273.95,273.2,274.6,274.38,274.4,275.41,275.95,276.13,275.85,275.91,273.85,276.35,276.78,275.73,274.38,272.9,274.5,276.33,274.75,275.1,276.88,277.53,277.7,275.38,275.18,274.78,275.48,274.58,276.43,276.23,275.03,274.18,274.43,276.1,277.38,277.35,276.98,278.53,278.25,277.78,275.65,276.55,278.03
276.35,277.55,275.2,277.43,275.57,275.38,275.18,276.63,275.52,273.8,274.43,276.12,275.75,275.9,277.38,276.72,277.9,277.62,275.25,276.25,274.88,274.82,277.9,276.52,276.28,274.88,276.05,275.62,276.95,277.75,277.05,278.28,276.37,277.05,277.78,276.82,277.85,278.22,279.68,279.47,277.57,277.45,279.22,279.5,279.8,279.48,277.22,278.35,276.9,275.6,276.3,277.97,277.12,278.07,279.57,279.72,278.47,276.85,275.27,275.55,275.78,275.7,276.15,277.9,278.9,275.75,277.2,278.37,275.83,275.07,277.27,275.52,275.22,274.37,276.85,274.95,275.35,276.45,275.9,278.95,277.53,277.32,276.62,275.53,275.7,279.75,277.25,275.75,274.57,276.25,277.35,278.18,278.43,279.1,278.45,276.82,276.27,276.25,275.53,274.22,275.25,274.02,276.78,278.0,278.47,277.75,276.72,279.07,277.0,275.18,276.93,277.5,275.57,273.07,272.5,273.35,275.22,275.45,275.68,277.35,278.1,278.57,275.45,274.55,275.18,275.3,275.68,273.87,274.0,275.6,275.13,275.88,276.05,274.1,275.8,274.15,275.53,276.2,277.2,276.68,276.85,277.7,277.38,276.6,275.15,269.68,274.32,275.97,276.0,275.35,273.97,275.68,273.1,274.43,273.5,274.2,274.68,275.82,273.85,272.63,271.1,271.68,272.15,273.25,275.23,274.35,274.5,271.62,273.78,275.68,274.93,276.37,276.85,276.75,277.7,278.4,275.65,275.13,272.9,274.15,275.38,276.4,275.93,274.82,274.32,274.73,275.4,273.93,272.72,273.88,275.1,276.05,277.72,276.23,272.97,273.47,271.72,269.13,273.58,274.5,274.32,277.13,277.73,275.25,274.4,276.88,275.85,276.22,275.32,274.3,271.05,274.2,274.9,274.52,273.05,275.47,276.27,275.35,275.15,274.93,274.85,274.95,273.53,270.43,271.85,272.5,273.82,275.47,276.22,274.07,274.6,274.88,275.07,275.5,274.9,273.4,273.57,273.1,275.55,276.0,273.43,269.52,273.65,274.07,275.45,275.45,274.45,275.8,275.88,274.93,275.05,271.0,273.56,273.55,274.88,275.5,274.63,276.13,275.23,277.6,276.53,275.13,272.75,272.73,276.18,275.73,275.55,273.63,275.05,275.28,272.58,275.2,276.58,274.73,275.3,274.5,274.63,274.0,274.28,276.0,274.53,275.18,274.53,273.88,272.43,273.4,275.78,274.7,274.81,275.3,275.3,273.85,274.05,274.73,273.86,272.83,272.38,273.65,273.18,275.23,274.63,274.5,273.98,271.93,272.95,275.08,273.58,274.68,277.03,276.88,273.88,272.35,272.85,275.58,275.2,274.55,275.41,272.25,273.73,276.43,277.06,277.65,275.48,274.95,276.11,277.68,275.98,277.7,279.75,276.1,274.4,273.73,277.08,272.93,275.1,277.58,278.23,276.38,276.18,274.2,274.91,277.35,278.33,278.0,278.83,278.48,279.35,276.93,277.15,278.08,277.43,278.23,278.48,277.43,275.83,275.3,275.63,277.58,277.55,274.25,274.08,274.95,275.45,276.4,277.78
278.2,278.38,278.6,277.08,276.85,277.67,280.0,277.68,277.48,277.28,276.82,277.72,275.88,279.07,279.45,278.32,277.97,277.6,279.12,279.5,278.8,278.02,279.05,279.82,280.75,280.1,280.25,279.23,278.03,277.33,276.88,276.95,276.4,276.9,277.5,276.58,276.2,276.4,276.58,277.05,276.08,276.18,276.0,275.55,275.88,278.08,278.38,277.38,276.13,275.55,275.1,275.18,274.98,277.15,277.68,278.83,278.43,277.83,277.95,279.0,280.43,279.28,278.65,279.95,278.35,279.85,281.16,280.93,280.1,279.75,280.43,279.53,277.7,276.78,278.55,278.31,277.53,277.2,275.93,275.05,276.7,279.25,278.03,277.35,276.83,277.4,279.58,278.41,276.73,275.88,275.15,276.03,276.85,277.48,276.6,276.6,280.43,279.93,278.63,276.93,276.35,277.15,278.41,276.6,276.45,279.23,279.1,278.23,274.75,277.38,274.75,275.3,273.58,272.98,275.45,278.63,278.85,279.85,275.06,276.08,274.03,272.68,274.65,277.08,276.53,277.95,279.18,278.91,278.81,278.83,278.7,276.48,278.58,279.2,279.13,279.2,279.88,279.6,279.65,279.35,280.03,279.2,278.95,276.28,274.35,276.0,271.15,274.33,273.95,271.43,272.45,272.43,270.18,274.5,273.48,273.7,270.63,269.13,272.95,275.5,277.28,277.31,278.08,278.38,277.33,277.48,277.4,274.5,274.38,277.2,275.55,274.35,272.98,274.31,272.1,271.45,272.98,272.03,271.68,271.68,271.85,269.78,270.68,271.23,270.2,271.0,272.93,271.66,271.48,270.93,271.75,273.3,273.68,274.13,272.98,270.53,270.33,273.7,275.55,276.05,273.28,274.73,276.2,274.43,273.8,274.48,273.81,273.28,271.95,274.95,274.95,275.08,275.7,274.33,274.08,274.65,275.58,275.48,275.53,275.23,275.63,275.5,275.16,274.43,271.33,273.35,271.15,270.15,272.38,276.08,276.38,277.3,276.28,275.0,276.1,276.28,275.98,276.9,276.8,276.25,275.95,274.78,274.68,277.18,277.03,275.03,273.35,271.65,274.38,276.5,273.73,271.55,274.33,275.68,275.23,272.8,273.48,274.77,274.53,274.77,271.27,272.95,274.1,276.17,275.82,276.12,273.02,271.5,274.82,275.12,275.15,277.02,278.53,277.4,277.7,277.97,275.9,275.8,275.65,274.92,274.97,273.55,274.65,274.17,271.65,271.2,272.17,273.4,275.3,276.87,275.0,275.45,277.0,275.82,276.8,275.95,277.7,277.1,277.1,276.57,276.32,276.07,275.9,275.5,276.92,277.77,276.65,276.47,277.17,277.37,277.55,276.65,276.05,275.77,274.25,277.03,276.95,277.37,278.8,278.95,278.45,276.67,276.87,275.02,278.07,278.0,275.9,277.4,276.62,277.17,277.35,277.4,276.92,274.75,274.8,275.03,274.02,275.42,275.52,275.75,277.0,276.27,275.85,274.97,275.65,277.42,276.9,277.35,277.6,276.5,276.55,278.22,277.57,278.43,279.02,277.87,278.2,278.12,277.37,278.4,277.5,275.85,276.07,277.75,279.25
277.62,278.78,277.85,277.8,277.82,277.4,277.82,277.8,276.82,275.3,275.3,277.37,280.25,281.02,280.1,277.82,277.12,279.15,278.03,277.95,279.8,279.7,281.12,280.7,280.97,280.22,278.17,278.42,278.47,279.2,280.03,278.3,278.45,278.22,276.37,276.12,275.72,277.7,276.05,276.1,275.32,274.27,274.57,278.25,278.6,277.2,276.77,275.75,276.52,279.3,277.9,277.12,278.15,277.8,277.17,279.85,280.4,277.8,277.55,277.68,280.7,281.32,279.15,277.05,277.17,279.27,278.5,277.37,278.85,280.32,279.25,278.02,278.05,277.22,276.87,277.2,277.65,277.92,277.07,278.5,280.15,279.3,278.57,280.92,279.02,278.82,276.77,277.32,279.52,277.37,275.1,276.0,277.92,277.45,277.65,278.0,275.2,276.42,278.57,276.75,276.3,274.1,278.22,280.15,279.67,278.82,277.53,276.12,275.72,276.03,275.2,274.25,274.78,274.05,277.32,276.3,275.7,277.4,277.25,276.97,278.02,275.45,277.6,275.72,276.67,276.82,276.4,278.45,277.47,276.7,274.87,275.37,276.25,273.75,276.3,277.97,277.15,275.8,276.22,275.1,275.25,275.32,275.42,276.0,274.35,276.3,273.55,275.42,274.82,276.47,277.12,275.7,274.65,275.82,275.45,274.42,272.37,277.35,274.57,275.97,276.47,275.8,276.25,276.12,273.85,275.93,274.37,271.95,276.27,277.72,276.22,278.75,277.45,275.27,275.17,274.6,275.02,275.75,275.87,274.87,275.32,275.67,275.45,273.8,273.47,273.6,274.03,275.9,277.07,274.3,275.7,269.87,269.52,275.22,275.22,276.45,277.1,276.47,274.02,274.77,275.25,274.8,274.72,271.45,274.93,274.9,275.15,274.95,273.4,267.67,267.82,274.97,276.43,271.87,274.05,275.57,272.42,273.57,272.15,272.95,273.72,271.7,273.45,271.75,273.78,275.42,274.02,271.2,276.07,276.7,276.8,274.8,273.82,274.17,274.37,274.82,275.15,273.97,274.8,275.15,274.8,275.05,273.17,275.17,275.55,275.45,276.55,274.82,272.02,273.87,273.35,271.2,276.6,276.5,276.05,276.18,275.72,275.8,276.32,277.22,276.42,275.4,275.02,275.22,275.85,275.92,275.12,275.12,274.27,273.6,274.4,277.28,275.32,276.87,275.67,270.95,272.47,273.95,273.67,271.52,275.87,276.85,276.57,274.9,275.52,273.55,274.67,276.97,278.25,278.97,278.15,275.6,274.82,272.45,275.0,274.25,274.37,275.27,274.82,276.37,276.12,274.05,275.8,275.25,276.55,277.57,276.55,276.97,276.15,274.0,272.45,272.57,276.47,275.57,275.65,273.93,273.65,273.87,273.17,274.52,274.67,275.72,277.65,275.97,276.37,275.35,274.85,276.97,275.5,275.47,276.7,275.72,277.57,277.05,275.82,275.47,275.22,276.07,276.55,276.05,275.3,273.7,273.35,272.4,272.55,274.42,275.72,277.65,277.07,275.55,274.8,277.8,278.5,277.77,279.3,277.97,277.6,276.47,275.22,273.57,276.32,277.85,276.45,274.87,277.42
276.62,274.95,276.7,276.75,275.6,275.87,276.82,276.42,277.3,276.72,275.45,276.52,276.2,275.03,275.1,275.2,274.22,275.35,274.2,273.95,275.12,276.53,277.15,277.37,277.12,277.12,278.25,278.65,278.3,279.5,278.97,277.85,277.4,276.4,276.85,276.2,277.75,277.05,277.12,278.82,277.32,275.75,278.5,279.5,278.7,277.75,276.1,275.9,279.43,276.5,277.47,278.28,279.97,280.2,279.7,280.03,279.3,280.42,278.55,278.27,279.5,279.92,280.37,279.87,280.18,278.52,277.97,275.67,275.57,277.8,276.87,276.47,277.95,276.9,278.92,279.57,280.75,280.1,277.75,275.97,277.65,276.5,275.02,273.87,274.72,278.0,279.35,277.22,276.5,277.42,279.62,277.9,277.17,278.97,280.05,279.47,279.45,279.2,277.7,276.92,277.9,276.5,275.77,274.45,274.95,274.85,277.32,275.77,275.7,275.07,275.15,277.87,279.2,279.57,278.97,275.28,275.35,275.45,273.97,274.3,274.17,276.25,276.97,276.97,278.92,279.2,278.17,279.32,278.02,276.9,276.72,279.65,275.82,274.32,275.92,277.6,276.65,275.85,274.32,273.53,274.75,276.72,277.37,278.17,279.5,277.02,274.87,276.35,276.6,274.47,273.92,273.0,273.65,275.9,275.77,276.55,274.4,277.35,276.35,274.57,274.65,276.47,275.67,273.4,272.4,273.87,274.42,273.4,272.82,273.55,275.57,274.55,275.27,275.52,276.55,277.05,276.75,277.3,276.82,274.52,273.87,273.43,271.53,275.95,271.62,274.4,277.97,277.87,276.1,277.05,277.15,276.45,277.12,277.42,276.47,277.18,274.95,274.5,274.7,273.28,274.0,274.9,273.22,275.02,274.77,271.92,274.2,275.42,275.55,273.12,272.85,274.47,272.3,272.7,272.2,272.05,269.87,271.02,275.57,275.75,274.42,273.82,273.07,272.15,274.5,275.87,275.67,274.65,272.35,269.35,274.35,274.43,272.5,273.57,272.22,272.1,274.17,272.35,275.05,275.55,276.02,276.65,275.6,275.75,274.95,273.97,272.57,271.4,271.62,273.12,275.9,275.25,275.35,274.2,276.55,277.62,277.67,276.62,276.1,275.02,274.57,273.4,274.82,275.8,277.27,277.02,276.77,275.5,275.3,274.2,273.42,271.82,272.62,275.57,275.62,275.37,272.57,273.25,275.0,275.12,271.87,271.72,272.47,274.87,277.22,276.7,275.9,276.22,275.97,276.62,277.2,276.25,274.6,274.6,275.8,275.0,274.7,276.27,275.62,273.8,271.75,275.6,275.6,276.87,276.1,276.22,278.5,276.7,277.37,275.9,275.17,274.77,273.5,273.98,277.3,276.42,275.0,274.87,274.25,272.18,274.92,275.0,274.02,273.32,274.0,274.42,274.53,275.62,274.75,275.7,274.47,276.45,275.5,276.07,278.45,275.78,276.92,278.02,275.85,275.82,276.72,277.07,275.45,275.22,277.22,277.97,279.02,278.2,279.52,277.4,277.85,276.7,275.47,273.93,274.12,275.03,274.85,274.75,276.07,274.95,274.35,276.9,277.55,276.57,275.5
277.53,278.5,275.65,275.02,277.03,277.22,277.35,277.8,277.43,277.72,278.63,278.43,279.0,280.38,279.47,278.18,276.82,276.68,276.63,278.72,276.43,276.35,279.45,278.43,279.37,277.1,279.6,279.35,279.65,278.32,279.2,280.35,277.92,279.15,278.5,279.75,279.85,279.53,279.85,279.43,279.1,279.38,279.3,278.22,277.43,277.55,275.93,277.47,279.13,277.18,277.55,278.75,278.5,277.7,280.87,281.65,281.05,280.1,281.3,281.18,281.35,280.43,278.73,276.43,279.35,279.93,277.43,276.7,278.18,280.8,280.85,278.5,276.3,278.07,275.82,276.65,278.53,277.63,276.15,278.68,275.62,275.85,276.05,280.4,279.47,277.98,277.55,277.13,276.15,274.82,277.25,277.25,276.65,275.6,278.15,275.82,273.95,276.2,277.38,279.6,277.93,277.3,277.55,276.78,278.27,275.53,275.37,274.9,274.13,274.88,275.77,275.82,276.62,276.25,275.93,275.4,276.75,279.28,278.5,277.22,277.35,276.03,276.27,276.15,275.22,275.55,276.45,276.28,272.38,272.03,274.2,275.37,276.1,276.05,276.93,278.18,277.47,275.98,275.3,275.3,274.62,274.25,274.15,274.88,274.57,274.82,277.28,278.77,276.95,278.32,277.22,276.15,275.05,276.8,275.85,277.17,277.7,278.25,277.02,276.95,277.0,276.55,276.37,276.15,274.38,274.32,274.77,272.88,273.62,272.7,275.05,276.27,276.83,277.35,278.03,276.7,275.87,273.8,275.4,275.22,274.03,273.78,274.5,271.95,273.8,274.8,275.82,274.93,273.35,272.0,274.13,274.87,276.75,276.55,273.27,275.38,277.07,277.0,274.85,273.07,275.4,276.55,273.18,274.08,273.5,272.13,274.68,273.8,276.07,276.62,275.1,274.13,269.07,271.57,272.7,275.72,276.3,276.4,277.6,275.62,275.63,275.93,275.37,273.63,274.32,275.97,276.3,276.25,276.13,275.7,275.43,275.22,274.43,274.95,273.6,274.1,275.03,275.8,273.78,275.97,275.03,273.52,274.88,273.98,273.45,271.85,273.65,276.1,275.32,275.6,275.15,277.1,277.35,275.78,274.55,274.93,276.05,275.4,275.0,275.95,274.77,274.68,272.9,270.05,268.03,269.65,273.05,270.65,275.93,274.82,275.93,277.43,276.57,277.82,276.95,276.03,274.53,273.18,274.95,276.2,274.65,273.97,275.25,275.5,274.12,275.53,274.57,274.42,273.6,272.52,272.45,272.7,272.97,274.55,275.5,275.0,274.62,274.27,274.4,274.47,275.35,275.42,273.92,274.92,274.6,276.42,278.67,277.15,274.02,273.67,273.75,273.7,273.3,274.55,275.5,273.72,273.97,276.6,274.27,274.37,275.3,276.1,275.72,275.47,274.6,273.92,273.92,274.9,275.85,276.55,275.35,274.52,274.55,274.02,273.55,272.53,273.75,275.7,276.27,277.92,277.57,276.72,275.15,275.25,276.0,275.42,276.03,275.68,277.17,275.02,274.6,275.4,276.32,275.82,278.12,277.72,277.1,275.37,275.45,278.42,277.05,275.17,276.85,278.22,279.78
279.5,279.62,280.12,280.07,279.02,278.85,278.92,281.72,278.85,279.95,278.85,278.32,277.82,277.35,277.75,277.87,279.97,280.55,280.52,280.75,278.8,277.62,278.25,278.75,277.22,277.47,277.4,277.25,277.9,277.55,277.27,277.72,276.75,276.25,277.8,278.97,277.85,278.22,279.68,279.9,279.75,278.35,279.45,280.25,279.37,277.67,276.92,277.8,278.37,277.8,277.97,276.42,276.95,276.8,276.1,276.42,278.35,277.3,280.77,277.45,277.4,279.45,278.87,278.25,279.75,276.8,278.68,276.35,275.52,276.43,275.7,274.9,279.0,277.35,277.02,277.37,278.62,276.1,277.35,276.87,276.55,277.22,279.07,278.07,278.2,276.92,275.87,277.1,276.22,278.25,280.12,278.6,279.62,279.57,277.27,278.7,278.45,278.72,277.47,276.7,278.17,278.22,276.55,278.22,280.4,278.3,276.85,279.8,278.32,275.12,275.35,272.85,273.78,276.72,277.3,278.42,279.68,277.7,277.97,276.47,276.07,275.75,274.47,276.43,279.7,276.82,273.92,275.8,274.62,274.32,272.4,272.95,273.62,275.45,273.12,274.0,275.68,274.37,275.37,275.82,273.22,273.97,275.9,273.95,275.37,276.37,277.43,276.2,274.6,275.0,273.47,274.0,275.5,275.97,272.87,273.32,273.47,273.17,276.87,276.92,277.65,277.02,273.6,273.7,275.7,274.62,274.32,271.75,273.9,276.97,274.53,269.1,272.3,272.78,272.92,274.1,273.62,273.37,273.02,273.43,274.45,276.25,275.73,274.0,273.85,271.95,275.42,275.3,274.9,273.5,272.55,271.75,271.5,274.75,275.8,272.6,272.67,271.32,273.57,273.8,275.85,273.35,275.57,276.7,277.22,276.6,272.82,274.0,274.17,274.15,269.82,273.17,274.87,275.95,275.25,275.52,276.4,275.6,275.85,274.5,273.17,274.4,274.25,276.0,276.22,276.3,274.72,275.57,274.95,272.95,271.27,274.52,276.17,276.2,276.1,275.45,275.03,276.2,275.7,275.0,275.25,274.25,275.8,274.37,273.4,275.7,275.55,275.67,275.78,275.62,275.8,276.2,275.3,276.55,276.42,274.7,273.7,275.7,275.77,275.2,273.15,271.95,271.02,269.9,271.52,276.57,274.87,272.65,272.9,272.75,274.17,274.05,270.65,273.85,275.05,274.4,275.8,275.4,276.12,276.37,274.82,271.35,270.82,272.4,273.6,275.22,275.25,276.2,274.92,274.1,276.45,275.62,275.1,274.02,274.27,273.77,272.45,276.05,276.3,276.07,275.47,275.65,275.87,276.52,277.55,275.85,272.75,273.65,276.52,274.17,275.72,273.82,274.67,277.17,277.85,275.55,276.1,276.35,276.8,277.77,277.77,278.2,276.97,278.82,279.6,275.92,274.75,273.65,274.45,272.15,273.05,275.25,275.85,277.72,276.27,274.52,274.4,275.02,273.67,276.07,275.95,275.42,274.42,274.62,274.87,276.02,276.95,277.9,277.55,277.75,277.67,276.1,277.5,277.22,278.62,278.45,276.95,276.72,276.67,276.27,277.17,277.0,276.9,277.17,277.62
