275.16,275.63,276.03,275.96,275.38,275.11,274.25,274.43,274.38,274.35,274.55,274.46,274.25,274.31,274.23,274.46,275.25,275.91,275.96,275.23,275.0,274.73,274.55,275.41,274.58,275.4,275.98,275.75,275.63,275.11,274.71,274.83,274.5,273.83,274.98,275.38,276.56,275.83,275.15,276.28,276.63,275.38,274.25,274.46,273.58,272.98,273.25,274.43,276.18,276.71,276.23,276.28,275.61,275.55,275.0,274.13,274.05,276.8,276.88,275.58,274.71,275.03,275.63,277.96,276.28,274.78,275.36,276.58,276.35,275.61,274.38,274.36,274.18,273.33,273.98,274.25,275.41,277.06,275.33,276.13,276.33,276.48,276.3,276.0,274.96,272.3,273.2,275.53,275.31,274.93,276.3,276.5,275.15,274.63,275.9,274.75,273.61,273.56,274.16,274.61,272.13,272.35,271.68,271.08,269.58,272.06,272.05,271.63,273.23,274.18,274.58,272.71,272.11,274.65,275.03,273.73,271.73,271.9,270.13,270.23,268.53,268.55,268.81,273.78,274.8,274.88,275.53,275.03,274.53,275.11,275.33,275.58,274.96,274.78,274.61,272.36,269.58,271.28,272.43,273.66,272.98,274.28,274.36,274.55,274.4,273.91,273.96,274.66,273.88,272.55,271.96,271.43,270.16,271.11,274.78,273.41,273.28,273.96,274.3,273.46,272.96,273.68,274.13,273.48,273.43,271.33,275.11,271.93,269.48,268.73,273.3,273.08,274.73,274.23,273.5,274.46,273.0,270.83,273.18,275.4,274.11,274.18,274.65,272.88,272.33,268.65,264.53,270.53,273.83,274.71,273.78,274.68,274.33,273.73,273.46,272.78,271.11,270.18,272.86,272.18,264.71,266.78,273.78,273.3,273.25,273.63,273.33,272.11,268.13,272.63,272.0,271.91,271.53,271.06,265.18,266.28,266.5,268.31,264.73,267.6,264.05,268.96,262.63,273.28,262.48,262.41,263.06,262.53,268.65,273.66,270.23,261.33,272.9,266.03,262.63,264.58,269.11,262.33,268.61,267.23,270.5,272.25,267.43,266.0,260.81,257.8,254.63,269.96,271.5,266.9,270.96,267.21,254.68,249.68,248.2,259.88,271.83,274.0,269.48,274.11,268.9,267.5,261.46,268.05,270.28,270.75,269.78,269.25,272.0,273.43,271.28,273.06,273.98,273.91,267.58,272.83,273.25,269.78,264.63,266.0,270.15,262.31,262.71,260.15,260.43,265.18,261.05,259.88,259.0,260.4,272.61,273.96,271.8,270.73,272.11,272.9,270.55,268.53,268.88,273.48,272.58,271.08,269.81,272.16,274.11,272.71,271.96,271.53,271.05,271.71,272.61,270.25,272.48,269.75,267.33,273.46,273.88,273.8,273.21,274.18,273.36,274.23,274.0,274.13,273.58,274.46,274.43,274.55,274.16,273.61,273.03,273.75,273.9,274.86,274.0,273.91,273.3,272.46,273.56,273.48,272.98,273.38,272.96,272.98,273.61,273.8,274.96,275.73,275.78,275.58,275.98,275.96,275.5,275.03,274.78,274.63,274.4,274.5,275.03,274.48,274.18,274.41,274.61,275.18,275.23
275.0,275.55,276.4,276.25,275.5,274.96,274.46,274.5,274.46,274.83,275.38,275.13,274.68,274.98,274.58,274.25,273.6,274.11,274.36,274.11,273.96,274.3,275.3,275.41,275.58,275.96,275.86,275.41,275.16,275.13,275.5,274.86,274.13,274.61,274.25,274.1,274.63,275.15,275.16,274.98,275.38,275.5,276.05,275.98,276.63,275.9,276.31,276.11,277.21,276.75,276.21,276.0,275.5,275.71,274.43,272.75,273.33,274.53,272.93,273.5,274.73,277.0,275.73,274.13,273.58,275.93,275.91,276.13,275.61,275.08,275.73,275.61,274.9,275.55,276.36,273.93,273.78,271.43,271.46,273.68,274.43,271.98,269.78,270.36,270.53,272.68,273.33,273.61,270.36,272.81,271.43,271.33,274.68,273.56,272.06,270.53,270.98,271.93,274.0,274.38,274.5,274.58,274.61,273.43,274.63,271.38,271.36,274.75,276.58,274.06,271.08,272.66,274.41,274.53,273.8,275.03,275.28,275.55,275.65,275.23,275.28,274.0,273.28,273.55,273.98,273.81,273.66,273.78,272.55,269.41,268.31,267.28,270.55,275.93,276.91,275.73,275.11,275.03,274.41,275.0,273.81,273.75,274.25,273.73,273.11,275.03,274.8,274.48,273.78,273.75,273.33,272.23,274.23,274.43,273.46,273.3,273.3,274.75,274.25,273.58,274.48,274.36,274.15,272.48,271.46,271.28,268.98,270.61,274.43,275.43,275.15,271.05,273.53,271.83,269.78,269.03,265.75,268.58,273.28,273.98,274.06,274.16,274.71,274.91,274.71,274.71,273.71,273.08,270.13,266.35,270.46,262.9,268.88,271.61,273.06,272.73,273.81,273.13,273.0,272.25,270.08,270.73,270.15,269.13,269.46,273.13,274.03,274.3,271.83,273.18,274.18,273.93,273.86,274.88,273.33,272.88,271.18,269.61,270.23,266.73,266.23,267.83,274.13,274.11,274.08,273.98,274.5,273.96,273.0,273.21,270.13,268.11,267.36,266.71,266.33,268.36,274.3,275.11,273.56,272.73,274.08,272.53,271.43,273.36,274.23,274.25,273.78,272.93,270.18,271.73,273.46,272.3,269.86,266.48,265.88,265.75,264.93,264.08,268.28,269.78,273.23,274.41,275.23,274.63,274.0,273.23,272.96,272.8,270.68,271.16,273.23,272.66,273.03,272.46,269.96,271.23,273.63,273.96,274.08,274.0,273.25,273.71,273.68,273.53,273.43,272.85,272.43,272.81,271.13,270.08,271.03,268.75,273.48,274.53,274.28,273.3,272.66,270.83,270.96,271.5,273.18,273.65,274.03,273.98,273.86,273.3,273.25,272.91,272.21,272.03,273.53,273.48,272.91,272.71,271.53,273.38,271.83,271.93,271.23,271.25,271.71,272.08,272.88,273.28,273.0,272.83,273.0,274.18,273.96,274.08,274.06,273.71,273.63,273.25,273.58,274.16,273.68,273.31,273.66,273.28,273.93,274.11,273.63,273.48,273.03,273.33,274.86,274.58,274.13,273.65,273.98,275.9,275.33,274.41,274.08,274.13,274.11,272.83,273.48,274.18,274.93,274.5,274.18,275.1,275.08
275.75,274.75,274.55,273.63,273.73,274.25,274.03,274.61,274.58,274.48,274.28,274.11,274.33,274.48,274.28,274.1,274.21,274.63,275.63,275.81,276.63,276.33,275.66,275.93,276.56,275.98,275.53,275.3,274.63,275.06,275.38,274.86,274.18,274.46,275.53,274.08,273.83,273.81,274.8,274.98,274.36,272.5,273.73,275.48,274.83,273.6,273.36,275.41,275.21,271.98,273.33,272.98,272.58,272.21,275.56,275.18,274.08,273.61,274.03,274.96,276.23,276.18,275.18,273.9,274.98,275.0,273.61,274.38,274.63,274.75,276.5,275.55,275.53,276.61,276.48,275.93,274.78,274.88,275.08,272.58,275.63,276.61,275.46,274.73,274.73,275.43,276.28,276.11,276.36,276.03,275.85,274.71,274.41,273.68,272.18,269.83,268.28,269.3,269.78,272.21,274.75,275.18,275.96,275.5,276.18,275.68,273.58,272.63,272.61,271.75,273.71,271.98,272.23,268.71,270.68,272.88,272.0,274.71,274.36,275.0,274.46,274.13,270.43,267.81,268.46,269.98,269.66,273.66,274.15,274.03,274.63,274.91,273.83,271.36,273.38,274.23,271.36,272.18,273.25,272.41,268.18,268.66,271.83,273.36,273.43,274.38,274.83,274.61,274.21,273.33,274.33,273.11,273.66,275.66,274.65,275.25,274.13,274.66,274.88,274.78,274.38,274.63,274.66,273.98,273.91,274.23,272.73,271.18,269.58,272.46,271.63,270.5,268.43,268.96,272.36,272.11,273.11,273.58,271.93,272.43,271.93,269.86,271.03,268.21,266.83,271.41,273.36,274.43,270.55,265.86,266.78,270.13,272.93,272.36,272.55,272.96,271.21,271.98,272.4,271.71,268.93,269.18,273.0,272.91,273.66,272.9,273.18,273.61,273.98,273.5,273.38,272.86,273.16,271.16,270.55,270.0,271.8,266.96,271.16,272.75,271.75,271.11,273.43,267.66,265.58,268.46,272.98,270.28,269.61,269.11,264.25,259.86,263.71,262.93,261.21,260.96,263.55,271.25,264.88,263.75,273.98,271.61,265.28,273.0,274.11,273.48,270.48,263.55,265.36,265.3,269.75,268.25,266.5,273.03,273.46,273.21,273.63,268.15,266.25,269.05,265.63,273.25,268.11,266.78,271.23,270.28,266.43,272.93,273.18,264.61,260.96,266.03,267.43,264.41,267.06,274.83,273.88,274.46,274.88,274.98,274.83,274.83,273.83,271.13,267.93,265.4,268.23,274.18,273.83,271.78,273.46,273.28,272.71,270.05,270.03,270.53,272.68,274.28,273.68,272.06,269.25,272.9,271.81,269.48,267.9,271.73,273.86,272.93,273.23,272.68,273.8,273.03,272.23,273.91,273.16,271.88,271.13,271.53,270.53,270.63,273.25,273.18,271.73,272.8,273.86,274.46,273.56,272.96,273.78,273.83,273.11,273.53,273.91,275.08,274.43,273.28,272.43,272.23,273.88,273.93,273.71,274.48,273.78,272.73,273.28,273.63,273.5,273.28,274.25,274.63,274.68,274.8,276.03,275.33,274.73,274.48,274.13,274.0,273.93,273.28,273.36,273.5,274.53,274.46,275.93
276.33,276.08,275.68,275.71,275.78,275.68,275.0,274.58,274.68,274.41,274.23,274.18,274.18,273.93,274.13,273.96,274.28,274.91,274.71,274.58,275.21,275.23,275.86,276.93,277.48,277.08,276.58,276.61,276.78,275.88,275.53,274.75,276.25,276.03,275.86,275.98,275.91,275.75,275.56,275.08,275.11,274.16,272.3,272.93,273.25,275.11,275.66,277.13,276.98,275.71,275.43,276.18,274.8,274.96,274.61,274.71,275.4,275.13,274.23,273.78,275.33,273.3,273.63,275.38,274.78,274.23,272.08,273.05,273.21,274.23,272.83,272.0,274.38,272.28,272.08,270.73,271.36,273.68,273.3,272.91,270.88,271.75,275.88,275.4,274.13,274.98,274.28,274.21,273.8,275.96,274.46,274.55,274.48,272.61,270.08,270.11,270.5,270.53,268.33,274.8,273.16,273.53,268.98,273.88,275.5,274.05,273.33,271.88,272.53,269.98,271.63,272.38,271.98,270.68,273.46,272.93,273.78,272.28,272.58,276.28,274.33,273.5,272.7,274.18,274.41,273.28,275.46,274.58,272.93,273.85,273.68,273.38,274.48,272.66,273.36,274.48,271.63,272.46,272.28,271.25,270.91,271.38,273.21,274.93,272.15,270.33,270.58,267.5,267.38,264.43,269.08,267.56,265.88,273.88,272.88,268.23,271.5,272.83,270.4,273.0,270.63,266.03,272.23,273.13,273.88,273.55,273.75,273.53,272.98,272.68,272.88,273.46,273.46,273.06,271.06,271.68,272.23,272.38,267.93,272.25,272.33,273.5,273.55,275.0,274.38,273.53,272.41,270.56,272.5,272.58,272.0,272.05,272.66,270.5,271.15,271.55,265.88,261.08,261.4,261.38,264.78,270.96,274.23,270.8,266.16,273.8,272.98,271.18,271.8,273.75,268.93,269.41,271.56,265.61,262.05,261.43,267.41,275.33,274.5,270.8,271.71,271.83,272.11,273.16,273.98,273.5,273.21,271.46,271.0,269.55,268.68,273.48,273.3,272.96,273.3,272.33,268.63,267.38,272.88,269.61,270.9,269.58,264.91,260.38,257.93,260.68,265.78,259.98,261.83,262.48,270.63,272.73,270.63,264.23,265.0,270.65,271.48,266.11,264.88,272.61,273.48,273.08,269.41,271.93,272.43,272.78,272.8,273.15,274.11,273.33,272.96,272.83,273.03,272.05,271.86,270.48,269.86,270.46,269.96,272.16,269.48,272.6,273.33,273.03,273.23,273.03,270.11,266.48,266.33,268.38,272.68,273.03,272.63,271.98,272.93,270.91,270.13,271.15,271.83,270.38,269.53,270.3,273.33,273.78,270.28,272.68,272.88,272.4,272.93,273.58,272.23,271.83,272.78,272.25,273.28,272.05,272.25,273.0,272.03,272.85,272.23,272.48,273.65,274.28,273.5,273.41,273.46,273.96,272.98,273.46,273.5,273.21,273.48,273.6,273.48,273.58,272.53,271.91,272.03,272.8,272.13,272.05,272.21,272.66,274.13,272.66,272.48,273.05,272.78,273.05,273.88,272.88,273.38,273.03,273.36,274.38,274.05,274.23,274.8,274.1,274.18,274.41,274.86,275.5,274.53
274.23,274.41,274.33,273.88,273.86,274.03,274.86,274.11,273.5,273.93,273.86,273.75,273.9,274.93,275.78,274.91,274.56,274.5,274.68,274.3,273.68,273.96,274.25,274.53,274.98,275.25,274.98,274.71,275.86,273.83,273.25,272.73,273.8,273.13,273.5,273.75,273.5,273.96,274.11,274.33,276.38,275.43,275.36,276.48,274.55,274.11,274.13,273.8,274.05,275.11,275.36,274.55,274.41,273.36,274.16,275.18,275.4,274.93,274.36,273.46,274.73,275.48,274.73,272.48,273.0,276.88,274.58,275.5,274.53,274.73,274.63,274.06,272.28,272.21,273.93,273.63,272.58,273.63,270.21,272.36,274.46,274.56,274.43,274.41,275.16,275.93,275.33,275.63,274.63,274.03,274.98,274.4,273.61,272.61,273.68,273.38,270.86,273.21,273.08,272.5,270.98,270.25,271.96,274.38,274.58,274.68,275.21,275.13,275.18,274.75,274.41,274.55,274.56,273.53,273.31,273.71,274.23,273.96,273.86,273.53,272.3,271.55,273.63,273.83,273.05,272.33,273.66,273.53,272.63,270.63,270.33,269.33,271.5,271.73,272.36,272.68,274.18,275.18,274.73,274.46,273.83,274.23,273.11,273.3,272.75,272.08,272.75,273.71,273.86,272.88,273.83,274.68,273.21,270.86,270.81,267.88,272.61,272.96,270.9,271.25,273.65,274.08,270.73,272.38,273.3,270.48,267.4,271.61,272.83,269.46,269.66,272.83,269.08,264.21,263.05,264.63,265.13,267.43,273.65,272.83,270.4,269.98,273.88,274.63,268.75,273.9,273.73,273.68,272.4,273.06,272.03,271.43,271.43,269.48,268.03,271.23,268.78,267.15,266.98,268.73,267.71,267.48,272.36,275.08,274.06,272.28,271.33,267.23,271.33,271.78,272.21,270.6,272.53,267.71,266.58,269.48,269.25,272.36,272.0,267.13,268.23,264.53,259.21,258.11,266.03,263.16,262.43,273.36,271.23,272.33,271.88,273.66,273.33,272.91,269.3,271.41,270.93,272.16,272.13,273.3,273.11,273.03,271.75,272.18,271.5,271.78,270.68,270.63,268.55,269.33,271.88,272.75,273.18,273.63,270.61,271.43,273.08,273.28,272.03,272.71,270.73,270.15,271.66,272.08,267.83,270.25,268.31,263.71,270.21,273.21,271.06,272.78,269.25,264.13,270.86,269.23,271.53,265.48,271.25,271.75,272.63,271.5,272.68,268.78,269.93,272.13,271.58,268.43,273.16,272.81,271.61,272.36,272.73,272.63,272.21,272.83,273.58,272.5,273.08,273.55,273.33,271.75,272.38,273.36,274.25,272.98,272.75,273.11,272.86,269.61,268.33,269.93,272.08,272.73,272.2,272.36,271.3,272.58,273.0,271.33,271.43,272.33,271.75,272.11,272.08,273.13,273.93,272.98,272.63,273.46,274.11,273.36,273.16,274.18,274.41,273.75,272.61,273.38,273.08,272.41,273.15,273.28,273.58,273.61,275.18,274.91,274.36,273.73,273.8,272.86,272.68,272.61,272.43,272.88,273.03,273.83,273.13,273.25,273.93,273.83,274.63,274.13,273.8,274.38,273.81
273.36,273.93,274.05,274.46,274.71,274.08,273.73,274.16,274.3,273.88,272.98,272.66,273.18,274.78,275.53,275.23,274.93,275.36,275.36,275.41,275.81,275.33,274.63,274.33,274.41,275.15,275.18,275.25,276.33,276.71,276.96,276.46,276.18,275.86,276.03,276.33,276.08,275.16,273.96,272.93,273.21,275.0,274.33,275.28,275.21,274.33,274.21,273.96,272.96,273.0,274.18,273.03,273.98,274.91,273.53,273.16,273.68,275.05,275.33,275.93,276.18,275.25,274.68,275.71,275.73,275.53,275.63,274.75,275.28,276.18,275.88,276.06,275.63,275.43,274.98,275.18,275.16,272.5,272.13,275.06,274.68,273.96,273.63,275.25,275.93,275.75,276.16,276.73,275.43,274.9,275.03,275.18,274.83,274.16,272.28,270.48,271.46,272.11,271.98,271.08,273.36,273.71,271.06,273.28,275.13,274.73,275.11,273.86,274.25,274.73,273.73,274.28,275.03,274.8,274.11,274.38,273.08,272.66,272.5,271.96,271.25,268.96,270.25,273.75,271.91,267.53,268.5,273.18,274.46,275.18,273.61,273.56,274.9,275.46,274.96,274.43,273.78,272.75,272.03,273.86,271.46,268.81,267.9,269.58,273.38,273.85,273.46,272.78,268.9,268.05,270.78,268.9,275.36,276.21,274.93,272.0,271.56,273.83,273.28,271.73,274.31,272.13,270.96,272.9,274.38,273.3,274.56,274.25,275.08,276.0,274.48,273.98,273.23,273.53,271.78,273.13,272.11,271.05,273.33,271.98,270.36,269.46,272.63,273.96,274.06,273.75,272.5,272.13,271.96,271.05,273.18,274.73,273.28,272.0,271.58,273.41,272.78,273.61,274.33,274.46,273.08,271.53,273.05,270.23,270.23,272.55,270.75,272.11,272.73,269.33,266.0,269.86,272.43,269.23,264.28,263.4,266.98,273.65,273.9,272.48,272.8,273.58,273.73,273.73,273.13,273.66,274.0,273.66,271.13,269.98,269.78,269.03,266.63,269.23,271.21,268.23,273.36,262.75,270.63,269.73,264.38,261.81,267.21,261.9,268.36,269.68,263.88,263.05,272.23,273.36,271.58,274.3,274.21,274.33,272.0,273.13,270.8,270.91,273.86,268.73,271.93,272.11,267.23,268.98,272.13,273.38,272.63,269.5,271.83,269.38,262.21,264.81,271.46,266.93,270.68,270.88,268.28,272.98,265.93,269.28,272.56,264.91,264.28,264.11,269.78,273.0,273.18,273.93,272.13,268.66,272.75,273.18,272.71,272.75,273.11,272.96,272.98,273.11,273.06,273.48,273.23,273.38,272.83,272.96,273.0,273.86,274.83,273.53,273.48,271.46,271.53,271.86,272.13,273.8,272.21,273.4,272.86,271.13,270.13,271.21,272.73,269.66,271.71,269.08,268.61,270.71,272.8,273.05,272.31,272.53,272.13,272.0,272.75,272.58,272.65,272.65,272.61,272.58,272.36,272.8,272.91,272.58,272.9,273.23,273.38,273.9,274.61,274.43,275.03,273.75,273.86,273.83,274.25,275.08,274.38,274.78,274.13,275.41,276.43,275.48,275.28,274.45,274.18,273.63,274.0
273.78,273.66,273.63,273.98,274.71,274.91,274.48,273.96,274.05,274.11,274.25,273.98,274.16,274.46,274.28,274.38,274.78,274.43,274.75,274.85,276.11,275.61,275.43,275.71,275.98,275.43,275.13,274.93,274.93,276.4,276.46,276.11,275.58,276.63,276.73,276.0,275.41,275.41,275.66,276.21,275.46,274.78,274.58,274.23,273.28,274.96,274.53,273.05,272.36,272.48,272.16,272.18,274.9,276.33,272.98,271.23,274.15,273.83,274.66,274.81,275.11,275.96,276.11,274.0,275.18,276.75,275.88,275.78,275.4,275.11,276.91,275.5,274.33,274.66,275.88,276.63,275.33,274.28,276.06,274.66,274.98,276.83,276.11,274.71,272.53,274.41,274.43,271.41,270.78,273.61,275.36,275.13,273.66,274.5,274.13,273.25,273.93,275.73,274.71,275.5,275.43,274.58,273.75,273.43,273.43,273.68,274.96,275.1,274.91,274.23,275.06,274.68,274.58,274.73,275.13,274.36,274.33,275.21,275.23,274.63,273.9,274.43,275.38,273.35,273.48,275.3,274.71,274.71,273.63,274.43,274.41,274.71,275.21,273.28,272.0,269.36,268.86,272.5,273.78,274.86,275.86,274.8,273.93,272.63,272.06,270.75,270.83,272.28,271.8,273.28,274.18,274.88,275.25,275.68,275.13,274.93,274.98,274.33,273.03,273.65,274.41,274.5,274.71,275.05,274.38,274.08,273.41,274.21,274.21,273.33,273.93,274.25,274.9,274.05,273.38,272.58,273.68,274.11,270.03,270.06,272.71,271.96,268.88,273.43,272.38,267.18,268.65,272.38,269.88,269.75,272.86,272.31,269.15,271.73,273.71,272.91,269.55,267.96,268.33,267.25,272.53,273.33,273.85,273.56,267.56,269.66,268.41,271.93,273.46,272.3,269.55,262.83,268.8,260.0,262.18,264.35,263.93,269.61,272.71,273.75,272.03,271.25,269.33,268.15,265.15,267.98,272.05,272.3,272.61,272.25,274.46,274.46,268.48,270.66,273.21,268.8,273.75,274.36,273.33,271.46,265.53,270.0,273.98,272.36,268.86,265.13,263.43,262.96,262.61,263.71,260.98,261.36,268.48,272.78,273.71,273.81,272.48,271.68,272.21,269.8,268.61,266.33,269.93,270.38,269.25,272.06,269.53,265.13,271.88,273.25,273.55,270.75,271.58,265.23,264.41,272.03,271.78,269.16,271.58,268.96,271.43,269.36,262.86,264.73,272.98,274.23,274.08,272.86,273.05,272.5,273.18,274.08,274.46,273.68,272.9,272.78,269.38,268.63,268.5,269.86,272.13,272.86,273.23,274.33,273.0,273.58,274.05,273.41,273.36,273.33,272.43,272.58,272.8,272.86,272.25,272.65,272.5,272.05,272.23,272.63,272.58,272.83,271.96,272.9,272.68,272.31,272.71,273.75,273.58,274.28,274.48,273.43,273.83,274.23,274.25,273.25,272.38,272.71,272.55,273.0,272.81,273.43,271.98,272.18,272.83,272.73,272.46,272.96,273.33,272.78,272.86,272.73,272.33,274.0,273.61,273.86,273.31,273.03,272.58,273.43,273.3,274.13,274.46,273.81,273.93
274.13,274.03,273.74,273.66,273.51,273.21,273.46,274.91,275.24,274.36,274.11,274.06,275.39,275.34,276.11,275.36,274.56,275.33,274.81,274.36,274.26,273.89,273.28,273.21,272.61,272.76,272.71,273.14,273.51,274.96,275.66,275.74,275.02,274.49,273.99,273.99,273.74,273.64,273.84,275.41,275.11,274.98,275.48,274.99,274.99,275.29,275.38,275.67,274.39,274.46,275.44,274.51,273.66,273.41,274.11,274.24,274.06,275.14,276.61,276.34,276.19,274.69,274.89,275.16,275.81,275.33,273.54,274.81,275.61,274.61,271.33,270.26,272.66,273.73,274.41,274.86,275.06,275.01,274.41,273.46,273.23,274.19,274.49,274.09,272.31,271.21,269.96,271.41,274.36,274.96,274.54,272.56,273.64,274.44,272.84,271.21,269.91,268.76,270.86,271.06,270.38,274.09,275.69,275.26,274.18,273.31,272.38,272.56,274.04,274.51,274.91,274.74,274.91,274.74,274.89,273.59,272.69,272.64,273.97,273.34,272.18,273.56,272.89,271.97,269.78,273.21,272.69,269.79,273.34,271.59,275.48,274.06,270.71,269.84,274.78,273.08,274.71,273.81,274.43,273.94,274.29,274.34,273.21,274.09,267.09,266.36,267.66,269.26,270.98,268.84,272.48,271.94,272.41,273.24,269.44,269.06,268.61,263.98,267.34,271.68,268.21,269.84,259.41,260.84,263.61,263.91,266.09,264.54,264.56,263.51,262.86,254.54,247.13,245.78,254.36,259.31,259.39,255.89,253.48,245.86,246.28,251.58,253.11,260.16,264.01,270.86,254.11,260.96,269.71,261.91,255.21,245.74,243.76,247.11,268.78,258.99,260.26,261.16,253.44,256.48,252.66,252.59,260.34,270.51,263.66,268.76,266.96,251.31,250.41,269.49,268.66,269.74,266.06,272.01,268.78,258.51,253.44,259.56,267.29,269.96,261.36,267.41,269.86,268.21,260.43,266.86,269.43,272.91,270.18,261.41,265.76,264.76,260.04,261.74,259.73,256.89,251.79,262.34,268.74,269.99,271.79,263.44,262.39,271.54,261.14,255.88,254.16,248.36,266.76,262.26,267.11,263.74,267.64,265.41,260.83,243.51,256.11,268.36,270.04,273.44,272.61,265.69,257.74,263.59,269.09,266.74,273.01,271.78,267.96,265.53,264.78,270.34,272.53,272.81,273.31,273.24,272.46,269.96,273.14,273.21,273.06,273.19,273.43,272.76,273.24,272.59,272.21,272.04,272.99,272.06,272.14,271.61,270.61,272.76,272.14,269.61,269.81,271.69,271.56,272.71,272.71,272.11,273.69,273.91,272.91,273.11,272.59,272.14,271.08,269.36,268.54,270.91,272.49,271.92,272.22,272.09,272.66,272.64,272.39,272.66,272.08,272.29,272.34,272.94,272.56,272.79,272.93,271.94,272.23,271.98,272.21,273.41,271.86,271.84,271.76,272.01,271.96,271.81,272.41,272.96,273.04,272.41,273.09,273.18,272.19,271.93,271.76,271.93,271.66,271.81,271.18,271.39,270.99,271.31,271.16,271.46,271.66,273.59,273.11,273.13,272.44,272.38,272.46,273.79,273.26
273.17,272.84,271.96,272.26,273.13,274.34,273.71,273.81,274.68,273.72,273.81,274.09,273.59,273.97,273.16,273.04,273.18,273.64,273.61,273.24,274.09,274.29,274.04,274.11,273.54,273.59,272.99,273.71,274.56,274.64,274.68,274.71,274.36,273.99,273.49,273.89,275.14,276.09,276.71,275.81,274.96,274.43,274.04,274.14,274.34,275.03,275.76,275.71,274.06,273.81,272.84,271.34,274.26,274.34,275.34,275.36,275.01,274.74,273.56,273.66,273.66,273.68,274.64,273.86,274.36,276.39,276.09,276.09,274.89,274.38,273.71,273.81,274.66,273.21,273.51,273.14,274.24,273.56,275.49,274.74,276.21,273.96,273.19,270.29,271.24,268.56,268.74,268.38,269.64,269.11,271.03,275.31,274.56,274.11,270.71,270.42,271.66,274.93,275.29,273.09,273.44,274.69,274.61,272.51,275.39,268.71,271.54,274.34,273.84,272.36,271.73,274.84,274.19,273.67,273.31,272.79,272.09,272.99,276.06,274.51,274.38,274.36,273.51,269.71,267.51,268.51,273.86,273.94,273.06,271.83,272.93,273.18,272.81,273.34,272.64,273.14,273.46,272.99,270.71,272.36,273.14,273.41,272.64,271.98,269.76,271.01,272.94,272.26,272.66,272.34,271.41,270.31,271.24,271.76,273.14,273.81,272.41,270.93,268.36,267.74,267.98,272.09,272.31,271.41,269.84,269.16,268.11,269.74,270.74,269.61,271.71,271.71,272.36,271.98,272.59,265.06,264.96,266.88,267.34,272.49,273.93,274.46,273.5,271.58,267.75,271.18,272.31,269.91,269.88,266.43,268.08,270.61,271.33,271.03,267.3,269.68,270.78,272.18,263.98,265.6,268.21,262.08,269.41,272.86,268.86,268.58,273.83,273.63,273.33,273.33,273.83,269.33,269.61,273.83,271.53,270.48,271.21,269.41,266.16,271.75,265.75,269.68,268.98,268.53,272.73,273.03,272.78,273.73,273.28,273.91,274.25,270.08,269.93,267.86,271.71,272.81,272.78,274.15,272.98,273.5,272.25,272.16,271.33,269.03,269.13,271.61,273.46,272.28,269.18,271.55,270.8,265.96,266.68,265.75,263.05,264.78,269.56,272.28,273.73,273.18,271.38,275.0,274.18,271.11,268.41,271.0,267.13,268.48,268.53,268.98,270.78,271.5,272.0,272.03,274.16,274.0,273.21,272.75,273.33,272.58,269.23,267.11,268.23,270.36,270.33,274.86,274.43,270.65,272.11,273.5,270.0,275.11,273.38,273.88,272.48,272.41,273.08,272.96,273.43,273.71,273.48,274.23,274.11,274.3,274.68,273.71,274.78,273.83,273.86,273.56,271.18,270.98,270.88,271.15,273.5,270.68,272.66,270.78,272.3,273.53,273.13,271.96,274.48,271.58,271.48,274.53,273.8,273.68,271.9,271.46,273.83,274.78,273.41,272.48,273.08,273.55,273.13,273.36,274.08,272.93,274.11,274.83,274.18,274.58,275.46,274.98,274.61,274.78,274.9,275.03,275.58,275.28,275.28,275.11,276.06,277.03,276.18,275.0,275.15,275.61,276.03,274.98,275.21,275.61,275.68
275.96,275.63,275.53,275.46,277.36,277.46,277.15,277.0,276.25,275.21,275.33,276.05,275.83,275.58,275.15,275.18,274.98,276.3,277.21,276.53,275.5,277.21,275.18,275.46,275.96,276.05,275.58,278.03,278.28,278.53,276.28,277.33,278.11,276.98,277.03,276.66,276.53,276.58,277.48,277.03,276.8,277.23,277.16,276.11,275.23,275.56,276.48,274.86,276.33,277.03,276.28,275.68,275.18,275.41,274.85,274.61,274.43,274.91,275.93,276.08,274.05,275.88,274.93,276.58,276.68,276.08,275.38,275.63,276.15,275.78,276.9,276.46,275.21,275.71,274.41,273.86,273.13,272.71,273.03,275.18,274.43,274.75,274.63,275.38,275.68,275.71,275.83,275.25,273.93,272.08,274.23,276.23,275.93,273.5,275.55,276.18,271.58,271.86,275.18,276.11,276.16,275.75,276.13,275.33,274.81,275.25,274.36,274.38,274.18,273.28,275.38,274.08,273.71,274.23,275.48,274.48,275.13,274.91,274.96,275.06,275.58,275.36,276.16,276.33,274.43,273.33,270.08,273.68,275.36,274.8,274.5,275.0,276.61,276.43,275.28,275.0,274.21,272.28,269.58,269.3,271.93,274.11,275.16,274.96,274.05,274.25,274.93,273.48,274.73,275.05,274.73,274.03,273.98,273.75,274.96,272.13,273.21,274.0,274.18,273.88,273.05,273.58,273.36,273.18,274.18,272.0,271.86,270.96,270.35,273.33,274.83,274.03,274.3,274.38,273.96,273.5,272.5,271.96,269.3,269.03,270.9,273.18,273.58,274.05,274.0,272.86,271.53,273.78,273.96,274.33,274.03,274.41,274.48,274.41,274.38,273.71,274.33,273.98,273.4,274.31,275.58,275.8,271.15,272.73,273.13,273.08,270.75,267.08,267.96,266.85,267.28,272.03,269.36,275.21,273.06,271.08,272.41,272.86,273.28,273.36,272.78,273.0,271.63,269.96,272.0,272.98,273.48,272.9,272.53,273.46,272.63,271.73,273.03,273.16,272.63,272.41,271.83,270.56,269.08,273.18,272.78,273.28,271.91,273.43,273.08,272.25,273.5,273.61,272.61,271.58,270.3,269.21,267.73,270.13,270.25,273.68,274.0,273.98,273.83,273.41,271.36,273.15,273.71,273.21,272.98,271.93,270.8,268.78,269.23,269.63,272.03,273.23,271.93,273.03,272.96,271.78,268.93,268.68,268.93,268.53,274.98,275.25,274.33,273.11,271.88,271.83,272.93,274.68,274.83,273.93,274.36,273.73,273.58,273.3,272.9,272.93,273.53,274.66,272.9,272.05,272.31,272.9,272.86,273.41,273.58,273.98,273.0,268.28,270.28,272.78,273.11,275.0,275.21,274.98,273.38,272.88,273.4,274.33,274.28,273.5,273.93,273.78,273.25,274.23,274.23,274.48,273.68,273.33,272.96,274.63,274.41,274.18,274.13,273.58,273.56,272.78,273.63,274.23,274.7,274.23,274.73,274.23,274.73,274.36,274.36,275.0,274.55,273.86,273.9,274.16,274.08,274.16,274.53,275.1,274.78,274.46,274.21,274.13,274.88,274.33,274.66,275.48,276.28,276.38,276.03
275.71,275.11,276.03,276.38,276.06,276.16,275.83,275.93,277.08,277.3,276.75,276.36,276.23,276.58,276.48,276.75,277.25,276.73,275.96,275.86,277.06,276.93,276.41,276.33,276.53,276.5,276.96,277.71,277.71,277.48,277.58,276.96,276.41,276.56,275.93,276.83,278.5,277.23,277.05,276.58,276.15,275.98,276.98,277.11,276.1,275.68,274.58,274.38,276.46,277.13,277.21,275.71,275.58,275.91,275.56,275.25,277.16,275.05,274.88,276.11,274.36,275.81,277.4,276.43,275.3,275.28,274.61,275.38,275.08,274.8,275.73,275.18,273.38,273.21,273.25,272.06,271.96,272.48,273.55,273.28,275.78,276.53,276.83,276.55,275.3,274.05,273.86,275.36,276.03,276.46,276.63,276.18,276.68,274.55,274.5,276.03,276.0,275.75,274.28,274.18,274.9,275.73,275.63,275.08,274.93,274.16,274.0,273.83,273.83,274.05,272.66,273.93,274.13,273.5,272.98,273.48,275.48,274.86,276.15,274.46,275.61,277.21,276.21,275.75,274.38,274.98,274.83,272.78,271.4,272.91,272.65,274.8,277.25,276.81,275.13,271.58,272.68,273.68,273.53,273.3,272.13,271.25,272.33,268.81,267.63,270.41,265.36,266.71,271.73,269.5,269.03,266.4,266.48,266.68,271.28,275.0,273.61,274.93,274.63,275.13,274.08,274.41,274.66,274.63,274.71,273.71,273.68,273.91,273.03,273.43,272.11,270.55,269.25,274.3,273.15,271.71,270.85,266.4,267.05,267.85,274.16,271.36,269.46,272.86,274.88,274.73,274.46,272.05,273.96,272.86,269.41,272.18,270.03,270.33,271.11,267.28,267.21,271.0,270.46,268.06,272.28,274.08,271.48,274.46,274.18,274.68,274.08,272.38,273.63,273.75,272.16,272.66,274.43,275.78,274.43,274.68,273.61,272.48,272.91,271.28,272.38,273.0,273.18,273.03,273.33,272.66,273.11,271.86,271.35,272.46,272.05,273.83,272.13,275.61,273.55,272.33,270.38,273.88,273.93,273.48,272.83,273.73,272.91,271.18,269.16,268.25,266.48,262.25,261.96,265.58,267.56,272.25,273.68,269.71,265.93,271.36,273.0,270.03,268.75,272.36,270.05,271.98,271.0,269.63,272.08,274.83,273.16,270.5,275.03,273.81,273.68,274.23,273.31,273.16,269.5,269.93,271.93,270.98,269.08,269.31,269.68,268.55,273.56,272.86,270.21,274.03,270.58,268.88,269.71,273.28,269.98,269.03,266.35,266.38,272.83,271.63,269.63,268.93,271.58,273.13,273.78,274.05,273.23,272.8,270.28,269.91,271.11,273.71,273.13,274.38,273.65,274.38,274.08,273.38,274.78,274.46,273.25,271.98,273.61,273.21,273.16,273.08,272.38,272.28,272.73,273.33,272.96,273.28,274.25,275.33,274.81,273.65,274.41,274.33,273.63,274.71,275.38,274.08,274.61,274.71,274.86,274.55,274.55,274.88,274.3,273.56,273.16,274.23,274.66,274.25,274.83,273.63,273.23,274.25,275.08,275.78,275.21,275.05,275.48,275.28,274.93,274.98,274.86,275.68,276.0
276.46,275.86,275.5,276.18,277.28,277.38,277.3,276.83,276.33,275.56,276.03,276.16,275.98,276.36,276.33,276.75,277.41,276.66,275.91,276.36,276.66,276.43,276.58,276.96,276.43,276.36,277.13,277.36,277.9,277.86,276.71,276.85,276.58,277.78,278.0,277.18,277.9,277.3,276.41,276.4,277.58,277.9,276.63,276.5,276.38,275.13,275.36,277.13,277.03,276.36,277.43,276.4,276.73,276.23,276.68,275.36,275.33,276.0,275.21,276.16,275.73,275.53,276.28,275.3,274.21,273.56,273.33,273.43,272.43,273.56,276.05,276.46,276.96,276.71,275.08,275.66,276.98,275.83,274.5,274.41,275.03,274.46,271.93,275.75,276.36,275.13,273.0,271.5,274.56,275.3,274.43,275.66,274.71,273.73,273.61,273.68,273.53,273.3,273.46,271.5,271.28,275.11,273.96,274.23,275.21,275.86,276.33,274.73,275.13,272.21,275.18,274.28,274.43,274.23,273.36,270.21,269.46,270.9,272.3,273.58,274.5,274.46,274.61,273.66,273.66,274.96,275.18,275.18,274.63,275.28,275.13,274.93,274.83,274.73,274.5,274.13,273.96,273.75,273.6,273.08,273.18,271.71,271.53,276.63,275.78,275.61,274.71,273.23,273.71,272.98,270.96,269.21,268.11,270.05,270.86,273.68,273.75,271.63,271.63,272.53,272.56,272.93,272.0,272.36,273.36,270.68,268.8,268.05,273.43,272.28,269.08,262.83,262.9,267.21,264.63,261.11,267.28,271.18,265.88,260.93,263.53,267.53,268.05,265.03,266.4,266.98,270.33,274.65,272.75,272.11,272.16,270.33,270.88,269.68,267.5,265.25,266.81,271.23,273.93,272.91,274.11,271.58,273.33,275.41,273.03,272.56,273.4,273.98,272.18,267.31,269.28,271.36,268.21,269.55,272.5,271.83,272.93,270.86,270.03,270.61,267.63,269.63,271.96,269.91,268.61,271.0,263.78,264.38,263.61,257.5,255.76,254.83,270.83,262.73,260.03,266.96,253.38,256.88,268.05,252.83,248.33,259.63,261.63,262.0,272.33,273.05,273.23,273.28,273.21,271.75,271.46,270.06,272.63,268.23,272.08,270.41,262.93,272.83,274.21,273.16,274.11,271.68,272.58,272.06,272.83,274.03,273.91,273.21,273.21,271.8,272.03,270.58,269.5,270.33,267.96,263.43,269.18,272.33,268.8,271.0,266.38,272.68,269.53,268.21,264.88,266.25,271.0,268.5,272.38,273.3,272.46,271.83,271.63,271.33,270.71,271.63,273.13,273.11,273.18,272.4,272.11,271.53,271.63,269.53,269.16,271.33,272.66,271.63,269.73,272.13,271.11,270.38,270.86,270.86,269.1,272.23,271.8,270.6,269.71,270.0,268.75,269.53,269.75,271.28,271.43,271.73,271.53,271.75,271.68,271.78,271.88,271.58,271.98,271.16,271.41,270.83,271.33,272.68,273.25,273.16,273.66,272.68,272.81,272.43,272.46,273.38,273.43,272.33,272.86,273.08,272.58,272.18,272.1,272.11,272.46,272.86,272.6,273.21,272.91,273.33,273.18,273.58,272.73,272.66,272.58
272.31,272.46,273.08,272.83,272.78,272.36,272.53,272.91,273.23,273.03,273.03,273.11,273.73,274.68,275.08,274.21,273.1,273.11,273.98,273.96,272.91,273.13,272.66,272.78,272.78,273.41,274.88,274.21,274.41,273.63,273.11,272.73,272.71,272.78,272.43,271.61,272.9,275.58,274.93,275.05,275.03,274.83,275.11,275.18,273.91,273.9,274.28,273.71,273.56,273.5,274.0,274.4,273.96,273.36,273.46,273.31,273.18,273.18,273.28,273.36,273.18,272.75,272.55,273.25,274.18,273.48,274.48,272.86,273.58,274.28,273.5,273.83,273.78,271.98,273.48,273.36,271.48,273.23,271.93,271.71,272.23,272.73,273.21,271.96,273.93,274.48,274.73,274.36,275.71,275.43,274.48,274.3,273.11,273.28,273.96,273.96,272.75,271.71,272.11,273.05,273.18,273.08,272.98,272.71,273.08,274.98,274.13,273.15,272.16,271.36,271.88,273.05,273.5,272.91,272.05,273.16,272.03,271.93,269.43,269.23,273.43,272.71,273.68,272.96,273.0,272.88,274.33,274.46,274.36,272.53,270.96,272.73,270.0,271.11,271.63,269.05,270.98,269.16,268.05,272.83,273.55,273.63,273.4,272.86,268.48,264.36,265.66,265.91,271.41,269.5,271.0,273.48,269.28,267.21,272.9,272.68,270.33,271.16,271.53,269.25,263.88,266.41,273.21,268.63,271.21,270.88,272.33,274.28,273.28,272.11,271.43,269.81,265.98,265.71,269.23,268.4,269.53,264.83,267.78,270.38,261.41,269.11,272.91,269.8,271.13,265.58,272.08,273.21,272.9,273.25,272.96,273.0,273.03,273.43,273.2,272.68,272.21,272.5,272.83,271.21,269.58,269.63,271.38,267.43,260.23,259.86,265.78,272.38,266.33,259.11,268.08,273.98,273.91,274.58,272.3,264.8,268.96,272.86,273.78,271.11,272.61,264.33,268.3,267.48,256.83,251.25,250.96,250.78,248.58,254.51,264.46,269.9,257.88,270.21,270.33,261.75,264.68,251.63,253.63,258.61,272.38,274.48,271.55,271.55,272.36,273.38,271.5,266.28,266.46,270.23,273.46,272.78,268.13,261.28,272.11,268.83,267.81,269.71,271.78,273.23,272.71,273.48,272.83,273.46,273.4,273.25,272.15,270.8,272.53,274.21,271.03,270.61,272.68,273.0,272.88,272.63,273.03,272.83,267.35,265.18,263.85,266.78,267.65,268.11,272.61,273.4,269.68,270.61,272.58,273.83,272.78,272.63,271.23,270.25,269.73,271.81,269.03,270.53,271.93,273.03,271.93,271.73,272.71,271.25,271.08,271.23,268.86,269.33,270.58,272.23,272.63,272.11,270.93,271.98,269.38,270.53,269.96,270.78,271.18,270.98,270.83,272.0,273.68,274.18,273.78,273.58,273.96,272.98,272.8,272.68,272.5,272.41,273.18,273.58,273.36,272.68,272.71,272.8,272.88,272.88,273.21,275.05,274.68,274.16,273.53,272.43,272.63,272.93,273.63,273.46,273.73,273.63,273.41,273.8,274.33,273.98,274.21,273.16,272.68,272.85,273.13,273.71,273.78,273.88,274.08
274.33,274.41,274.5,274.13,274.21,274.43,273.96,274.38,274.73,274.78,274.93,275.5,276.28,277.03,276.53,276.33,275.81,275.25,275.58,276.33,275.75,275.75,275.43,275.75,275.68,274.8,275.43,276.03,275.43,275.06,274.88,274.43,273.98,273.53,273.31,273.46,273.16,273.83,275.28,274.91,274.65,274.83,275.21,275.33,274.36,273.73,273.81,274.73,277.11,276.5,275.98,276.3,274.71,273.46,273.4,272.75,273.98,275.88,275.66,275.53,274.63,274.9,274.48,274.03,273.68,274.18,274.41,274.43,273.68,274.63,275.3,276.33,275.55,275.98,273.88,270.96,271.3,270.0,270.93,274.73,274.23,273.86,274.6,274.4,274.46,275.55,275.91,276.28,276.13,276.18,275.93,275.4,274.68,274.58,272.48,271.28,270.65,271.23,273.65,274.75,275.0,274.08,273.13,272.78,274.43,273.11,273.91,275.41,275.38,274.86,274.48,271.83,271.83,271.53,274.71,273.16,270.5,273.61,273.38,272.93,271.96,273.86,274.98,275.3,275.43,273.96,272.91,273.83,275.98,275.05,274.33,274.11,272.18,271.38,271.86,270.13,274.38,273.96,271.96,270.55,269.58,267.65,272.75,270.48,273.25,274.78,274.53,271.61,269.21,267.91,266.63,267.28,272.71,274.13,273.86,272.68,272.41,272.55,274.3,274.25,274.28,274.23,273.78,273.33,272.16,271.75,269.35,271.16,273.03,273.2,269.96,269.98,268.78,273.9,273.11,268.88,269.08,268.83,264.68,267.13,271.18,274.13,274.78,274.3,275.11,272.98,272.98,270.73,268.28,268.08,269.53,268.18,270.91,273.78,274.36,274.0,274.53,273.38,272.38,272.53,274.03,274.48,272.85,272.05,271.05,268.5,268.58,269.21,270.08,273.23,273.08,273.46,273.03,273.68,274.38,273.68,273.23,273.46,271.71,269.23,268.66,273.0,274.16,274.48,275.66,273.58,272.78,272.66,273.38,273.03,272.25,270.5,271.16,269.0,267.46,267.43,266.96,271.15,272.08,271.73,272.5,273.8,274.48,273.43,270.78,270.11,268.11,267.11,273.73,273.9,269.81,271.06,272.13,271.63,270.83,268.41,267.48,271.81,269.0,270.8,274.11,268.4,266.83,269.86,260.96,264.91,269.3,272.88,273.23,273.25,272.8,273.56,272.98,272.83,272.83,268.08,267.08,271.86,274.3,275.21,274.73,274.25,273.8,272.25,271.3,272.06,272.13,272.28,273.21,272.83,273.18,273.63,274.38,273.23,273.93,273.43,272.75,271.21,269.75,268.81,268.98,271.96,273.66,273.08,271.46,270.55,273.63,273.5,271.88,270.13,269.03,271.48,272.98,273.5,275.13,274.78,273.46,274.03,274.13,273.93,273.78,274.0,273.06,274.05,275.05,274.33,273.63,274.46,275.53,275.58,273.43,273.25,274.36,275.0,275.25,274.61,273.66,274.33,275.33,274.88,275.63,274.16,273.83,273.61,275.53,275.08,273.88,274.21,274.5,275.06,274.73,274.43,274.48,274.61,274.38,274.4,275.11,276.43,276.05,275.71,276.61,275.46,276.46,276.61,276.96
277.18,276.78,276.81,275.9,275.21,274.96,275.25,277.16,278.25,278.35,278.13,278.71,277.75,277.25,276.43,275.43,275.98,274.65,274.33,273.86,274.78,275.0,275.33,274.83,275.25,275.86,275.78,275.93,275.66,275.05,274.96,275.05,274.48,274.86,275.63,274.58,276.25,276.11,275.66,276.68,276.5,276.3,275.63,274.86,274.43,274.13,274.28,274.71,276.8,275.36,274.86,275.63,275.9,277.18,277.53,278.21,277.78,277.75,276.65,276.68,276.38,275.61,275.83,274.78,275.86,276.0,275.55,276.06,275.75,274.08,274.05,273.96,274.46,275.75,275.71,276.28,275.5,276.65,276.15,275.28,274.71,274.28,273.3,274.56,273.5,269.36,270.03,270.61,270.38,270.58,272.28,276.05,276.21,275.25,275.36,274.63,273.55,274.66,274.08,273.68,273.58,272.48,271.83,274.28,275.33,275.63,273.53,273.96,273.9,273.28,274.96,273.31,273.21,270.21,269.05,267.63,270.03,274.63,273.98,270.71,269.8,271.46,273.11,273.96,272.68,271.25,272.46,274.81,274.33,273.58,274.25,275.23,274.96,274.21,273.46,273.28,273.46,272.08,272.48,270.68,268.63,266.16,271.36,274.25,274.61,271.96,269.78,265.23,267.65,272.66,266.48,269.38,264.43,261.86,264.5,271.36,273.23,273.63,274.23,275.33,274.61,274.16,273.15,271.98,273.31,271.3,272.56,274.58,274.56,274.0,274.46,273.18,272.36,268.38,270.08,271.8,267.56,267.83,272.3,271.41,273.71,273.68,273.8,273.75,273.61,273.58,272.18,272.58,273.0,271.71,272.08,273.46,271.98,270.78,270.63,267.33,271.43,273.78,272.05,272.11,273.23,272.78,273.38,274.08,273.38,270.08,270.93,271.73,273.48,272.21,269.33,268.08,267.46,271.83,270.68,272.71,267.66,263.83,268.18,271.63,273.46,273.91,273.55,273.25,271.63,270.58,270.03,269.68,267.86,266.28,271.93,268.13,267.33,269.96,273.23,273.73,264.83,263.11,268.63,274.36,274.5,273.38,273.36,272.35,273.43,273.91,273.55,272.66,270.16,271.68,271.63,271.88,270.88,271.73,270.88,270.03,266.16,265.41,273.33,273.78,274.18,274.25,273.23,272.71,271.46,268.73,272.33,270.11,263.91,262.5,269.75,273.8,272.25,271.75,272.58,273.43,274.0,273.88,273.18,272.96,270.38,271.36,271.9,269.31,267.48,267.3,266.38,270.48,272.43,273.96,274.13,274.66,274.38,274.13,273.21,274.33,273.46,274.18,273.96,273.78,272.93,272.63,272.61,270.78,268.9,270.03,271.93,273.46,273.58,272.68,272.18,272.13,271.48,271.08,271.55,272.55,272.88,271.53,271.58,272.91,274.05,273.03,272.86,272.88,273.96,274.03,273.98,273.65,272.71,272.63,272.68,271.3,272.83,272.38,271.98,272.5,273.53,273.61,273.1,272.68,273.33,273.73,273.96,274.75,274.03,275.36,275.23,274.68,274.5,273.81,272.83,273.75,275.25,274.75,273.55,273.63,273.55,273.36,273.41,274.58,274.93,274.83,274.56,275.21,275.96
276.83,276.68,277.5,276.81,275.73,274.96,275.18,276.13,275.05,275.0,274.63,276.28,275.78,275.83,275.93,275.98,275.91,274.21,273.73,275.41,274.96,274.35,275.53,276.25,276.5,276.08,275.65,275.48,275.25,274.63,274.36,274.58,274.75,274.93,276.98,276.23,276.88,275.16,275.25,275.55,276.43,275.23,275.05,274.78,274.58,276.41,276.83,276.58,276.48,275.3,274.5,275.38,275.71,276.21,276.48,275.43,275.23,274.63,274.16,275.3,276.73,277.08,277.03,276.53,274.71,274.48,273.75,275.11,274.43,276.18,275.45,274.96,274.5,273.98,276.11,275.53,275.53,276.61,275.73,275.58,274.28,273.65,273.88,273.63,273.96,275.33,276.08,276.71,275.98,276.05,275.88,275.55,275.21,275.03,275.05,275.4,275.8,275.06,274.23,274.75,274.75,274.03,275.15,275.8,276.11,275.25,274.91,274.88,273.05,273.13,272.83,272.11,270.23,269.4,272.96,274.46,272.53,270.71,269.63,267.83,272.5,274.38,275.05,274.25,273.71,273.63,273.73,274.03,272.98,272.4,271.18,274.18,273.91,272.61,272.13,272.75,272.15,268.83,268.05,270.73,267.75,271.63,273.65,272.73,274.46,274.18,273.21,273.55,274.0,270.61,266.73,268.25,265.61,266.71,270.33,270.96,272.78,273.41,272.83,273.8,274.16,274.08,274.41,274.63,273.68,274.18,274.46,273.23,270.78,270.8,269.83,267.28,262.25,263.93,264.75,265.15,274.98,272.53,264.75,263.55,262.66,264.8,267.05,273.25,271.18,270.33,275.61,274.23,272.73,270.46,270.73,272.11,271.43,268.98,267.4,268.83,270.66,271.71,270.63,271.91,268.98,264.75,270.78,266.53,268.13,274.71,272.3,271.33,270.68,269.71,269.28,266.71,271.23,261.91,272.43,266.66,270.46,263.4,271.53,269.98,267.25,273.68,268.58,270.75,273.61,272.9,273.55,272.43,269.33,266.03,271.38,269.98,274.05,272.78,271.03,271.08,271.18,269.08,268.61,267.21,271.55,272.71,272.93,268.83,264.53,261.46,256.38,260.4,272.81,273.3,273.23,272.03,269.43,265.91,260.58,264.48,269.05,273.25,272.96,268.93,250.68,243.21,247.08,250.16,255.93,252.51,252.13,258.61,252.96,250.65,250.28,253.31,256.31,259.86,271.61,271.28,273.58,273.03,272.33,270.73,269.5,263.38,270.05,259.65,267.33,268.68,265.13,270.91,272.58,270.4,272.3,267.98,274.38,273.75,272.21,272.38,271.21,271.96,270.8,273.5,273.61,272.55,273.23,273.55,272.58,272.65,272.18,271.83,271.88,271.43,271.96,273.06,272.63,272.63,272.55,272.36,271.78,272.03,272.75,272.23,272.43,273.3,272.73,272.4,272.21,271.08,273.35,274.93,275.11,274.86,274.96,274.46,274.53,275.03,274.41,274.63,274.46,274.03,273.55,273.06,273.5,274.18,273.9,274.78,275.1,274.63,273.93,272.66,273.3,273.3,273.68,273.66,273.55,273.41,274.21,275.08,274.13,274.73,274.83,275.96,276.21,274.13,274.38,275.08,275.33
274.16,273.96,273.88,273.66,274.53,274.18,274.13,274.38,275.23,275.08,273.8,273.23,273.23,273.58,274.43,274.61,274.48,275.66,274.28,274.78,274.71,275.3,275.23,276.18,274.63,275.83,274.53,274.98,274.93,274.55,275.93,276.18,275.68,275.3,274.98,274.36,274.58,273.61,274.25,274.13,274.55,273.71,273.71,274.96,274.5,274.48,276.3,276.86,277.8,278.13,277.81,277.18,276.55,275.6,274.55,274.08,273.5,276.43,275.55,274.58,272.98,273.13,275.66,273.68,272.53,274.36,275.21,274.78,274.21,275.55,276.8,275.3,273.8,274.33,273.25,272.98,274.48,272.18,272.13,271.38,269.8,270.21,269.75,272.11,274.53,274.28,274.61,275.11,274.98,275.13,274.83,275.18,275.06,274.11,272.63,271.93,273.3,275.0,274.35,275.85,274.78,275.25,274.53,273.93,273.08,272.36,270.21,272.93,274.93,273.5,274.05,274.38,273.08,271.86,270.98,273.28,273.98,274.28,272.96,273.25,274.53,273.93,274.93,274.13,272.86,271.81,271.58,272.06,273.63,273.48,272.5,272.21,273.36,272.96,271.63,273.71,275.25,271.78,270.61,272.83,273.53,271.15,274.91,274.68,272.83,272.96,270.68,274.98,275.36,274.98,273.98,273.75,271.25,269.48,269.0,273.03,273.41,270.98,270.91,266.9,268.8,273.53,274.68,275.41,275.03,274.15,273.73,273.91,273.86,273.75,271.75,268.41,268.08,266.36,266.73,264.96,264.83,268.53,272.88,273.53,273.38,273.8,273.5,270.73,270.05,266.11,264.63,263.68,261.11,261.98,260.58,260.48,269.33,271.41,265.08,266.56,271.43,263.61,259.75,258.4,262.98,270.66,264.8,259.46,260.0,257.18,258.78,258.48,267.43,273.63,269.1,256.03,251.5,260.28,270.86,270.28,271.05,271.78,272.38,269.38,269.73,271.06,272.18,272.75,273.98,273.43,271.93,271.81,272.03,270.28,271.08,265.0,261.53,264.58,271.48,272.11,273.33,272.68,272.03,271.11,271.73,269.38,259.96,248.93,247.31,242.61,237.41,249.18,268.61,265.78,268.58,270.18,265.93,272.71,270.5,267.13,272.33,272.43,272.33,271.03,273.11,272.13,272.8,272.36,271.83,271.63,272.08,271.61,270.88,270.43,274.0,272.08,271.61,271.86,272.13,271.53,273.33,270.48,273.5,272.75,272.33,272.21,268.66,271.78,272.33,273.28,273.11,273.83,273.53,271.13,272.0,270.48,268.98,268.88,271.03,271.03,271.78,271.13,272.5,274.46,274.18,272.03,272.68,271.83,269.8,269.68,271.75,270.73,269.28,270.03,271.9,273.5,274.18,273.9,271.98,272.43,272.83,272.75,272.35,273.61,274.41,274.78,273.63,273.66,273.18,272.16,271.78,272.21,272.78,272.88,273.23,272.46,272.15,272.1,272.88,272.88,273.05,272.5,272.75,273.3,275.16,274.78,274.88,274.71,274.31,273.48,273.46,274.38,273.58,273.03,273.03,273.35,272.81,274.43,274.28,274.0,274.41,274.3,274.13,273.78,273.75,273.91,275.28,274.88,274.43
274.13,274.08,274.28,274.46,273.98,273.86,274.68,275.33,275.4,275.11,274.91,275.66,275.8,275.9,275.11,275.55,274.75,273.91,274.23,273.96,274.63,274.68,274.83,273.93,274.13,274.06,274.48,274.91,275.23,275.38,275.48,275.08,274.0,273.98,274.98,275.33,275.83,275.93,274.38,274.5,276.11,275.48,275.05,274.21,273.93,275.11,275.46,275.33,274.75,274.13,274.43,273.3,274.38,274.73,272.75,273.71,273.58,275.3,275.33,274.23,274.08,275.0,274.58,274.53,274.21,273.78,273.83,274.13,272.66,271.3,271.33,275.18,276.0,275.93,274.78,274.93,274.93,274.46,274.28,273.78,274.58,272.71,271.11,272.86,273.98,271.75,271.53,273.68,274.25,274.0,273.83,274.36,273.93,272.93,273.06,270.83,272.83,272.53,273.71,274.08,273.13,274.23,274.11,274.81,275.46,274.96,275.0,274.43,273.36,272.63,272.63,274.43,274.56,274.6,273.73,273.25,272.46,273.33,274.58,274.28,273.73,271.96,271.66,272.83,274.08,272.58,270.43,272.75,271.53,271.48,274.08,275.55,273.8,274.13,274.08,272.18,271.21,272.73,271.63,269.28,271.93,275.71,274.56,270.53,270.73,270.5,263.18,265.05,264.68,266.73,269.0,274.38,272.05,269.71,269.83,268.9,269.36,266.21,268.16,262.68,262.41,261.86,262.96,265.86,267.98,269.25,270.58,274.58,272.23,270.11,270.36,268.13,270.11,272.58,275.55,274.65,272.93,273.21,270.08,270.33,266.66,271.08,272.66,272.5,273.86,274.05,271.8,271.96,273.86,272.68,273.13,271.4,270.63,275.83,274.96,273.1,271.21,271.78,270.48,266.38,274.43,269.93,268.66,273.78,269.53,265.23,260.21,259.43,254.46,254.5,252.83,266.88,273.73,274.71,274.38,273.8,272.75,271.16,272.48,272.8,266.48,270.58,268.16,264.23,265.18,272.13,271.98,267.91,267.08,265.93,257.05,253.01,252.93,249.66,254.06,256.36,261.08,261.61,271.5,273.93,272.96,272.0,270.48,270.1,270.36,272.95,271.66,268.23,267.66,271.2,269.33,271.88,269.36,269.48,266.13,262.55,261.5,257.78,269.28,265.46,267.08,269.75,272.3,273.3,270.93,274.23,273.48,271.91,272.16,273.48,273.88,272.71,269.13,262.05,271.55,272.41,269.96,268.75,266.88,265.73,271.33,270.41,273.18,267.11,265.91,264.53,260.0,257.43,256.46,261.58,272.91,273.53,273.41,272.83,269.78,272.5,274.46,272.36,273.98,274.38,272.33,273.38,272.43,272.0,272.58,272.13,272.53,271.45,268.93,269.41,271.88,268.53,268.55,268.68,269.5,270.53,269.53,270.03,270.3,271.78,270.83,270.83,271.0,271.68,272.66,272.1,272.11,272.21,272.93,272.48,272.75,272.78,272.41,272.43,272.65,272.5,272.83,274.13,273.75,272.33,272.66,274.36,274.18,274.33,274.61,273.68,272.93,272.8,272.23,271.83,273.38,274.66,273.46,272.68,272.48,272.48,272.9,273.36,273.96,274.31,274.73,273.5,273.13,273.53,273.88
273.7,273.24,273.22,273.22,273.12,272.87,272.77,273.3,273.32,273.77,273.47,273.62,274.1,274.42,274.27,274.45,275.22,276.1,276.65,275.95,275.77,275.82,275.37,274.87,274.35,273.95,274.32,273.9,273.74,273.74,273.52,274.12,274.37,274.35,275.47,276.35,275.97,274.27,273.57,274.7,276.85,276.4,275.52,276.17,273.92,272.87,273.72,274.14,275.62,275.45,274.27,273.5,273.4,273.4,272.47,274.35,274.72,274.32,274.2,273.17,273.02,273.22,273.35,273.54,275.7,273.72,273.99,275.95,274.52,274.39,276.15,275.6,276.15,277.12,276.25,273.4,274.95,274.47,272.95,271.52,272.9,275.15,274.97,274.3,275.07,274.1,272.5,274.25,273.77,272.74,273.35,273.95,275.95,275.6,274.42,274.17,273.1,272.65,272.6,271.62,273.24,272.92,270.05,269.32,272.7,268.8,269.02,267.62,267.44,268.2,270.3,272.22,271.42,272.37,271.32,268.42,270.9,271.97,273.32,274.05,270.1,269.07,270.87,272.97,270.07,272.15,271.87,272.8,273.74,272.14,274.87,273.3,270.7,265.92,265.82,268.62,271.35,272.47,273.12,270.47,272.1,272.55,273.47,272.85,273.37,274.42,274.37,273.6,274.07,273.67,273.92,273.2,272.55,271.62,271.35,272.35,273.17,273.4,273.52,273.62,273.5,273.49,272.95,273.4,274.2,274.45,274.35,273.25,273.0,271.22,269.67,269.37,272.57,272.97,269.35,269.42,273.55,272.89,269.32,266.65,267.17,269.07,270.67,272.95,272.37,272.87,272.27,271.37,272.67,272.75,272.24,272.12,268.37,263.07,266.02,271.64,272.32,271.87,267.7,272.47,263.07,253.9,271.49,263.17,255.12,254.29,263.57,271.3,267.89,262.17,262.12,260.2,254.17,260.92,268.97,270.07,270.95,271.87,272.2,272.89,272.52,270.87,263.02,255.54,268.45,261.3,253.62,267.32,266.74,262.02,270.8,261.79,273.1,256.47,248.42,254.22,260.05,259.62,269.8,257.55,240.28,243.67,250.12,270.72,269.89,268.87,264.5,269.85,268.77,267.57,269.8,272.17,258.07,268.07,260.95,259.27,260.0,272.07,270.32,271.37,267.12,269.92,273.27,273.12,273.3,272.87,273.2,271.1,272.62,273.17,271.3,273.07,273.42,273.2,271.57,271.05,272.42,272.1,272.17,271.6,270.55,269.92,272.02,272.62,273.6,271.67,272.85,273.37,273.77,272.92,272.14,271.8,271.7,270.65,269.82,269.9,271.3,272.4,272.72,273.05,271.42,273.2,272.42,270.67,271.05,273.0,273.25,273.37,272.45,272.0,272.57,273.55,274.27,272.97,272.45,271.74,272.55,272.92,273.22,274.85,275.12,274.37,273.62,272.47,271.95,271.82,271.62,271.92,271.6,271.47,272.07,272.27,273.6,274.82,275.22,274.82,274.92,274.32,274.12,274.52,273.57,273.55,273.37,273.55,273.8,273.47,273.5,274.02,275.42,275.8,274.77,273.5,274.39,274.89,274.39,274.17,273.35,273.0,273.7,273.45,273.62,273.5,273.45,273.95,275.12
274.74,273.6,273.27,273.37,273.3,273.82,273.95,273.24,272.95,273.49,274.92,275.07,274.22,274.07,274.17,274.45,274.87,274.35,274.42,274.82,275.8,275.6,275.05,273.85,274.17,274.5,275.97,275.37,274.62,273.47,275.3,277.37,276.22,274.92,274.57,275.3,274.92,276.42,277.1,277.07,276.22,275.95,275.05,274.95,275.97,276.07,276.92,277.32,276.9,276.55,277.29,277.62,275.0,274.42,273.7,273.67,273.32,272.39,272.87,273.0,272.45,272.47,272.75,273.37,273.8,274.24,273.72,275.17,274.4,272.97,275.47,276.14,275.57,273.35,274.52,274.05,274.77,275.22,273.47,271.87,274.57,276.05,274.6,275.8,275.77,275.07,274.35,275.17,274.17,274.2,275.65,272.02,271.47,273.8,273.07,273.52,272.52,273.99,274.92,274.77,274.12,273.42,274.37,274.32,275.24,275.45,274.5,271.95,269.42,273.92,274.07,274.85,275.35,274.85,276.12,275.32,275.1,273.75,275.55,276.95,276.74,276.1,275.55,274.02,269.55,271.25,273.1,273.45,274.12,273.45,274.52,275.52,274.42,271.4,272.8,272.62,273.22,274.6,274.72,271.2,272.87,272.5,274.02,274.42,274.67,275.12,274.89,274.95,274.92,274.39,273.6,273.67,274.5,273.24,271.2,272.7,273.95,273.5,274.2,274.8,274.25,273.55,274.87,273.85,274.1,273.6,274.24,273.15,273.85,273.35,272.82,272.45,272.77,272.6,272.2,273.24,271.75,270.7,272.05,272.92,272.12,271.77,270.75,271.05,271.07,272.35,272.12,273.02,273.05,271.3,269.27,271.75,271.52,270.45,270.8,267.45,266.17,267.67,271.85,268.0,273.47,272.32,271.07,271.39,270.55,270.6,269.65,267.5,271.45,273.39,273.32,271.87,272.12,272.77,273.32,274.1,272.92,272.15,273.2,273.12,271.6,271.92,269.07,269.64,273.32,270.12,273.05,273.47,269.55,265.07,269.6,274.02,273.32,272.12,270.07,272.55,273.02,272.8,272.97,272.15,272.77,270.64,272.82,271.62,271.22,268.52,266.3,265.72,269.02,264.17,259.8,262.52,263.1,264.4,271.47,266.1,270.22,272.27,272.45,272.52,273.32,273.07,273.05,272.3,271.67,271.2,270.42,267.27,272.77,273.25,273.1,272.5,271.67,271.4,273.22,273.25,272.65,271.17,270.32,270.77,270.2,270.55,272.17,272.32,271.95,273.1,273.05,272.22,270.32,269.27,269.89,270.22,270.25,270.45,271.7,272.65,272.55,271.7,271.02,270.5,271.87,273.1,273.17,272.82,272.27,267.67,272.07,272.35,272.35,271.67,273.35,273.0,272.99,272.85,272.95,271.67,272.6,273.22,272.35,272.32,272.39,271.77,272.2,272.4,272.5,271.49,270.6,271.27,271.4,272.22,271.52,271.75,272.5,272.47,272.67,272.4,272.4,273.02,272.62,272.2,272.35,274.72,273.72,272.77,272.22,272.07,271.8,271.72,271.37,272.07,272.99,273.22,272.57,272.85,273.14,272.72,272.55,272.65,273.0,272.9,272.6,273.25,273.47,273.22,274.62
274.05,273.55,272.9,274.14,273.95,273.75,272.97,273.1,274.6,274.39,273.52,274.3,274.77,273.14,273.12,272.37,272.32,273.8,274.8,274.05,274.62,274.07,273.8,274.0,274.77,274.49,274.14,273.74,273.8,274.12,274.1,274.4,275.45,275.35,274.12,273.85,274.62,274.12,274.22,274.32,275.37,274.62,273.87,274.57,274.14,274.05,274.02,273.85,273.24,273.42,273.39,274.27,274.39,274.14,273.32,273.12,272.95,273.17,274.65,275.14,275.42,275.17,274.25,273.85,274.57,274.39,273.72,273.24,274.97,274.89,273.95,274.62,273.07,274.02,273.82,274.02,274.39,272.92,272.25,273.77,274.92,276.55,275.0,274.77,276.35,276.32,274.8,274.25,274.87,275.24,275.89,275.24,274.14,273.49,274.82,274.35,275.57,274.02,273.2,272.72,273.57,271.55,269.17,272.85,273.49,272.37,273.17,270.02,272.22,268.95,267.04,272.97,274.82,274.77,274.02,274.7,273.37,273.2,273.02,272.35,271.45,271.05,270.17,272.6,273.27,271.77,273.12,272.7,272.37,271.24,272.05,272.17,273.64,272.82,274.22,272.35,273.5,274.24,274.3,273.1,273.1,273.17,273.32,270.95,270.64,270.87,270.17,274.3,274.3,271.62,272.72,273.62,273.72,273.05,273.7,274.67,274.97,274.72,270.62,267.65,265.07,262.65,265.5,269.47,275.27,275.57,276.3,275.0,273.32,272.12,270.97,271.4,269.97,269.1,269.7,265.22,269.15,271.67,274.14,275.32,273.75,272.02,273.24,273.95,273.52,273.8,274.2,272.72,269.85,269.22,266.7,273.77,271.89,273.39,269.32,271.87,271.24,271.75,271.42,272.15,274.02,273.8,271.89,265.2,263.04,265.0,268.35,271.92,268.15,262.07,264.49,265.5,257.37,260.37,265.45,268.65,271.24,270.82,266.37,266.89,268.7,269.22,271.74,272.12,274.17,270.85,270.67,271.52,272.6,268.64,264.32,268.3,273.72,266.52,273.42,272.37,272.35,272.5,271.52,271.42,265.5,272.77,270.72,270.52,271.24,271.62,271.2,269.42,267.8,272.2,273.72,273.62,272.32,272.67,272.92,272.35,272.52,271.4,271.12,271.2,270.35,271.14,272.47,270.17,267.77,273.37,272.07,268.12,271.17,270.89,272.3,271.77,272.12,272.52,273.27,273.8,272.55,272.62,273.67,273.24,273.02,273.49,273.22,272.77,272.74,270.74,268.55,266.85,267.6,270.82,271.85,272.25,271.92,271.72,271.2,270.47,270.77,270.72,272.42,272.35,272.3,272.4,271.37,272.45,271.95,272.62,272.9,273.12,272.95,273.35,273.97,273.57,273.57,273.07,272.85,272.25,272.02,271.39,271.5,273.24,272.62,272.6,272.6,272.5,272.39,273.22,272.92,272.05,272.24,271.72,272.72,273.35,273.32,272.95,272.89,272.92,272.9,274.62,273.9,272.49,272.12,272.55,272.75,273.67,273.45,272.85,271.72,271.15,272.39,272.35,272.32,273.05,273.2,273.2,273.3,272.47,272.57,272.67,273.77,273.72,273.32,273.37,273.6,272.77,272.77
273.05,272.8,272.77,272.57,272.72,272.3,271.67,271.99,273.12,273.22,272.87,273.2,274.22,274.42,273.32,273.35,272.62,272.32,272.62,272.64,272.87,272.62,272.17,272.82,272.55,273.17,273.39,273.4,273.52,272.97,272.25,271.62,272.2,272.82,273.12,272.74,272.97,273.67,273.0,272.47,273.27,272.64,273.99,273.27,273.89,274.64,274.87,274.47,274.27,274.52,273.92,273.57,274.8,274.62,273.75,275.89,275.6,273.8,274.24,273.77,273.4,273.77,274.05,274.17,274.5,274.8,274.77,274.52,274.3,273.87,273.62,274.35,275.15,275.22,274.67,275.82,274.5,274.35,274.97,276.07,275.65,274.82,275.22,273.95,272.2,274.69,275.67,274.82,274.52,274.87,273.52,273.92,273.7,273.17,273.64,272.47,273.74,274.27,272.52,273.22,273.05,271.47,273.47,273.74,274.0,273.72,274.17,274.22,273.32,273.27,272.07,270.89,271.4,271.87,272.57,273.42,272.7,270.3,270.45,273.12,272.45,273.87,273.74,273.42,273.39,272.99,272.62,272.92,273.2,272.65,273.1,273.24,274.55,273.37,273.1,273.37,273.65,270.55,271.35,268.14,267.24,272.7,274.55,272.35,272.32,272.25,275.4,273.32,273.42,273.92,273.72,273.67,271.99,271.4,271.7,270.9,269.6,270.1,269.9,266.87,267.49,267.12,264.42,268.47,270.9,270.52,274.1,273.97,272.3,272.72,270.74,268.57,271.1,271.72,271.74,271.32,273.2,273.25,273.07,272.52,271.05,268.8,269.67,270.6,271.89,272.52,273.22,273.92,273.67,273.6,273.27,272.45,272.99,273.29,271.22,270.67,273.22,271.77,272.82,273.05,272.67,271.37,273.47,271.62,271.99,272.62,271.7,270.82,270.45,270.77,269.0,267.62,267.25,268.22,270.85,268.6,268.95,269.55,272.49,274.17,274.1,273.17,273.05,271.2,269.75,270.42,268.99,260.25,263.27,269.32,272.85,272.64,272.47,273.77,274.17,272.92,270.82,269.39,272.77,272.89,271.35,270.32,269.7,269.27,269.95,268.32,269.07,263.35,267.07,268.15,267.15,272.2,270.6,266.42,271.17,272.45,268.52,266.42,262.1,268.5,270.45,266.2,268.14,271.52,272.52,272.07,271.95,271.24,268.42,271.92,271.99,273.2,272.3,272.47,272.22,271.64,272.65,273.37,272.25,272.15,272.02,272.2,271.8,271.32,269.97,271.74,270.14,268.75,266.99,265.37,266.07,268.64,272.25,271.7,269.82,272.35,272.49,271.95,272.15,273.47,270.95,270.8,272.45,272.74,272.82,273.17,273.05,273.2,272.15,271.62,272.64,273.5,271.95,272.6,271.35,273.8,274.74,271.12,271.52,271.07,271.15,270.85,271.7,270.92,271.12,271.5,270.52,270.32,270.89,271.27,271.87,272.8,273.02,272.5,271.92,271.82,272.57,272.62,272.32,272.4,272.67,272.9,273.45,272.57,272.0,271.65,271.97,272.57,272.72,272.95,272.14,272.3,271.92,272.1,271.57,271.95,273.4,272.55,271.95,272.45,272.94,272.49,271.95,272.4,272.64
272.85,273.6,272.95,272.62,272.5,272.95,272.52,273.2,272.57,272.62,272.77,272.67,272.52,272.45,272.12,272.7,272.92,274.2,274.67,273.57,274.12,274.24,273.95,273.47,273.3,272.9,272.87,273.52,272.9,272.42,272.77,272.52,273.02,274.02,273.85,272.87,273.85,274.37,273.77,273.65,274.6,274.65,275.27,275.1,274.64,275.27,275.07,275.1,275.62,276.02,275.97,275.57,275.32,275.12,274.74,275.37,275.32,274.25,274.97,274.42,274.42,275.1,274.9,273.87,273.14,272.02,271.92,272.42,274.72,274.45,274.47,274.77,273.82,273.67,274.12,271.87,273.92,275.4,275.85,275.92,275.64,276.3,275.62,275.35,274.72,273.9,273.47,273.95,272.67,271.35,271.95,274.67,274.87,274.22,274.37,274.27,274.0,272.32,269.42,272.72,272.97,273.22,272.2,273.77,274.17,273.87,274.14,274.87,274.12,270.8,271.35,272.95,274.25,274.57,275.32,274.27,274.07,275.15,274.3,275.17,273.42,274.47,274.62,273.45,273.72,273.8,274.42,274.4,274.3,274.85,274.12,274.39,274.7,274.47,274.4,274.17,273.87,274.24,273.87,273.8,274.27,273.52,272.07,270.49,271.17,273.77,273.35,269.97,268.49,269.24,269.02,267.02,266.67,268.07,270.02,274.7,273.87,274.1,274.14,274.97,274.17,273.8,273.92,273.32,273.07,273.92,273.2,273.97,272.62,273.97,274.1,272.37,272.67,272.95,273.42,273.42,272.82,272.67,273.32,272.7,269.4,267.62,270.17,271.8,269.82,267.02,270.67,272.9,273.82,275.07,273.7,273.12,272.45,272.37,272.35,274.67,273.15,271.55,272.97,274.1,274.2,273.4,273.72,273.37,272.72,271.6,269.45,271.72,273.52,272.99,272.89,272.35,272.9,272.85,273.85,274.3,271.07,268.72,269.42,272.52,273.64,273.32,273.32,267.32,263.45,260.65,264.47,263.15,270.35,266.9,264.05,266.12,266.05,260.67,267.97,271.4,270.6,268.6,268.87,261.47,271.8,267.24,263.12,260.22,262.37,271.82,274.5,271.7,270.02,267.72,268.17,263.57,265.87,272.12,272.72,272.27,272.85,271.52,273.45,271.97,269.37,269.7,267.87,267.35,272.92,273.35,274.14,273.3,272.32,273.12,274.32,270.2,270.95,272.67,270.55,272.85,272.7,272.7,273.35,271.8,271.57,271.52,271.17,272.07,270.55,269.67,272.77,272.65,270.65,270.22,270.62,271.22,269.74,271.52,270.37,268.87,271.1,270.7,271.62,271.22,273.1,272.9,270.12,269.77,271.62,267.4,265.17,267.8,269.55,271.12,272.82,272.57,273.12,271.7,271.39,270.99,272.77,271.12,272.27,271.57,270.74,271.5,271.0,271.02,271.72,272.97,272.45,272.12,272.12,271.75,271.42,271.45,271.67,271.17,272.47,272.07,270.9,270.35,271.7,272.12,273.25,271.72,271.7,271.82,272.65,272.37,271.57,272.14,272.1,272.95,272.72,272.87,271.97,271.67,271.52,271.32,271.55,271.82,271.82,271.82,272.37,271.67,272.22,272.47,273.5
273.5,273.13,272.85,274.1,274.02,273.63,272.77,272.75,272.47,272.5,272.68,273.3,274.75,274.25,274.77,275.22,274.4,273.62,274.25,273.62,273.2,273.95,274.05,273.25,273.12,274.12,274.6,274.0,273.62,274.87,274.72,273.4,273.7,274.87,277.4,275.32,274.57,274.88,273.55,273.22,272.97,273.95,274.28,273.9,274.85,275.82,275.0,274.85,275.8,275.37,274.65,273.57,274.25,274.9,274.2,273.25,273.1,273.82,274.4,273.3,273.85,273.8,273.82,274.9,274.12,273.58,273.75,273.3,273.57,273.97,275.1,276.2,276.55,276.75,277.1,276.02,275.65,274.05,273.65,273.32,273.0,272.82,275.43,275.88,275.0,271.95,270.88,272.97,274.95,274.15,273.15,271.43,270.12,271.08,272.92,273.57,274.22,273.97,271.93,274.93,275.5,274.8,275.02,273.65,274.15,272.2,272.62,272.1,271.25,272.97,273.13,273.9,273.68,271.43,272.82,273.4,273.6,272.9,271.85,272.53,271.88,271.75,272.0,271.27,272.32,274.47,274.7,275.55,273.57,270.77,273.22,273.55,274.93,275.45,275.3,275.52,274.9,272.32,271.18,272.68,268.43,273.93,273.6,270.75,274.1,272.25,268.2,268.3,265.25,264.08,265.88,266.37,271.22,273.22,268.12,264.47,263.25,264.55,267.23,273.12,273.77,273.15,270.32,270.68,267.2,261.28,261.82,264.63,267.07,269.3,271.2,273.18,273.9,273.07,270.43,269.62,266.3,269.32,271.22,269.3,270.77,270.07,267.78,270.18,261.87,269.53,268.38,274.35,266.1,268.53,270.3,269.18,252.35,251.0,249.7,262.82,272.0,264.43,262.72,273.3,273.62,272.18,272.32,273.38,272.4,271.5,270.4,273.1,272.68,273.03,271.8,272.2,271.75,272.52,272.9,273.87,274.22,273.32,272.47,272.45,271.25,270.98,270.55,272.45,272.75,273.28,272.5,272.85,272.65,272.3,268.2,267.78,265.52,260.03,260.95,269.75,263.53,272.1,271.1,272.1,273.0,272.55,272.32,271.35,273.75,274.15,273.93,273.18,273.57,273.03,272.9,272.37,272.05,273.4,272.75,271.98,272.37,271.85,271.6,271.68,272.85,272.87,273.85,272.9,272.5,271.35,270.75,271.32,272.38,270.25,270.0,270.62,270.0,270.27,270.48,271.0,268.63,269.78,272.18,273.62,271.72,268.23,264.93,268.03,269.03,269.07,268.8,270.32,270.8,269.15,273.43,271.58,269.05,265.68,265.47,266.6,268.65,271.55,269.6,267.0,266.3,266.03,268.08,269.82,271.2,273.18,272.2,270.8,270.32,271.25,273.65,273.97,272.53,271.57,270.8,271.25,271.35,271.2,270.9,270.57,270.2,269.27,270.75,273.25,272.47,271.82,271.78,272.1,272.72,273.53,273.68,273.0,272.38,273.28,273.88,272.95,273.15,273.78,273.25,273.8,273.75,273.82,272.82,272.97,274.35,274.28,273.08,272.97,273.6,273.18,273.15,273.57,272.95,272.25,272.15,272.93,273.0,272.6,273.4,273.05,272.98,273.9,274.95,274.52,274.55
274.55,274.3,274.13,274.38,275.65,275.18,275.07,274.47,273.9,273.07,273.5,273.3,273.72,273.97,274.07,273.47,273.32,274.38,274.1,273.8,273.8,273.87,274.93,274.2,273.5,272.72,274.0,275.32,274.82,274.05,274.25,275.43,275.68,275.9,275.65,275.35,275.47,275.5,274.35,274.07,275.3,275.5,275.8,274.4,275.3,276.35,274.48,274.6,274.65,276.78,274.57,274.35,274.5,273.22,273.32,273.5,274.22,274.52,274.97,274.75,274.18,273.6,273.43,274.57,274.3,274.35,274.0,274.15,274.8,274.97,273.93,274.07,274.8,272.8,269.28,271.8,273.63,275.13,275.45,276.25,276.93,276.13,275.9,275.7,276.17,276.85,277.1,275.75,274.82,275.28,274.9,275.47,275.32,273.9,274.18,274.18,275.28,275.1,274.75,273.95,273.32,275.9,277.2,278.02,277.6,276.7,276.65,277.2,276.5,275.05,276.1,276.5,275.6,274.82,274.28,274.45,271.8,274.82,273.05,272.1,270.32,271.0,272.68,269.72,270.18,267.75,272.37,275.45,274.18,273.68,274.75,273.72,273.35,273.7,274.03,274.05,275.63,274.22,273.37,275.05,275.4,275.68,275.55,275.6,274.1,273.65,273.2,273.1,271.55,271.5,271.5,270.88,268.7,269.6,267.83,268.25,273.27,273.65,273.7,274.93,274.5,275.5,275.43,273.65,272.4,273.2,273.82,273.78,273.57,273.5,272.53,271.75,269.93,273.3,275.53,273.85,269.68,272.22,274.32,273.32,273.6,271.88,271.75,268.37,272.05,272.07,267.4,266.53,271.05,270.27,274.87,274.68,272.32,272.57,273.38,273.02,272.8,273.15,269.47,267.8,268.93,270.53,270.6,274.22,274.57,272.75,271.32,272.78,272.65,270.75,271.2,273.13,268.6,272.6,274.0,274.66,273.98,273.88,273.15,272.18,271.83,271.2,269.63,268.8,272.18,269.63,269.98,268.45,267.03,266.48,264.3,264.93,269.73,264.48,271.6,273.08,273.85,272.6,273.75,274.16,273.63,272.48,272.13,273.03,271.38,268.48,263.45,268.93,270.58,269.63,271.08,268.93,268.58,272.05,273.63,273.73,274.25,272.9,273.2,271.8,272.38,264.78,268.88,274.33,271.33,271.45,272.05,270.5,267.35,266.48,267.85,265.58,263.53,268.48,268.93,262.5,260.53,269.58,270.7,271.38,272.55,272.63,273.43,273.95,271.95,268.08,271.95,272.35,271.88,271.58,271.08,272.63,273.05,272.55,265.95,272.38,272.03,270.03,269.28,269.6,269.98,269.45,267.7,267.95,274.63,271.38,271.9,271.35,271.2,271.13,271.08,271.98,272.95,273.55,273.15,271.68,271.78,272.15,271.75,272.28,272.18,271.93,273.0,272.4,272.35,271.66,272.13,271.95,271.35,272.28,273.65,274.85,275.93,276.93,275.98,273.93,273.4,273.08,273.53,273.08,272.05,271.95,272.2,272.38,273.53,273.98,273.0,273.2,273.38,272.75,272.2,271.85,271.55,272.25,273.58,273.85,273.28,272.45,271.68,274.28,273.75,273.48,274.33,275.28,272.9
273.68,273.95,273.35,273.53,273.91,273.5,273.0,272.23,271.98,273.5,273.6,273.43,273.03,273.33,272.1,271.8,271.45,273.08,273.03,274.0,274.78,274.93,274.63,274.4,274.23,274.73,274.45,274.08,273.95,275.5,274.23,273.2,275.65,274.95,275.38,275.5,274.55,275.85,274.91,273.73,274.7,275.55,275.75,275.1,274.58,274.78,274.0,274.18,275.25,276.31,276.05,274.53,272.9,273.9,276.75,277.28,277.36,275.85,274.58,274.48,275.28,275.03,274.1,274.63,274.35,273.73,273.83,277.85,277.03,274.93,274.3,273.13,272.5,273.0,274.33,275.38,274.48,274.85,274.3,273.95,274.13,272.55,273.13,272.56,274.03,273.9,273.63,274.68,276.25,274.95,272.93,273.95,273.41,272.43,272.75,274.23,272.6,273.65,274.88,275.43,274.95,272.85,272.88,274.0,272.2,273.63,274.05,274.38,275.1,274.63,276.63,277.13,276.85,274.83,274.08,273.05,272.25,271.41,270.75,273.1,273.95,274.88,274.73,273.43,272.3,272.68,273.83,269.68,273.13,272.78,274.6,273.98,274.93,276.25,276.48,276.7,275.63,275.03,274.7,274.43,273.35,272.83,273.95,272.93,273.48,273.85,272.7,273.58,274.25,274.18,273.75,273.66,272.33,269.55,269.73,272.33,270.48,271.25,272.98,274.2,274.1,271.98,269.98,273.7,273.7,273.2,273.95,273.31,274.13,273.75,272.95,272.75,273.4,272.73,272.05,273.23,273.75,271.6,269.65,273.08,273.03,271.25,270.91,272.16,272.4,267.25,273.8,270.18,269.08,273.48,267.91,271.38,274.5,274.41,274.55,274.25,274.85,274.85,272.95,272.63,272.58,270.23,268.5,270.48,269.78,272.53,272.9,264.45,261.8,262.83,267.15,269.35,268.37,273.05,271.95,268.0,272.43,269.05,269.7,272.85,270.52,271.22,270.35,268.95,264.88,265.7,271.15,270.02,272.7,272.65,271.5,272.22,265.7,268.78,251.4,260.68,263.38,270.62,256.88,271.53,263.97,259.97,269.08,256.9,261.6,269.93,256.57,251.8,253.68,267.45,262.63,273.07,273.43,272.93,271.02,271.82,269.0,266.85,265.95,260.07,254.45,253.93,256.93,257.85,258.1,266.0,259.63,262.93,269.68,270.85,272.47,271.9,271.73,270.93,251.9,257.2,271.15,272.6,268.8,259.0,269.38,272.95,272.95,272.82,269.78,268.45,267.25,265.02,262.47,265.75,273.65,272.82,271.18,268.75,268.3,271.82,271.6,272.05,273.2,272.85,271.45,271.45,271.7,271.3,272.32,274.22,272.0,272.45,271.47,271.05,270.2,270.07,273.3,274.32,273.8,272.45,271.85,272.7,272.2,271.52,270.85,269.88,270.07,270.18,271.82,271.25,271.03,271.93,271.6,271.77,271.93,271.63,270.68,270.6,271.57,271.68,271.5,271.5,272.7,271.77,272.27,273.3,271.62,273.57,272.95,272.9,273.05,272.18,272.23,273.27,273.9,273.93,273.95,272.37,271.35,270.95,271.52,273.5,274.8,273.8,273.47,273.95,274.37,273.7,273.75
273.9,274.05,272.85,272.88,272.9,273.1,273.0,272.78,273.38,273.63,273.27,273.05,272.85,273.23,274.9,274.4,274.2,274.75,275.28,274.77,274.5,273.55,274.18,274.43,275.1,273.1,273.03,273.27,275.25,276.95,276.05,275.27,274.78,275.0,274.12,274.45,275.43,276.05,276.05,277.63,275.75,275.38,274.18,275.8,275.15,274.75,274.6,272.75,274.0,275.02,274.35,274.8,274.4,274.47,275.03,274.65,273.7,275.62,275.63,274.75,272.7,274.25,274.35,273.82,273.85,275.4,276.47,275.37,274.45,274.82,274.03,275.3,273.82,274.52,275.05,275.25,275.53,274.05,272.85,272.38,272.6,272.93,273.18,272.02,273.3,273.2,274.02,274.03,272.2,273.75,277.87,275.05,274.52,274.35,274.47,274.18,274.12,273.7,274.82,274.35,274.68,272.45,273.9,273.65,272.45,271.77,270.97,272.38,274.57,273.7,270.6,273.25,275.58,273.58,271.33,271.88,273.4,272.8,270.75,272.0,271.58,270.35,274.08,274.0,272.16,274.05,274.7,273.83,274.0,272.33,271.48,272.8,273.33,271.48,270.38,272.3,272.55,274.85,275.88,272.88,273.1,273.6,272.03,268.73,271.18,273.5,273.7,274.53,273.85,272.28,266.9,271.41,266.08,267.48,270.86,267.53,266.13,264.83,263.31,265.13,264.85,268.8,271.23,274.3,274.7,274.6,275.7,274.93,275.53,276.28,274.6,274.4,274.0,270.8,270.83,269.45,272.16,270.18,269.63,272.66,274.5,271.75,272.43,270.55,274.08,272.63,274.45,272.58,272.8,274.0,273.35,272.35,271.1,272.08,274.05,272.48,274.0,272.7,273.63,273.23,272.53,271.85,271.43,269.93,272.65,272.55,272.7,268.85,269.03,260.28,265.83,270.63,270.63,270.03,268.38,258.15,265.23,272.63,270.4,268.88,263.98,260.1,266.88,270.55,266.08,267.4,262.2,256.2,254.28,263.91,272.6,271.75,272.98,272.43,270.85,272.4,269.95,265.93,271.41,271.63,271.5,273.78,272.38,270.53,271.8,272.3,273.4,273.43,272.83,272.35,271.28,271.45,272.73,273.73,273.05,272.08,271.38,271.63,272.13,272.98,270.25,269.43,270.41,270.23,271.18,272.56,272.91,271.8,272.1,271.8,272.15,272.93,272.38,272.45,272.98,273.03,272.15,270.88,270.6,269.85,269.13,269.68,270.53,268.41,269.6,273.25,274.38,273.28,272.3,271.05,270.13,271.85,271.83,272.3,272.18,271.7,271.58,272.48,272.03,273.1,273.2,272.73,271.53,270.93,272.65,272.25,271.75,273.45,273.93,275.2,275.33,273.38,272.33,273.78,274.58,273.2,274.28,273.3,274.06,273.48,273.23,272.13,271.2,271.9,272.03,271.65,272.03,272.43,272.48,272.18,271.53,271.7,272.88,272.73,269.75,270.25,272.1,272.43,274.75,273.48,272.63,272.28,273.2,273.23,273.7,272.98,272.8,273.0,272.55,271.88,273.38,274.85,275.33,274.85,274.08,274.13,274.78,274.75,274.08,273.95,273.58,274.18,275.23,273.7,273.45
274.45,275.2,274.53,274.43,274.33,274.15,274.48,274.85,274.7,274.45,273.83,274.6,273.45,274.2,275.1,276.18,275.8,274.83,275.35,276.6,276.65,276.1,275.23,275.5,274.7,274.28,274.35,275.2,276.73,276.7,276.5,275.88,276.53,276.98,277.6,278.03,276.35,276.18,277.78,276.83,277.1,276.35,275.55,275.83,275.13,275.03,275.58,276.05,274.13,273.48,276.66,278.1,279.3,278.08,277.1,276.28,275.63,276.28,277.2,275.88,276.08,273.33,273.91,274.73,275.83,274.13,273.63,275.95,275.15,274.45,274.35,274.78,275.35,274.85,274.73,274.2,274.55,276.35,276.6,275.28,273.83,273.63,275.15,274.33,274.78,275.3,273.5,274.03,274.38,273.83,275.83,273.8,275.0,273.75,272.58,272.13,273.1,273.56,272.7,271.38,273.3,272.23,273.7,274.8,272.3,272.93,273.53,270.7,273.7,274.93,275.43,274.0,273.23,272.66,274.05,274.13,275.13,275.13,274.78,274.63,273.88,274.05,273.4,273.08,273.93,272.15,271.05,273.25,272.55,272.18,270.3,269.65,271.16,268.5,269.6,270.95,274.38,274.45,272.15,274.38,275.33,274.15,271.58,271.3,272.7,273.43,273.33,273.08,271.55,272.25,275.16,274.78,273.58,273.83,273.9,273.25,270.85,269.68,270.88,273.25,276.03,275.53,274.1,273.83,274.85,274.33,274.48,273.3,272.05,270.5,268.35,270.45,272.73,274.05,274.13,274.7,275.63,275.28,274.05,273.28,272.58,271.8,272.33,272.13,269.95,271.43,272.65,273.18,270.2,266.68,264.28,265.43,268.78,269.33,264.18,267.65,272.85,273.45,272.5,270.18,272.45,269.8,272.68,272.45,274.38,271.88,269.5,270.35,273.8,274.78,274.15,274.6,273.53,273.75,274.03,273.73,273.65,272.68,272.63,272.33,272.33,273.0,273.1,272.9,271.78,273.35,271.83,271.53,271.65,274.85,275.98,275.1,274.28,274.75,273.65,272.08,272.13,272.5,272.73,273.05,271.8,271.7,269.18,272.15,273.68,271.83,273.5,273.33,272.25,270.08,272.05,271.13,268.3,268.35,272.35,268.2,269.28,263.53,262.25,264.93,265.66,268.35,270.28,272.03,273.3,272.35,272.8,272.5,271.73,273.25,269.73,266.0,269.23,271.58,272.7,274.18,272.5,272.75,273.03,272.56,271.1,271.05,274.45,275.2,273.53,272.53,271.75,272.85,274.48,273.8,273.2,271.93,272.38,271.25,269.8,271.05,273.16,272.45,272.2,270.83,270.6,272.65,271.68,268.53,269.63,272.91,272.63,271.03,268.33,272.58,272.73,271.73,271.9,272.25,271.33,270.3,269.1,269.15,272.03,272.58,273.68,273.23,273.5,272.58,272.25,272.45,272.18,273.13,274.85,273.7,272.53,272.08,271.93,272.65,272.53,272.45,271.58,271.7,271.18,271.6,271.98,271.9,272.4,272.48,272.5,272.58,272.15,272.7,273.8,274.2,273.58,273.53,273.13,272.75,272.53,272.08,272.7,273.25,273.18,273.2,273.48,273.0,272.6,273.2,273.88
273.53,273.4,273.86,275.2,276.25,277.06,276.25,276.23,275.3,274.65,274.45,274.63,274.65,274.65,274.35,273.88,274.53,276.55,277.3,279.53,280.68,278.35,276.53,277.38,277.55,276.48,276.1,276.43,276.08,275.53,274.65,274.48,274.43,274.98,274.58,274.78,275.9,276.53,277.25,277.55,277.66,276.15,276.0,275.66,275.38,278.28,277.13,277.41,278.1,277.23,275.48,276.68,276.1,275.4,274.68,274.3,274.28,275.1,275.3,276.83,277.13,275.98,275.38,277.1,277.63,278.4,277.66,277.45,276.55,275.95,275.93,276.13,276.35,277.13,275.5,272.68,270.35,273.5,274.68,276.15,275.88,276.08,274.48,274.43,276.13,276.0,275.55,274.78,275.48,275.31,275.03,275.4,274.41,274.7,274.23,273.48,273.78,273.3,273.45,273.08,273.7,273.93,272.38,269.83,270.3,275.3,276.83,274.88,273.35,272.55,271.7,272.8,272.5,275.5,275.5,274.78,273.78,273.93,274.85,275.85,275.35,275.0,273.95,273.95,275.23,274.48,274.25,274.15,272.98,274.5,273.65,273.48,272.98,270.18,271.2,274.05,274.48,274.63,274.4,273.53,273.4,274.38,271.55,273.5,275.43,275.25,275.6,274.25,272.98,271.66,271.35,274.2,273.38,272.5,272.7,273.88,273.25,273.1,272.53,273.33,270.16,273.41,273.2,271.73,269.1,271.7,269.73,267.58,267.6,269.38,269.25,269.33,274.5,274.43,273.98,271.63,269.73,271.75,274.05,273.75,274.58,275.05,272.28,267.1,263.7,266.05,266.5,273.03,275.05,276.38,277.08,275.93,275.23,275.45,273.35,272.8,275.1,274.38,271.78,270.83,271.1,272.93,274.28,269.83,265.03,265.93,268.5,272.5,269.33,265.65,266.08,273.55,270.91,267.38,270.2,269.25,267.31,266.93,266.73,262.83,261.75,265.45,267.28,262.3,264.98,273.4,273.98,274.23,274.28,273.2,272.33,270.48,268.38,269.13,271.43,273.75,273.15,269.78,273.45,272.43,271.93,271.13,270.33,270.33,268.55,266.5,266.0,269.35,273.6,272.58,274.13,273.78,273.88,273.55,272.78,274.98,275.73,275.0,273.88,274.48,273.2,271.28,272.13,269.95,273.65,273.08,274.43,272.88,272.25,271.45,273.03,270.68,270.05,268.6,271.53,272.7,270.38,271.98,273.95,272.13,268.08,273.0,272.75,271.56,268.45,270.85,271.48,265.41,264.38,266.33,273.03,272.95,270.81,271.43,271.1,270.33,270.43,270.8,268.85,270.45,269.1,267.55,268.05,270.38,270.5,270.4,273.23,273.43,271.98,270.13,270.98,272.41,272.65,272.2,271.7,273.58,272.25,272.4,271.25,270.5,271.6,270.75,270.68,272.6,272.43,273.7,274.0,271.41,271.88,271.45,271.73,272.28,273.63,273.28,272.13,272.13,272.73,272.9,274.7,273.63,272.3,272.45,273.58,273.56,271.55,272.68,273.68,273.0,274.0,274.0,274.25,275.18,273.23,272.65,273.6,273.28,273.55,272.8,272.91,273.98,273.8,273.53,273.45,273.28,273.35
273.45,273.82,273.72,273.93,273.88,273.25,272.5,273.57,274.7,274.82,274.45,273.7,273.85,274.68,276.15,275.57,275.25,275.07,275.45,275.25,275.35,275.6,275.57,276.05,275.13,275.4,275.65,274.72,275.28,275.88,274.12,275.45,275.18,275.93,275.4,274.82,275.1,275.93,275.72,276.37,276.2,275.2,274.65,275.43,274.55,273.25,273.37,275.25,275.72,274.4,275.72,274.9,274.37,273.35,273.72,275.18,275.75,275.75,275.62,275.57,275.15,275.3,275.18,276.07,275.7,274.53,275.07,274.8,274.52,274.47,275.5,274.72,274.08,271.63,270.45,271.02,275.3,275.78,275.12,275.68,274.8,274.57,275.2,273.95,275.22,275.15,274.87,275.65,275.5,275.25,274.62,274.07,273.87,273.5,270.4,269.77,271.18,270.6,270.8,274.32,275.53,277.05,275.07,274.3,274.03,273.65,272.22,272.95,274.22,272.77,273.62,274.02,273.5,272.82,275.05,275.13,273.97,274.47,274.28,274.35,275.32,274.27,272.02,271.85,272.15,271.35,272.7,271.22,270.0,270.03,270.1,271.22,270.97,270.5,269.6,270.15,273.93,272.43,272.93,272.45,271.78,269.57,270.07,270.43,269.1,269.6,274.68,273.7,273.1,273.72,272.95,275.22,275.07,274.82,275.65,275.25,274.45,273.75,273.45,272.82,272.8,274.0,272.57,273.55,273.78,273.7,272.32,273.07,273.63,273.47,271.55,274.0,272.93,272.4,270.35,268.82,268.5,268.35,271.43,272.3,271.78,270.02,265.83,263.93,261.18,260.53,259.73,262.7,271.65,269.97,272.5,272.1,271.55,271.57,272.47,271.47,271.9,271.62,272.68,273.72,273.7,274.4,273.28,271.88,272.05,272.07,272.47,272.28,271.37,271.82,271.78,273.32,273.38,272.88,272.4,271.27,266.55,267.32,269.88,272.97,272.77,266.35,268.4,272.4,263.32,261.43,261.52,260.53,263.3,272.0,272.55,267.18,262.43,256.08,255.43,257.68,268.95,267.3,271.2,270.25,271.53,268.93,271.55,272.2,272.03,272.7,271.87,270.95,272.43,271.45,272.6,271.38,272.63,270.56,271.78,271.93,272.83,272.5,271.65,272.5,273.15,272.75,272.06,273.35,273.33,271.53,271.6,273.3,272.45,271.75,273.3,271.7,269.83,270.83,270.88,269.15,267.43,268.3,272.58,273.28,273.41,272.85,270.35,272.33,272.75,272.53,272.35,272.28,271.65,273.05,272.65,270.85,270.23,272.43,271.23,272.43,272.23,272.5,272.35,272.88,272.68,271.91,272.43,271.66,271.13,271.08,270.05,268.68,269.1,271.13,271.38,272.5,272.23,272.5,272.08,271.66,271.3,271.38,271.48,271.75,273.3,273.18,272.43,272.58,272.23,271.95,271.4,272.38,271.15,271.6,272.58,273.38,273.35,273.56,273.45,274.85,273.05,272.83,273.75,272.55,272.8,273.33,272.83,273.38,271.53,272.38,273.28,272.93,273.1,272.5,271.95,271.4,271.8,272.35,271.63,272.65,270.68,271.91,272.75,271.78,273.03,273.0,272.68,272.68,272.83
272.87,273.9,273.15,272.9,273.5,273.22,273.6,274.5,273.77,273.6,273.8,273.78,273.82,273.72,273.8,273.73,274.27,274.1,273.92,273.55,273.27,273.78,274.28,274.1,273.5,273.3,273.58,273.43,273.03,273.73,274.0,276.0,276.98,276.18,275.16,274.88,274.58,274.38,274.93,274.63,273.73,274.03,275.0,274.9,274.68,274.2,273.78,273.55,272.43,274.05,273.88,274.55,275.03,274.88,274.1,273.85,273.73,273.2,273.75,274.43,275.23,274.85,273.98,274.43,275.4,275.88,275.3,274.81,274.53,274.2,273.7,275.06,275.33,275.28,275.78,275.15,274.63,274.83,274.3,273.28,273.08,273.78,274.0,273.85,273.0,272.38,271.98,272.53,274.38,274.6,274.68,275.0,274.15,273.6,274.13,274.28,274.83,274.9,274.5,273.65,273.43,271.48,275.08,274.0,274.03,273.9,274.05,274.63,274.8,273.48,270.08,268.65,269.08,269.2,267.45,267.95,268.13,269.98,273.85,274.03,274.08,272.78,271.5,270.05,270.65,269.98,269.35,268.9,267.83,271.53,270.58,269.93,271.45,268.73,267.85,267.93,268.65,270.6,272.0,269.68,270.68,272.13,272.73,272.41,272.08,270.13,274.0,275.88,274.45,273.28,272.75,272.63,270.83,274.25,275.58,274.05,273.25,273.65,273.0,269.0,273.38,270.65,269.38,273.5,272.13,270.88,270.03,268.1,270.63,262.3,264.9,265.3,270.18,264.45,267.58,276.25,274.83,275.2,274.08,273.8,271.93,270.3,268.63,269.48,269.35,267.48,264.16,262.13,262.18,266.05,262.13,251.35,257.23,267.7,271.4,265.03,263.88,275.1,274.3,271.06,267.85,273.13,274.5,272.1,271.93,265.35,267.85,271.98,271.25,274.0,271.98,272.6,273.16,271.8,271.45,272.13,271.95,271.68,269.3,267.66,264.28,268.5,272.95,267.38,268.33,270.98,271.38,271.93,272.7,272.8,272.23,271.73,272.58,271.1,268.1,268.63,271.93,267.2,272.15,265.63,264.33,266.13,268.68,267.03,266.23,262.1,269.75,268.33,272.5,272.08,267.35,269.66,272.55,268.18,263.6,268.95,269.95,268.87,265.75,263.35,258.85,258.82,268.67,272.77,268.9,267.67,266.52,270.35,273.82,273.9,272.4,269.95,267.47,264.82,262.15,257.15,261.17,273.85,272.8,269.82,272.57,269.18,269.0,269.77,267.4,274.6,273.57,268.82,267.7,268.2,263.47,263.02,261.4,262.9,264.47,265.12,271.97,267.67,265.27,265.65,264.5,263.35,268.85,271.37,270.22,269.3,264.9,267.4,273.2,273.7,270.1,269.87,272.85,271.03,270.82,271.18,271.35,270.97,271.87,271.95,271.07,270.35,271.53,271.37,271.85,271.32,271.45,271.62,270.45,270.68,270.82,270.57,270.6,271.8,272.12,272.42,271.3,272.55,272.4,273.17,272.47,273.02,271.92,271.7,272.67,272.8,273.42,272.45,272.75,272.22,271.9,272.07,271.92,271.42,271.52,271.37,271.12,271.47,271.72,271.37,271.9,272.52,273.85,274.65,273.5
272.97,272.72,271.77,271.97,271.85,271.62,271.4,272.55,273.15,272.47,273.37,273.75,273.57,273.75,273.42,272.92,273.45,273.37,273.2,273.47,273.7,272.85,271.82,272.27,273.0,272.1,273.17,272.87,272.77,274.0,274.2,273.02,273.42,273.05,272.52,272.02,272.97,271.95,273.67,274.22,273.62,272.22,272.35,274.8,277.52,276.45,275.2,275.37,275.92,276.3,277.45,276.18,275.05,275.75,275.02,276.03,275.17,275.27,274.87,275.85,275.47,275.35,274.27,274.17,275.4,275.77,274.95,275.25,275.52,274.9,273.9,274.42,276.2,276.45,273.52,276.77,276.45,275.52,275.07,274.6,273.72,274.47,274.1,273.62,273.4,272.2,274.5,274.97,274.37,274.0,273.8,275.65,277.43,274.37,274.47,273.22,272.5,273.2,275.15,275.27,274.82,275.2,274.77,272.22,271.4,272.02,270.6,271.03,271.6,274.9,276.15,275.55,275.02,274.02,274.22,273.57,272.67,272.6,271.82,269.05,268.75,270.02,272.9,273.75,273.0,273.0,275.32,274.22,273.55,273.4,273.6,272.62,275.25,274.65,274.47,272.97,270.85,271.6,274.22,271.67,271.85,272.82,272.67,271.9,273.05,274.22,270.57,270.07,270.5,274.3,273.55,269.45,272.2,270.22,269.52,270.65,272.85,272.6,269.5,271.05,271.67,268.47,269.97,264.95,270.95,271.6,268.45,276.4,276.1,274.8,273.0,271.85,270.02,266.17,265.57,272.82,270.98,270.75,267.75,267.97,269.32,268.45,265.95,268.2,274.12,273.1,271.97,270.95,269.72,269.3,270.8,272.65,274.6,275.45,274.1,270.12,272.2,272.77,268.95,270.5,269.3,271.5,271.17,272.47,272.37,270.87,267.0,267.2,268.62,272.68,272.85,273.17,271.85,271.27,272.32,272.65,268.85,270.42,271.65,272.52,263.12,261.8,269.75,273.05,272.55,272.8,264.5,268.05,273.4,273.87,273.82,271.45,270.87,269.68,266.05,266.3,268.1,267.4,263.72,263.75,260.97,263.9,270.82,272.97,268.95,263.67,258.92,262.1,272.45,273.25,274.12,273.73,273.82,273.57,272.65,270.67,265.4,265.27,266.07,273.55,271.7,266.77,264.95,269.32,273.45,271.6,266.12,271.72,272.3,272.43,270.85,272.82,269.27,271.87,270.42,271.05,272.3,273.1,271.87,272.22,271.1,270.25,267.55,270.9,267.22,269.67,272.87,269.82,273.1,270.62,272.4,271.57,270.65,272.1,270.67,270.7,269.6,272.07,272.25,269.2,272.37,271.12,270.65,271.1,270.67,269.45,270.52,272.5,271.17,270.02,271.05,270.7,274.37,270.78,270.67,270.68,272.87,273.25,272.02,271.95,271.25,270.53,270.32,270.6,269.82,270.57,271.18,271.2,271.2,271.37,271.5,270.7,271.0,270.92,271.37,271.5,271.8,271.27,270.72,270.35,271.82,271.8,271.95,271.82,272.75,272.95,271.55,271.32,270.32,270.97,271.77,272.55,271.87,270.95,271.17,271.55,272.42,272.47,272.67,272.87,272.65,272.77,273.52,272.82,273.43
273.02,272.3,272.35,273.62,273.15,272.12,272.25,272.1,271.67,271.52,272.1,271.85,272.12,272.15,272.2,272.35,273.6,272.8,272.2,272.77,273.17,273.75,273.62,273.0,271.67,272.77,273.9,274.07,273.75,272.07,272.95,273.45,273.1,273.12,273.55,274.67,274.07,274.57,274.37,274.43,273.37,272.92,274.1,274.62,273.6,273.67,274.35,274.92,274.57,274.62,274.27,274.78,274.85,274.17,273.95,273.32,274.55,273.95,273.82,272.47,272.3,273.75,272.92,272.52,272.4,273.12,273.52,272.97,271.45,273.35,275.03,275.43,274.4,274.02,274.7,274.25,274.42,274.07,273.78,273.4,273.55,273.05,273.22,272.97,273.22,274.1,273.67,273.57,273.35,272.97,272.0,272.2,273.1,273.0,271.67,270.18,271.7,271.82,270.9,273.68,274.35,274.9,272.5,272.22,275.07,275.87,273.77,272.8,271.95,271.87,270.5,272.5,272.25,271.87,271.52,270.37,273.53,271.8,271.92,273.7,273.35,275.25,272.07,268.55,267.9,266.8,271.05,271.57,273.17,271.57,273.6,273.87,273.65,273.2,273.07,272.37,271.8,269.42,268.85,270.62,273.7,272.8,271.32,272.65,273.12,271.5,271.4,272.92,270.57,270.32,270.27,273.02,273.92,272.12,272.05,275.87,273.72,273.6,272.82,273.62,272.95,272.3,272.05,272.95,272.25,272.3,272.67,271.1,270.42,273.2,269.25,262.55,259.87,263.27,271.17,260.07,261.65,265.22,256.15,256.55,271.47,274.05,274.32,272.47,273.95,272.8,272.7,271.25,271.47,272.1,272.18,268.5,268.95,272.82,268.2,269.45,272.87,260.92,252.37,253.22,252.92,246.45,245.85,248.27,257.65,266.4,272.85,273.67,266.87,262.87,261.47,265.17,264.07,270.25,268.05,266.75,273.53,272.67,273.07,273.5,271.87,271.72,271.8,273.07,272.15,274.65,273.6,271.82,268.45,267.95,273.62,272.7,272.9,271.75,271.57,272.57,273.05,272.0,272.55,272.4,272.5,272.15,272.17,270.9,269.35,267.62,266.7,267.22,269.4,272.2,273.6,273.95,273.37,272.7,268.75,269.17,268.47,265.4,263.27,258.72,257.32,259.2,264.02,270.17,271.1,271.18,258.7,263.67,269.5,272.03,272.43,272.42,273.05,272.7,273.07,273.77,272.92,271.82,273.1,272.8,271.92,271.5,271.3,271.7,272.47,267.4,269.32,271.47,271.0,271.35,272.7,271.55,270.35,270.92,271.25,269.2,273.53,271.6,272.07,271.45,271.27,271.28,270.15,268.75,270.95,272.35,270.95,269.12,268.5,268.92,269.67,271.82,273.22,271.42,271.32,270.85,271.07,271.85,272.35,271.52,271.2,272.35,271.55,272.78,272.27,272.85,273.0,273.07,272.37,272.2,271.85,272.9,272.25,272.87,272.75,272.87,273.22,273.28,272.52,272.97,273.25,273.15,272.82,271.97,272.42,273.3,273.35,273.17,274.02,273.25,273.15,273.35,272.55,272.72,274.02,275.42,274.75,273.72,274.05,273.37,273.62,273.17,273.7,273.35,273.45
273.37,273.65,272.9,273.55,275.45,274.13,273.8,274.22,274.18,273.68,273.7,275.65,274.67,274.33,274.45,275.35,274.88,274.8,275.75,275.6,275.1,275.07,275.38,275.03,274.1,274.3,275.2,274.1,274.25,274.07,274.8,274.68,273.78,274.3,273.47,272.8,272.02,271.5,273.9,273.75,273.68,273.12,273.13,272.73,272.9,273.02,273.0,275.07,275.43,274.87,276.13,274.68,274.4,276.13,276.22,275.57,274.42,274.87,274.35,275.15,275.47,274.2,273.17,272.32,272.95,274.25,274.05,274.03,276.18,277.02,276.8,276.25,275.0,272.97,271.88,273.37,274.03,275.15,273.28,274.75,276.43,274.93,275.63,278.03,275.63,274.65,274.45,273.87,275.05,274.65,273.53,273.87,273.57,273.32,273.47,272.88,274.25,274.5,273.95,273.82,273.03,271.15,272.55,271.85,273.5,274.72,272.95,272.57,273.43,274.08,275.53,275.83,274.02,275.43,273.97,273.4,274.18,273.45,274.05,273.53,273.33,271.28,271.18,273.1,273.43,273.6,274.07,274.43,273.63,273.72,273.32,273.07,272.82,273.1,272.3,272.2,271.23,270.77,269.93,271.25,270.37,269.55,267.85,272.32,274.82,275.63,275.2,274.03,273.12,273.35,274.65,275.07,271.95,273.85,270.93,274.53,275.2,275.9,271.35,269.53,268.57,267.22,268.63,267.7,273.45,271.87,270.43,269.02,270.48,273.2,270.9,266.47,265.3,266.18,266.7,264.57,266.85,270.13,267.55,262.6,261.3,266.7,268.35,263.9,264.85,270.18,273.35,271.18,270.27,273.15,271.88,272.47,269.7,270.07,272.82,273.12,272.3,270.57,271.58,272.82,271.35,270.3,270.6,271.3,265.27,272.18,274.13,270.28,267.22,263.73,266.97,266.77,269.0,271.72,269.87,271.1,272.0,270.3,267.38,272.85,270.9,270.15,267.2,264.45,260.95,263.45,271.5,271.72,270.07,270.1,265.68,265.53,261.43,260.9,268.85,272.85,273.85,273.82,272.93,272.82,273.7,272.4,271.43,270.85,271.18,272.8,274.37,273.03,270.07,263.35,261.75,264.53,270.45,271.02,273.47,273.05,272.32,271.97,273.03,268.52,271.07,271.75,273.5,271.68,271.28,274.45,273.95,273.22,272.9,274.0,273.65,273.03,272.43,271.9,272.4,271.72,268.38,271.45,272.15,269.2,269.4,273.48,273.63,273.07,271.95,270.25,268.47,271.52,269.1,271.37,272.82,271.57,272.62,272.32,270.72,268.77,267.5,266.65,268.77,270.65,265.17,268.05,269.17,269.65,269.78,270.27,268.42,267.6,268.43,271.72,267.82,267.53,268.32,268.9,269.02,271.02,270.28,269.62,270.35,272.53,272.0,270.82,270.97,269.92,270.1,271.55,272.7,272.85,273.57,272.4,272.47,272.0,272.1,271.62,272.0,272.07,272.87,274.75,273.72,272.05,271.72,272.0,271.85,271.95,271.35,270.97,271.0,271.25,270.72,271.05,272.1,272.55,273.55,274.35,275.07,275.6,275.82,275.92,275.1,274.7,273.9,273.65,275.8,276.75,274.97
274.95,274.35,273.75,273.25,274.12,273.37,273.5,273.4,273.22,273.57,273.72,273.65,275.85,276.57,276.2,276.9,276.12,276.77,277.15,276.1,275.6,274.3,277.75,279.22,278.95,278.22,275.97,274.62,273.67,273.72,273.47,273.85,274.2,274.15,275.15,274.35,273.95,274.6,274.75,272.75,273.25,272.55,272.2,272.17,272.32,272.87,274.15,275.75,274.6,275.27,276.07,276.95,278.37,279.47,276.45,276.77,277.05,276.87,276.45,276.95,275.87,275.8,274.07,273.12,273.02,274.42,276.22,275.85,275.92,276.2,276.02,277.67,275.35,276.03,277.3,276.17,275.6,274.22,273.2,272.65,273.82,275.75,274.82,275.35,274.0,274.35,274.07,274.9,275.65,277.2,274.65,274.07,273.82,273.55,273.55,273.12,273.28,275.32,272.92,272.87,275.45,274.37,273.8,273.75,273.3,272.5,273.8,274.67,273.35,272.82,271.68,276.4,276.27,275.05,275.7,273.97,272.87,272.55,272.62,272.2,270.75,271.1,272.6,273.3,272.6,272.12,273.92,273.5,272.72,272.67,274.47,270.9,271.1,276.85,276.0,275.32,273.3,272.97,273.72,272.0,271.65,269.8,269.47,273.5,273.45,273.75,275.12,273.77,273.22,271.5,271.2,275.05,275.65,274.17,273.7,273.32,270.17,266.67,266.47,264.35,271.12,270.85,267.82,271.27,269.82,267.67,266.28,265.25,270.57,273.25,269.05,267.87,273.27,270.12,266.75,266.92,267.9,268.5,267.75,265.27,267.53,270.55,272.1,269.75,271.9,271.92,269.15,265.9,267.4,269.7,267.55,261.5,268.35,263.3,251.25,251.57,263.85,268.65,261.47,260.37,274.67,272.8,272.15,273.17,268.6,262.22,262.27,271.32,272.7,271.92,266.95,259.95,263.75,266.37,270.05,270.75,268.07,269.67,261.45,264.37,262.62,265.05,258.42,252.52,254.45,258.7,255.07,260.45,263.27,263.87,261.3,256.87,268.55,274.57,273.65,271.8,272.12,267.65,266.02,265.4,267.35,267.05,271.25,271.97,272.77,270.07,267.97,268.92,261.45,250.15,241.57,249.42,266.3,267.45,269.5,272.37,271.92,272.02,271.6,271.12,267.35,267.65,271.6,270.15,272.12,271.47,267.75,262.45,269.65,273.25,273.67,272.85,271.72,272.8,273.9,272.55,271.75,272.15,271.72,272.4,272.15,270.45,271.72,271.18,269.07,264.95,264.97,265.0,271.47,273.7,269.4,267.3,272.82,272.9,273.72,272.67,272.6,272.25,266.4,269.07,273.6,271.07,268.67,272.17,269.32,267.6,270.37,271.2,268.97,267.7,268.95,273.77,273.92,273.5,272.8,271.27,270.97,270.9,271.37,270.9,269.3,268.97,269.72,272.02,270.72,271.17,271.0,271.62,271.47,272.17,271.57,271.22,272.52,270.5,269.97,272.42,272.3,273.55,272.45,271.42,272.35,273.97,274.15,273.67,273.77,272.97,272.62,272.55,272.37,271.95,271.52,270.65,270.85,271.27,271.12,271.57,272.95,272.12,272.42,272.47,272.87,273.05,271.85,271.6,273.07
