246.58,249.18,253.71,264.8,256.0,265.43,268.13,257.33,264.36,251.78,242.8,239.41,238.38,236.91,248.43,267.98,265.75,266.73,253.33,254.11,259.88,260.33,258.73,266.36,259.25,257.03,262.86,261.48,256.13,260.0,272.31,271.43,270.91,269.46,266.91,270.5,270.55,268.73,266.1,260.28,255.23,252.38,254.8,255.36,258.36,255.36,262.31,271.33,271.15,272.18,272.25,267.36,250.48,247.25,252.65,265.73,262.48,258.28,269.28,272.55,269.73,269.0,271.5,272.08,269.43,267.53,267.21,275.28,274.05,272.75,272.41,272.53,269.55,269.28,270.03,267.3,268.4,267.38,266.15,267.38,267.23,270.53,270.86,272.33,271.73,270.63,270.4,269.38,267.91,270.56,272.18,272.13,271.73,267.93,267.83,263.71,260.7,263.78,266.03,264.58,262.63,264.93,268.16,265.15,266.98,269.88,268.41,264.53,262.83,267.88,269.98,269.15,269.55,270.96,270.05,266.93,267.16,267.28,265.16,267.43,267.5,267.63,270.46,270.28,269.46,268.66,269.0,268.78,267.23,267.75,263.43,265.78,268.75,268.55,268.38,269.25,270.33,270.03,269.93,270.06,270.56,270.83,273.21,273.88,273.65,273.18,270.65,269.33,271.13,272.63,273.3,274.36,274.13,272.81,274.36,275.4,275.68,274.73,274.5,273.71,273.63,274.28,273.58,272.71,274.0,273.58,272.83,273.68,273.91,273.68,272.98,275.08,276.41,276.73,276.96,276.33,275.78,275.48,275.68,275.46,275.61,275.46,276.48,275.81,276.71,277.43,275.86,277.48,275.91,278.5,278.86,278.11,278.28,277.98,277.73,278.15,276.73,275.73,276.91,276.33,276.78,276.4,276.96,277.43,276.93,276.53,277.23,276.75,276.53,276.35,275.83,275.78,275.91,275.78,275.73,276.61,276.75,276.65,276.21,277.06,278.03,278.58,278.96,277.63,277.83,278.36,280.13,279.83,278.08,277.38,278.11,278.16,277.96,278.46,278.96,277.96,276.06,275.25,275.08,275.93,276.78,276.55,276.18,276.23,275.86,274.96,274.4,273.81,273.91,275.53,276.33,276.88,276.36,275.63,273.98,273.86,273.53,271.13,271.41,272.0,274.48,273.23,274.31,273.0,272.68,275.93,276.91,277.38,276.66,276.23,276.03,274.13,272.21,275.0,271.8,271.65,276.15,272.23,271.25,270.33,269.46,272.56,274.85,273.48,271.78,270.43,268.98,270.48,270.28,269.28,270.73,271.31,266.71,262.75,267.93,276.41,270.96,275.75,277.41,277.18,275.98,274.61,276.48,276.41,276.43,276.13,275.33,275.73,272.98,269.96,269.5,273.23,273.33,269.75,265.25,263.58,266.56,266.48,266.03,266.43,273.71,270.85,266.21,264.66,271.21,265.96,265.83,267.88,264.43,264.43,263.56,262.18,263.33,263.0,262.08,271.78,275.36,271.75,270.16,266.48,263.13,260.88,264.86,265.13,262.28,265.38,271.53,274.38,274.78,274.08,272.93,272.9,269.36,271.33,263.21,261.05,261.21,264.58,272.11,272.56,270.65,267.4,263.36,257.33,257.21
256.06,255.8,260.96,264.13,258.5,258.66,260.58,264.43,271.36,273.5,273.55,271.66,272.65,266.68,265.58,268.88,267.38,262.5,267.0,270.68,262.98,259.4,266.66,270.18,269.36,263.61,262.83,263.4,264.28,262.83,264.58,266.33,265.61,261.25,259.18,260.73,263.08,265.98,260.75,263.13,259.1,255.73,258.08,256.25,255.28,253.88,251.08,266.73,254.58,260.68,272.25,272.18,266.55,265.83,273.86,266.11,262.73,251.98,252.36,255.48,246.68,247.61,261.58,261.75,259.0,262.23,268.66,271.8,272.8,271.25,273.8,273.46,270.25,273.25,273.83,273.31,267.68,265.98,264.0,267.08,266.16,263.61,259.88,256.05,259.03,263.08,269.71,271.11,271.78,270.46,265.8,259.55,258.48,261.93,269.8,269.43,268.75,267.03,270.88,271.75,271.75,268.93,269.88,274.38,271.71,272.4,268.21,270.48,269.43,265.48,270.56,270.65,266.73,265.28,264.71,266.18,273.15,274.55,274.08,273.33,272.66,274.48,270.78,269.61,269.71,268.83,269.36,270.96,270.25,270.38,269.18,272.43,271.9,272.28,274.15,273.28,274.13,274.25,275.03,275.78,274.03,273.08,274.28,274.38,273.96,273.11,272.98,272.58,271.58,273.91,275.05,275.5,275.58,275.61,275.63,275.08,274.43,273.78,274.3,274.53,273.68,273.46,273.48,273.91,275.3,273.68,274.36,275.61,276.46,276.48,275.8,275.05,274.88,275.28,275.03,275.71,275.63,275.48,276.13,276.5,277.03,276.5,276.33,277.13,276.88,276.68,276.03,276.16,276.53,276.05,275.61,275.58,275.66,275.56,275.98,276.5,276.83,276.08,275.73,276.88,277.48,277.38,276.5,277.68,277.43,277.41,276.58,277.28,276.83,277.23,278.06,276.78,277.48,278.63,277.23,275.28,275.25,275.28,275.5,276.0,275.28,275.96,276.96,278.4,278.78,278.68,278.83,277.53,276.73,276.65,276.58,276.78,275.91,275.5,275.66,275.71,275.63,276.21,276.28,276.98,276.78,276.13,274.83,276.5,277.4,276.71,275.18,275.13,276.91,276.48,275.43,275.36,275.13,274.38,273.38,272.81,269.88,269.71,269.73,271.96,272.28,273.53,275.91,275.28,270.56,271.36,276.98,276.36,276.96,277.78,276.71,275.75,273.91,269.8,268.86,272.58,276.43,273.46,270.28,270.73,271.53,271.18,270.21,271.08,269.83,267.73,264.83,267.41,268.53,268.85,269.78,269.73,270.96,269.03,266.25,267.5,267.36,266.28,264.16,264.68,265.83,264.28,270.55,272.48,273.18,268.53,265.53,268.28,268.78,265.93,265.13,263.48,265.25,267.43,268.21,268.16,265.71,266.93,267.31,264.58,264.21,264.86,265.98,264.48,264.28,262.63,262.3,260.83,260.28,263.28,264.08,260.5,257.25,262.53,269.53,260.68,262.25,264.11,267.11,264.88,264.71,268.33,265.16,258.38,257.7,261.08,260.23,258.88,257.38,255.86,262.13,265.41,268.16,269.53,263.98,257.7,266.28,268.55,266.5,263.53,263.38,272.43,271.68,271.53,271.28
266.73,266.95,264.58,264.58,265.53,263.88,265.93,272.88,266.55,260.3,265.63,264.11,261.73,257.18,255.91,256.88,259.88,268.9,266.73,267.71,266.88,268.56,263.36,261.43,264.83,264.16,261.48,263.05,264.4,262.11,264.21,257.75,257.5,259.68,266.08,269.55,269.86,268.91,267.53,263.03,262.93,261.75,263.06,273.15,270.93,272.68,270.63,272.73,269.88,263.1,262.66,261.8,254.4,260.0,268.86,273.41,272.3,268.28,264.18,256.3,257.41,261.38,264.63,262.66,263.13,264.88,268.98,270.66,271.71,270.08,265.25,265.25,263.0,260.75,261.31,262.05,262.11,263.98,263.48,263.48,265.43,265.46,259.88,260.38,259.86,260.63,266.81,265.96,264.83,272.21,273.28,267.71,266.88,270.93,261.16,263.05,267.31,273.28,271.11,273.18,270.55,265.08,263.18,263.5,264.91,271.83,265.55,267.81,269.23,267.53,265.71,265.85,266.91,268.38,267.63,267.5,267.25,268.61,269.91,268.18,267.36,268.28,268.28,268.63,271.75,271.43,271.03,271.53,268.71,273.73,274.75,272.33,269.5,273.13,275.3,274.4,273.78,274.21,274.81,273.58,273.3,272.88,273.75,274.83,274.73,275.08,272.75,272.23,271.73,271.63,272.33,272.53,273.43,273.16,273.4,272.53,272.83,272.73,273.0,272.65,272.88,272.83,273.63,273.33,272.98,273.38,273.48,273.75,274.05,274.18,274.48,274.88,275.43,274.88,274.0,274.78,274.53,275.58,275.3,274.98,275.13,275.43,275.25,276.53,276.08,276.41,276.43,277.18,276.8,276.61,276.03,275.38,275.5,276.38,275.93,275.78,275.93,275.81,276.4,276.73,276.41,276.41,276.08,277.28,277.48,276.38,278.11,278.13,276.93,276.03,275.63,276.83,277.0,277.73,277.68,278.18,276.63,276.28,277.03,277.8,278.18,278.53,278.58,278.75,277.48,277.46,277.25,277.33,277.03,276.93,276.03,276.58,276.73,276.43,276.48,278.25,278.11,277.73,277.71,277.83,277.68,276.73,277.66,276.73,275.71,275.28,274.93,275.11,274.63,275.33,276.43,277.43,276.93,277.5,277.73,276.05,276.53,275.78,275.5,276.33,277.53,276.88,275.66,276.58,276.9,275.93,274.13,272.35,269.93,267.98,272.23,273.36,269.53,269.08,266.21,265.16,265.83,270.93,270.61,272.0,269.65,269.03,271.38,270.83,269.53,273.03,271.08,268.25,267.38,266.33,270.58,274.53,273.88,269.58,273.13,275.9,276.18,275.78,274.38,276.25,276.41,275.13,275.13,274.91,272.68,270.66,270.43,271.75,266.53,272.3,274.41,274.58,272.68,266.93,262.58,263.28,264.13,273.18,269.53,268.25,262.8,267.4,271.21,267.0,265.03,265.41,271.08,273.3,271.8,271.53,271.58,268.28,268.58,267.78,262.83,266.03,265.8,263.86,263.41,263.75,261.25,264.08,265.05,265.73,267.23,267.83,269.11,268.28,261.0,260.3,261.16,262.98,263.1,266.86,273.43,268.13,268.63,272.53,270.05,266.38,266.93,268.93,269.48,270.33,267.98
264.36,266.0,267.78,268.85,265.78,257.13,248.71,248.46,257.25,253.0,247.36,249.8,261.71,257.58,255.81,259.03,269.18,259.88,264.63,261.61,265.58,262.11,260.56,260.05,259.71,260.06,257.75,260.73,263.78,257.96,256.13,260.25,269.33,262.21,262.85,268.28,270.46,271.05,272.35,271.38,272.08,265.88,266.65,267.25,266.55,263.83,261.96,265.58,268.63,262.05,259.25,268.41,258.91,262.3,262.08,261.31,264.05,266.18,255.91,256.43,257.75,258.11,256.28,258.36,269.78,269.88,270.21,273.23,273.03,273.36,273.06,273.23,272.23,271.16,271.5,269.98,268.33,268.43,270.05,269.86,270.18,269.3,269.78,270.9,269.03,268.91,268.36,266.38,260.86,259.28,259.53,258.71,261.11,256.46,255.43,260.21,263.63,263.98,262.9,264.93,264.83,263.81,267.18,270.21,269.53,270.58,266.83,266.11,268.93,270.75,271.53,269.38,265.5,269.0,271.33,269.73,266.98,268.15,266.1,267.91,266.36,267.05,267.66,267.58,269.61,271.43,271.11,270.73,273.08,272.78,272.46,272.41,271.75,271.91,270.4,271.08,271.95,272.38,272.25,272.6,270.36,269.43,269.28,270.11,269.53,269.61,271.16,271.65,271.46,270.78,271.15,270.55,270.58,271.13,272.23,270.71,271.33,271.83,270.98,270.61,272.13,272.86,273.53,272.65,272.98,273.23,273.65,273.18,272.5,272.11,272.25,272.4,272.55,272.53,271.98,272.23,272.28,272.53,272.73,273.58,273.66,274.13,274.48,273.61,273.15,273.05,273.71,274.5,274.71,274.65,275.71,275.33,273.48,273.53,274.05,274.38,275.11,275.73,275.38,273.18,272.63,273.08,274.75,273.88,273.18,274.21,274.11,274.28,273.81,273.38,273.0,273.18,273.8,274.36,274.28,274.33,276.05,276.68,274.41,274.66,276.43,275.23,274.33,275.03,276.33,275.21,275.98,276.78,275.9,276.48,277.0,276.65,276.96,274.83,272.73,272.78,272.86,272.58,272.25,272.63,272.06,272.05,272.11,275.38,275.05,274.35,274.48,272.96,272.88,272.83,271.61,270.61,270.3,271.48,270.13,268.36,269.05,270.28,272.08,274.73,271.96,268.88,268.53,268.03,269.28,268.46,269.68,270.5,268.96,270.88,275.63,275.88,276.38,274.96,275.83,274.61,274.48,270.88,269.48,270.63,269.98,268.86,268.06,266.55,264.78,266.8,268.96,268.05,269.53,268.5,269.25,273.58,274.66,274.86,275.48,274.28,271.28,273.83,274.43,273.75,272.03,274.56,273.91,271.13,263.98,264.73,263.73,267.21,266.8,271.66,265.08,264.81,262.18,261.98,262.73,261.78,265.86,268.98,269.56,272.5,273.55,269.53,268.58,267.18,264.5,268.43,269.71,269.98,269.33,270.08,269.05,269.16,272.35,272.81,272.73,271.46,266.36,269.33,269.11,262.86,261.18,266.05,268.3,267.11,262.23,262.36,263.61,264.91,265.73,267.58,267.18,265.08,265.88,266.0,265.3,266.43,262.68,264.41,272.15,269.71,268.15,265.36,271.08,271.73,272.98
269.81,269.61,267.56,269.78,274.25,271.63,271.78,271.55,270.08,268.36,270.53,268.96,264.33,267.06,268.3,266.33,265.38,260.98,258.03,261.71,259.25,260.71,267.58,270.08,272.43,272.7,273.53,270.75,268.21,265.23,263.46,265.38,264.96,261.58,260.71,266.21,265.35,264.48,269.53,259.03,256.8,259.38,259.48,263.66,266.25,258.73,266.63,263.83,261.98,260.38,261.4,261.78,260.88,267.68,260.23,256.33,267.41,273.43,270.13,270.58,273.63,272.13,264.68,257.28,255.53,257.68,264.23,269.66,264.28,260.5,260.55,258.86,259.68,262.03,262.38,267.18,259.61,260.71,266.18,272.71,268.63,267.63,269.48,273.08,272.23,272.46,272.8,273.11,270.25,263.98,262.98,263.28,263.98,260.8,263.23,266.78,269.23,268.18,259.71,262.83,267.5,270.96,273.18,273.43,271.3,270.78,269.25,263.11,262.38,265.21,267.23,270.83,271.46,269.53,266.08,264.5,265.55,265.66,267.68,272.08,269.88,268.83,268.46,267.85,267.36,267.75,272.08,268.86,266.08,268.98,270.83,272.23,272.73,272.96,273.15,274.25,273.88,274.0,273.91,272.53,272.86,273.53,273.28,271.61,272.05,271.9,271.41,271.98,272.23,272.5,271.9,270.5,271.13,271.43,271.03,270.61,271.88,272.03,270.68,272.21,272.3,272.03,272.48,272.5,272.36,272.71,272.18,272.08,271.63,271.68,271.93,274.21,274.38,274.55,273.93,275.16,276.41,274.78,274.3,274.63,274.33,274.78,275.38,276.13,275.96,276.0,274.16,274.06,274.68,274.61,273.18,273.68,274.13,274.81,274.53,273.33,273.86,273.91,273.63,272.91,273.86,275.13,275.91,276.28,273.86,274.83,274.71,276.96,277.08,276.65,276.81,276.5,277.23,277.81,277.28,274.48,275.16,274.96,276.31,275.23,273.61,273.31,273.66,273.16,273.4,273.16,273.18,273.83,273.46,274.43,274.3,275.13,274.48,273.86,273.46,273.73,273.98,274.71,276.43,275.6,275.53,274.0,272.21,273.18,275.98,273.93,273.23,273.46,272.68,272.65,274.33,274.53,273.86,273.25,272.78,274.11,271.13,270.68,273.38,275.36,275.4,274.33,272.68,273.61,272.93,268.46,267.25,266.56,268.3,272.18,269.86,269.03,268.11,267.21,268.61,269.73,271.9,268.73,266.05,265.33,264.73,265.71,270.68,270.71,268.68,270.03,273.3,272.56,269.63,270.28,271.73,268.13,264.63,262.8,262.06,266.08,265.13,264.31,264.56,266.48,263.75,261.05,263.66,262.11,263.96,262.78,262.48,266.88,268.25,262.63,260.66,260.63,256.86,258.03,266.9,268.88,270.33,267.43,264.15,266.46,260.91,260.41,261.73,259.43,259.63,261.13,261.56,261.13,262.58,265.08,263.3,265.11,266.11,264.05,271.88,271.5,271.58,268.43,264.23,260.0,260.43,262.18,262.43,262.38,262.83,263.05,264.63,267.08,265.23,263.36,262.21,261.4,262.28,260.08,259.55,263.91,259.13,258.98,263.61,262.81,266.31,271.28,269.65,271.15,269.63
268.75,270.21,267.68,264.75,267.25,268.96,267.8,266.53,269.38,271.8,271.11,269.0,269.4,272.13,265.96,265.5,265.11,264.38,264.8,263.13,270.2,272.68,273.96,272.73,271.98,269.83,270.03,267.83,272.93,272.98,273.15,273.88,274.03,273.68,273.83,272.78,270.81,269.55,265.43,261.66,268.93,269.5,263.96,262.96,260.6,266.28,267.2,268.43,269.36,269.0,271.71,266.93,271.18,271.98,263.75,261.0,260.68,259.38,259.46,261.48,258.46,262.0,271.88,270.96,268.53,263.81,268.5,272.93,273.93,270.46,265.48,263.33,258.71,264.83,267.68,271.08,261.55,271.31,266.21,273.75,273.36,273.88,272.65,271.05,266.61,264.55,262.61,259.98,264.05,267.93,265.71,263.13,271.46,268.08,273.13,271.98,270.56,271.1,271.48,271.63,273.21,273.66,272.73,271.6,271.48,270.46,267.11,267.03,272.56,273.16,271.41,270.93,269.53,268.11,268.98,272.43,267.41,270.93,270.8,269.85,271.25,265.86,265.28,265.93,267.91,267.36,268.18,270.78,270.63,270.11,271.23,272.21,270.66,267.55,269.71,271.08,271.18,270.93,272.3,273.41,273.08,273.03,273.73,273.53,273.41,272.28,273.21,273.53,272.86,273.55,274.11,274.11,274.75,274.53,274.55,273.88,273.13,271.75,271.28,272.28,272.36,272.43,273.08,272.66,273.78,273.48,271.4,272.38,274.0,272.25,271.55,272.38,273.03,271.71,272.66,273.08,273.43,272.68,273.13,273.8,274.06,274.03,274.65,273.3,273.81,273.25,272.53,272.08,273.28,273.78,273.61,274.98,276.06,276.13,276.66,277.5,276.0,275.81,275.83,276.08,275.65,276.53,274.48,274.46,273.18,273.11,273.58,275.23,276.06,274.11,274.75,275.93,275.0,273.43,274.73,274.88,274.78,275.21,275.93,275.41,274.96,274.86,276.88,276.3,276.61,276.28,276.05,274.88,275.38,273.71,272.73,273.65,273.48,271.96,272.8,272.48,274.28,274.05,275.28,275.58,275.63,274.96,272.63,271.83,271.43,272.1,272.53,272.58,273.36,274.43,274.43,272.98,272.55,272.36,272.66,273.33,275.46,276.13,276.11,275.41,275.05,272.55,271.83,271.31,272.35,275.21,272.36,266.75,270.61,271.41,274.66,275.25,275.96,274.75,275.83,275.88,275.05,274.93,273.81,273.71,271.58,273.05,275.03,274.43,268.86,267.63,268.53,270.75,266.16,265.56,264.88,262.55,262.03,262.61,264.8,264.21,265.3,265.75,270.46,271.23,272.0,271.96,272.4,269.5,267.88,267.25,266.86,266.16,268.0,269.61,270.21,269.08,271.46,272.68,274.41,267.68,271.0,267.93,266.28,270.36,264.4,261.16,259.86,259.25,261.18,268.25,268.98,272.55,272.75,270.18,273.48,275.38,274.33,273.53,272.41,269.21,262.21,264.25,272.18,274.68,273.28,267.21,268.43,269.3,263.78,271.25,264.4,269.63,271.53,274.43,274.08,273.08,273.11,273.83,274.36,274.16,272.11,272.73,270.63,267.41,272.43,274.65,273.68,272.0,270.78
268.53,272.0,271.5,270.11,263.48,266.41,266.46,260.93,261.71,262.38,270.31,269.08,272.28,266.38,265.96,266.11,263.48,263.61,262.73,267.11,264.98,267.38,268.33,264.46,263.11,262.98,262.25,260.08,258.23,255.31,261.66,267.18,266.43,266.03,270.16,270.23,267.83,263.5,261.18,255.38,259.9,267.18,267.36,267.66,266.78,267.23,266.15,271.98,266.5,272.13,266.15,270.83,263.53,272.48,272.43,265.46,264.03,272.08,272.31,274.11,273.16,273.36,271.83,271.58,268.81,272.48,272.61,271.53,266.16,261.91,261.66,261.03,261.41,261.41,260.56,249.98,251.28,262.16,259.9,257.9,259.38,264.28,261.58,256.23,256.48,257.58,262.08,263.18,264.05,264.83,266.3,265.63,265.63,267.61,263.13,260.63,260.28,260.28,259.73,259.0,260.23,261.56,260.25,261.36,259.03,259.28,266.13,267.3,267.08,264.71,262.41,263.06,262.38,262.36,262.46,263.28,264.13,263.71,266.11,268.13,269.28,272.41,271.38,269.33,267.71,271.68,273.46,273.48,272.75,272.55,272.0,270.08,269.15,269.96,269.25,270.9,272.38,270.46,269.13,267.83,267.98,267.28,269.5,270.66,270.23,269.8,269.41,269.21,271.73,274.0,274.21,272.88,272.53,272.48,272.11,270.88,271.03,271.15,270.96,271.88,272.05,271.55,272.08,273.8,273.36,272.68,272.18,273.5,272.53,272.98,273.61,273.68,273.56,273.03,273.48,272.93,273.68,273.53,272.9,273.41,274.58,275.3,275.5,274.86,274.78,274.65,275.18,274.33,273.71,274.18,273.61,273.15,274.43,275.18,276.36,276.36,275.75,273.58,274.83,276.53,276.58,275.66,274.85,275.5,277.48,277.81,275.78,273.9,273.8,274.55,274.33,273.86,273.6,275.61,276.96,276.05,275.48,274.53,274.78,276.13,276.3,276.73,277.88,277.71,275.91,273.86,273.61,274.36,274.43,274.33,275.61,275.98,274.43,275.38,275.55,275.3,276.16,277.03,276.33,276.08,275.4,274.21,274.53,274.23,272.73,274.0,274.03,273.73,273.4,272.93,273.23,272.83,273.86,276.83,277.63,276.66,275.58,275.11,274.13,274.03,274.03,272.58,272.78,272.78,272.25,271.91,272.46,271.06,269.68,270.96,269.3,273.28,275.5,271.41,269.38,269.6,271.18,273.33,273.11,275.33,271.58,267.03,265.31,266.25,268.58,271.73,267.0,263.3,264.53,273.48,274.03,273.11,271.91,269.48,265.78,268.56,265.3,271.05,267.61,268.85,272.46,273.68,271.61,268.36,264.78,263.53,263.78,263.56,264.71,265.73,263.68,263.58,264.3,263.18,261.68,270.98,270.18,272.83,271.68,274.75,273.75,272.38,268.56,262.36,261.9,266.71,264.75,260.33,261.11,265.71,269.73,271.21,270.78,269.41,269.63,269.53,270.65,269.05,266.61,264.93,264.78,262.68,259.5,259.75,264.28,269.38,259.58,258.5,261.25,262.96,264.78,263.88,263.91,265.33,271.21,266.48,259.1,262.03,264.93,261.48,262.55,262.81,263.96,265.36,264.0
259.86,258.84,260.48,258.74,261.34,259.03,256.69,255.46,256.23,266.76,264.93,261.73,262.06,259.91,263.41,260.61,257.13,268.18,271.46,268.26,268.09,267.14,264.94,259.91,254.41,269.76,265.51,261.89,259.21,262.11,268.81,265.06,271.03,267.26,265.69,263.19,260.93,258.91,257.76,260.67,259.44,258.84,263.02,271.41,266.79,256.69,256.81,257.71,255.16,253.39,255.21,258.33,259.06,260.54,258.76,257.66,255.84,256.54,252.26,243.31,248.98,247.91,247.86,261.69,265.24,255.78,252.71,262.49,265.34,269.76,254.66,269.41,270.59,268.36,262.09,264.96,264.76,271.91,266.11,268.81,268.14,261.54,259.14,260.06,258.84,257.04,254.44,259.16,263.18,262.91,264.53,267.31,264.93,258.01,266.46,271.29,256.68,254.36,251.62,257.66,253.04,250.89,258.31,262.06,264.81,268.28,269.27,269.96,267.31,267.58,268.01,266.53,260.54,264.01,258.16,264.79,269.01,268.18,267.36,267.33,266.56,266.72,271.44,271.36,268.34,266.93,268.59,271.11,271.41,270.36,268.94,269.86,269.68,267.66,267.86,268.98,270.28,272.16,271.01,270.92,271.91,272.63,272.39,272.18,273.11,273.61,272.41,271.94,272.09,271.74,271.56,271.36,273.11,273.11,272.51,272.52,272.19,272.11,273.54,274.09,273.81,273.61,273.21,272.99,273.56,273.49,271.66,272.49,273.89,272.86,272.58,273.04,274.11,272.86,272.47,272.71,273.21,273.36,273.49,273.48,274.06,273.33,273.04,273.14,274.79,275.21,274.29,273.86,273.64,272.96,272.71,273.21,272.71,274.41,275.74,275.63,275.59,274.01,274.48,273.34,274.84,275.94,275.66,276.16,276.59,276.21,275.34,275.66,275.43,275.06,274.56,274.84,274.16,274.11,274.38,274.43,275.51,276.04,275.39,274.29,275.26,276.18,276.79,276.89,277.41,276.14,275.34,275.69,275.34,275.84,276.14,276.11,276.03,276.54,276.94,276.86,275.77,275.24,276.18,276.43,276.31,274.71,276.59,276.41,275.06,276.49,277.04,277.06,276.89,276.06,275.34,274.31,274.61,273.93,273.29,273.91,273.04,273.44,273.56,272.86,273.34,274.84,274.04,272.04,269.43,269.83,269.18,268.71,269.54,274.46,274.18,273.81,272.68,271.41,271.28,268.26,268.59,267.86,272.44,265.74,263.86,270.89,275.97,275.36,274.76,270.04,272.11,272.36,269.56,266.91,274.18,275.26,273.69,274.94,274.36,269.61,266.83,264.79,272.39,268.27,264.86,269.46,268.79,268.11,266.53,263.29,264.49,270.26,273.56,271.34,269.68,269.51,265.61,263.86,265.11,261.59,260.76,264.69,271.09,272.98,273.38,272.16,271.66,268.74,267.64,263.93,264.99,269.36,270.51,264.81,261.09,261.54,257.81,258.26,257.96,257.06,257.79,260.04,257.79,258.46,263.31,270.41,272.11,271.84,272.29,272.99,271.39,272.41,272.41,271.44,271.21,271.51,271.28,270.79,269.63,268.89,272.01,273.14,271.91,270.49,269.41,271.19,272.24,267.69,264.49
262.11,263.79,264.61,269.21,270.16,269.31,263.86,270.64,272.76,272.49,272.18,271.93,272.28,265.59,262.19,264.43,271.11,271.69,268.76,254.39,251.26,258.66,257.94,250.56,250.61,248.28,254.56,258.36,261.61,260.09,254.71,254.66,260.69,271.11,268.94,264.81,260.51,260.21,261.02,260.54,260.43,259.46,257.71,255.61,254.88,252.46,247.51,251.05,241.23,246.43,252.96,254.24,247.36,246.86,252.08,249.93,242.31,247.86,270.31,270.74,266.96,256.41,249.58,255.41,273.31,269.91,264.96,266.66,265.94,261.71,265.14,268.89,253.39,252.89,253.96,257.99,254.79,255.58,264.76,268.51,268.04,266.81,265.56,261.81,257.83,263.23,264.86,264.73,267.46,266.84,269.38,268.43,267.34,259.36,259.86,266.49,267.39,264.96,263.13,262.43,269.56,269.39,269.01,271.36,272.86,272.01,269.91,269.16,271.28,272.26,273.04,272.48,272.11,272.51,273.26,272.49,269.96,266.09,266.22,266.59,266.78,267.11,265.14,268.42,271.51,270.16,270.03,273.01,273.61,273.01,271.51,271.01,269.86,270.71,271.91,272.76,272.61,272.69,271.54,270.06,270.03,271.48,270.61,272.61,272.33,273.53,274.93,274.46,272.51,272.71,272.39,271.79,271.68,271.06,272.01,273.43,272.63,272.79,273.26,272.86,272.28,272.13,272.06,272.09,272.86,273.03,272.96,273.78,273.24,273.06,272.89,272.99,272.79,272.64,273.69,273.49,273.02,272.36,272.11,272.38,272.71,272.71,272.88,272.28,272.78,272.3,272.96,273.86,274.15,274.1,274.58,274.11,273.08,274.11,274.28,274.93,275.18,275.96,275.61,276.58,276.18,272.88,272.28,272.73,272.81,273.88,274.16,273.33,273.68,274.25,273.11,273.33,275.23,274.11,272.55,273.78,275.33,275.78,276.23,275.43,275.41,274.18,273.36,273.23,273.83,273.11,272.86,272.75,271.86,272.33,272.3,272.61,272.48,272.63,273.11,273.8,272.48,274.03,275.18,275.11,273.66,272.28,272.31,272.86,274.91,275.36,275.25,275.21,275.33,274.66,275.11,274.55,274.28,274.78,270.83,268.81,267.38,270.33,272.18,272.78,271.55,272.8,274.11,272.96,271.86,273.18,273.33,271.13,268.48,270.41,268.48,272.33,268.5,271.83,266.58,264.33,269.68,267.86,266.86,271.16,268.33,269.0,271.03,266.96,266.98,267.81,269.05,271.36,268.68,265.63,264.58,265.75,266.9,267.88,271.75,274.28,274.28,273.85,272.3,268.0,265.21,262.81,261.36,265.33,265.33,266.8,259.63,258.36,257.86,257.68,258.46,261.0,262.58,262.06,266.93,268.55,268.58,268.71,267.9,257.68,256.16,257.33,270.58,265.3,257.73,257.8,257.91,260.71,267.25,255.63,251.98,264.93,253.78,250.68,245.91,252.98,258.71,254.83,249.98,251.75,258.5,258.75,266.08,260.93,260.16,261.4,257.71,250.25,251.51,252.98,251.76,252.88,255.28,256.68,264.23,267.05,256.03,252.05,246.4,254.43,256.4,256.75,259.43,258.98,256.88
261.18,260.21,259.0,262.36,266.48,263.8,267.46,262.18,264.73,268.61,266.25,260.18,257.33,258.0,258.18,267.68,272.11,264.2,264.11,256.63,258.68,258.21,257.5,253.63,254.51,255.9,254.75,265.53,261.36,264.18,266.61,269.78,266.91,262.18,264.08,266.08,266.18,264.18,268.73,271.0,268.63,270.38,272.0,271.36,272.5,272.78,272.13,273.5,272.88,272.18,270.38,272.63,272.18,271.68,271.88,268.78,265.48,267.28,261.61,262.33,258.53,260.75,264.36,262.96,263.28,264.58,266.61,257.75,256.48,262.23,259.58,261.13,262.43,261.86,259.68,264.13,266.98,268.28,262.58,260.33,262.25,263.25,259.25,261.23,260.03,260.0,264.61,265.9,267.33,268.25,258.86,254.61,256.46,264.91,264.63,267.38,264.5,256.28,258.91,262.36,264.21,261.33,262.55,264.11,262.9,259.73,263.25,264.43,266.5,263.15,263.33,262.55,263.41,265.73,266.11,270.63,271.13,267.81,266.3,266.98,268.68,270.0,270.5,269.98,269.81,271.11,272.75,273.5,272.75,272.73,271.41,271.66,269.23,271.61,271.55,271.13,270.08,269.86,270.25,270.53,270.75,270.5,272.05,271.38,272.23,270.68,270.98,269.8,271.28,273.18,272.03,271.21,272.13,272.75,271.91,271.48,273.53,274.0,272.48,272.66,272.46,274.33,272.43,272.23,273.35,273.25,273.48,272.98,273.03,273.96,273.53,274.43,273.61,273.46,272.86,272.53,272.41,272.08,272.58,272.8,272.68,272.86,272.91,272.23,272.96,273.46,273.71,273.8,274.48,277.08,276.88,274.3,272.61,272.9,273.06,272.11,272.83,273.55,274.63,275.48,275.48,275.23,275.33,275.65,276.16,275.96,274.5,274.71,275.06,276.31,275.46,274.75,274.46,273.96,274.03,275.15,275.41,276.36,275.83,274.93,275.13,275.5,276.16,275.66,275.21,274.13,276.08,276.46,275.5,275.8,276.33,276.03,275.66,276.28,275.96,275.68,276.58,276.81,275.91,276.33,276.41,275.25,275.61,277.75,276.68,274.93,275.88,277.86,276.88,276.18,273.98,272.43,271.55,273.18,273.15,272.43,273.93,273.18,270.16,271.38,271.83,273.61,270.65,271.03,268.8,270.08,271.38,269.21,270.25,269.43,269.8,269.23,267.31,267.58,271.96,272.23,266.75,263.86,266.03,264.75,259.93,258.96,262.08,265.03,261.38,263.86,267.41,272.73,273.71,267.55,268.0,270.5,270.28,269.0,269.0,267.33,264.78,266.0,266.08,262.58,262.13,265.9,263.58,263.93,264.38,265.35,264.66,269.21,271.63,270.31,267.11,270.8,265.65,262.53,263.88,263.73,263.75,261.43,264.88,261.96,258.21,260.83,260.93,259.33,263.78,266.75,267.73,260.28,253.36,254.5,255.28,256.28,258.98,258.18,263.58,266.4,258.75,266.68,257.18,254.23,262.33,252.66,246.36,255.0,251.83,246.58,245.43,253.43,252.41,253.46,245.68,242.4,244.18,242.58,244.43,249.18,250.0,247.11,241.08,245.38,252.61,261.78,269.3,266.83,258.71
263.83,259.98,249.55,260.21,266.53,261.68,257.43,260.0,263.33,255.83,258.61,268.28,268.83,261.93,263.31,254.03,255.33,260.85,263.25,256.21,252.66,256.2,252.68,265.91,265.08,258.83,259.48,260.63,260.08,258.88,260.85,267.96,259.06,257.71,262.98,260.83,257.83,259.63,258.68,265.68,273.15,269.66,270.21,264.83,265.28,265.18,261.43,259.11,260.93,268.75,271.25,268.33,265.23,265.81,266.73,265.38,260.86,258.43,259.66,260.68,263.61,261.1,253.66,254.71,265.73,267.63,258.18,269.23,271.81,268.25,263.28,261.23,258.48,258.53,258.18,258.91,260.13,262.98,262.55,267.73,268.8,267.23,268.36,266.28,264.86,263.25,267.23,264.38,258.98,267.41,273.36,271.25,264.05,260.96,267.43,264.73,265.75,266.38,261.0,267.53,272.96,272.05,272.21,272.16,271.65,272.28,269.96,267.08,268.43,266.58,266.43,267.33,266.21,265.86,270.28,272.98,270.86,268.33,268.83,269.86,271.61,273.43,272.5,271.68,271.03,270.58,270.36,269.36,268.61,269.61,267.9,267.73,268.75,269.15,269.0,270.58,270.61,269.0,268.3,268.61,272.31,270.75,271.98,273.71,272.43,270.58,269.98,270.08,271.41,271.56,270.43,268.78,270.03,271.11,272.13,273.05,274.16,272.46,271.46,271.46,271.36,271.23,272.0,274.68,274.75,274.8,273.3,273.83,274.11,273.83,273.66,274.43,273.41,273.68,273.25,272.18,271.21,272.13,273.0,272.5,272.91,273.16,273.65,273.78,274.5,274.96,274.03,276.3,273.48,274.38,275.73,275.86,274.96,274.41,273.75,272.86,273.46,274.0,273.36,274.58,274.38,274.73,274.03,273.91,274.96,274.33,274.58,275.38,276.18,278.08,277.33,276.36,276.15,276.11,274.33,273.36,275.46,275.25,276.06,277.68,277.78,277.25,277.13,276.63,276.9,276.35,275.33,275.0,274.93,276.73,276.73,274.48,274.88,276.21,276.88,278.3,276.36,275.38,273.46,273.18,272.96,273.96,273.46,272.21,273.23,274.8,276.83,275.03,273.05,273.55,273.06,274.23,275.98,274.33,275.66,276.75,277.65,276.55,275.41,274.75,274.5,274.73,275.58,275.66,273.78,273.46,276.75,273.88,271.5,270.93,269.46,269.25,271.86,275.41,273.53,269.71,269.13,274.83,275.23,275.06,272.23,269.13,270.08,271.3,271.38,272.13,271.16,268.73,265.71,263.71,265.71,269.08,269.16,269.18,268.75,267.25,269.25,269.13,268.25,266.66,265.33,264.33,264.93,274.23,271.96,272.0,266.8,270.38,270.15,268.78,268.23,271.83,272.75,272.43,269.73,269.33,261.93,258.81,265.46,271.36,261.78,258.41,262.25,265.91,265.63,264.11,262.96,266.48,270.18,268.08,265.96,266.73,267.98,263.71,262.58,264.75,256.86,256.63,261.36,258.78,255.98,259.25,260.11,261.46,261.68,257.96,258.03,256.98,264.66,264.71,263.3,258.63,256.86,257.83,258.43,256.61,255.5,263.81,273.63,271.93,267.61,264.65,260.91,269.61,262.71
267.48,270.48,272.03,265.68,270.05,270.13,273.43,271.73,271.53,272.48,270.75,271.66,271.91,272.05,270.86,266.5,264.53,266.73,269.28,271.61,272.23,273.8,272.66,272.43,271.58,270.18,268.78,267.58,269.5,270.63,271.96,273.73,273.21,272.16,271.93,272.08,270.25,266.21,262.93,261.21,266.58,270.88,271.28,271.5,271.33,268.8,269.38,269.78,271.66,272.25,271.56,272.0,270.03,268.61,267.91,267.18,264.58,261.5,260.46,258.71,259.28,262.98,268.71,262.0,261.43,261.61,265.28,269.86,268.48,264.31,266.08,257.83,266.83,271.58,266.36,264.66,269.03,267.25,268.41,268.91,268.05,269.8,272.8,271.71,271.15,263.43,262.58,268.18,263.16,261.48,264.16,262.96,264.38,265.66,264.75,264.96,266.41,268.75,267.73,264.91,264.68,265.41,264.43,263.86,270.16,273.88,273.0,271.98,270.63,271.8,269.78,268.8,267.5,265.53,268.96,270.68,268.23,266.3,267.16,266.48,267.78,267.21,269.08,270.53,270.43,269.03,268.91,269.11,269.65,268.28,270.56,271.83,270.83,271.6,271.78,272.53,271.85,272.11,271.46,271.08,271.18,270.5,270.28,270.95,270.93,270.61,271.11,271.78,271.48,271.16,270.71,271.16,270.13,273.25,274.18,274.65,275.03,274.73,274.48,273.23,273.83,273.75,273.85,273.66,274.21,273.28,274.36,274.75,275.48,274.83,274.91,275.13,274.8,274.21,273.43,273.05,273.43,273.18,273.15,273.96,272.96,273.3,274.83,274.71,274.06,274.8,276.23,275.68,274.38,274.53,273.98,273.86,274.16,274.81,274.71,275.08,275.8,276.86,276.55,276.98,277.98,277.13,276.96,274.53,276.33,275.68,276.33,276.11,276.3,276.43,276.63,277.61,275.48,276.65,276.46,274.5,273.65,273.53,273.48,275.16,273.83,274.3,275.38,277.18,277.03,277.5,277.66,277.11,276.58,277.41,278.58,277.73,275.23,276.8,277.23,276.05,275.58,275.86,276.53,277.13,277.86,278.08,279.0,278.5,278.48,275.43,275.13,277.61,278.4,277.28,278.33,276.25,277.61,275.8,272.98,273.43,274.56,272.8,275.11,274.58,273.03,273.46,275.4,277.21,277.91,276.53,277.38,274.48,275.18,276.13,276.36,275.88,274.91,274.71,275.15,275.88,274.63,273.18,269.48,267.96,270.41,273.66,271.53,270.73,269.98,272.55,270.15,270.28,265.71,263.18,265.98,263.58,272.13,266.61,263.96,268.05,271.46,268.31,269.05,271.9,270.48,270.88,267.68,267.48,270.13,270.68,267.03,264.43,263.55,269.11,263.71,262.13,266.28,266.61,261.53,258.33,258.46,263.75,267.58,273.83,273.66,272.61,267.28,263.9,261.58,262.83,264.48,266.28,268.16,262.63,259.38,259.15,261.75,265.73,267.91,267.38,257.9,255.96,261.58,258.03,259.25,264.73,268.48,265.83,259.16,255.58,262.15,266.63,259.18,266.05,268.66,257.01,257.63,258.03,263.63,272.16,271.9,273.31,269.71,273.75,273.88,273.21,273.86,273.33,273.03
271.78,269.23,271.18,269.55,266.58,270.43,271.25,272.5,272.93,271.23,268.73,266.36,265.0,268.21,266.43,268.86,266.13,265.25,267.13,258.78,261.15,268.03,260.53,269.21,269.05,271.25,264.25,272.3,269.9,267.31,267.58,274.05,270.63,273.0,273.0,270.25,267.61,266.11,266.48,264.13,261.98,263.95,265.81,261.0,256.13,255.46,254.81,257.71,261.46,268.61,269.11,267.38,262.41,259.56,260.13,263.58,269.71,272.78,271.25,272.3,270.38,271.71,271.21,268.78,271.48,270.66,267.63,265.73,263.96,269.36,265.46,257.41,256.8,260.28,261.55,263.75,265.18,271.66,272.03,269.23,267.16,271.71,269.38,261.16,271.08,265.86,257.66,258.83,260.21,260.21,259.66,264.81,265.55,265.3,261.58,268.38,265.9,263.8,270.1,273.18,267.58,264.71,264.11,270.25,266.4,262.43,264.43,263.0,264.03,267.66,265.58,263.66,265.13,268.91,269.28,271.33,266.93,271.45,273.23,271.58,268.9,266.63,267.5,266.73,267.08,267.36,266.86,266.5,269.78,270.86,270.55,270.63,271.16,271.31,270.58,272.16,273.71,271.96,270.0,268.46,268.71,269.55,269.96,270.28,271.36,272.83,273.08,271.71,272.96,271.78,272.35,272.33,272.75,273.55,272.48,272.15,271.86,273.13,272.88,273.81,274.88,275.55,274.83,275.61,275.5,276.25,274.83,274.88,273.91,274.36,273.71,272.98,274.18,274.21,275.23,275.03,275.13,275.28,275.88,275.68,273.18,274.11,274.03,274.58,275.91,274.16,273.88,274.23,274.63,275.83,274.61,274.25,274.16,274.0,274.61,276.55,276.93,276.83,277.23,277.03,276.03,276.15,275.98,276.58,276.15,276.25,276.11,276.15,276.88,275.33,274.86,275.43,275.88,276.33,277.81,278.48,279.33,279.23,277.96,277.65,278.88,277.81,276.48,275.5,275.11,277.23,276.88,275.15,274.23,276.08,278.53,278.0,277.96,275.86,275.18,274.25,276.11,278.06,276.55,275.3,273.96,273.86,273.58,275.88,274.43,273.75,273.56,273.41,273.78,274.5,272.8,273.53,272.78,273.83,274.93,273.88,273.1,273.93,272.25,272.06,274.06,277.05,275.91,276.58,277.25,275.88,274.96,274.38,274.18,272.83,270.53,271.88,272.16,272.75,271.13,272.31,274.73,274.4,275.43,272.83,273.3,270.55,274.96,269.21,267.31,267.03,267.88,271.23,270.05,266.56,266.05,270.86,272.0,269.41,268.53,272.53,269.75,264.46,267.15,267.88,270.03,274.4,267.21,262.38,267.03,270.73,268.21,264.55,261.93,261.28,264.03,266.25,263.63,262.48,262.25,263.61,261.91,262.13,262.65,264.8,267.5,264.8,265.11,265.75,268.98,263.21,259.63,259.23,265.46,273.13,272.85,273.75,273.43,272.55,272.96,272.18,271.68,269.18,267.33,274.11,275.15,269.66,264.98,272.13,263.16,264.66,261.25,263.73,260.98,257.58,268.4,263.93,258.18,258.88,256.0,256.23,257.78,257.73,256.9,257.16,261.63,268.41,265.58,261.08,268.53
264.9,265.46,268.25,265.13,265.31,262.68,266.73,266.75,267.63,272.53,268.96,266.56,266.88,261.3,257.66,258.93,259.9,268.36,269.68,270.66,274.0,271.93,263.96,266.98,264.88,263.53,269.48,263.3,264.73,262.8,261.5,256.9,259.03,260.86,261.83,260.33,262.18,262.56,256.91,264.56,262.65,263.46,261.58,261.71,268.31,269.5,271.55,270.43,273.06,270.38,272.05,271.13,269.5,269.43,267.33,265.61,268.35,273.58,271.78,267.13,268.11,273.73,271.03,272.25,270.16,264.41,266.18,266.33,257.33,258.46,257.06,257.73,262.48,261.71,261.33,269.56,268.83,261.06,261.5,261.58,261.58,259.8,259.96,262.91,262.21,262.05,264.23,266.86,268.78,266.53,268.15,262.43,258.98,259.18,263.55,269.86,269.31,266.43,273.23,273.23,273.15,271.88,269.61,267.71,266.15,263.46,264.71,267.13,264.08,264.48,263.63,272.28,272.75,272.58,272.33,272.63,274.71,273.25,271.41,270.25,268.73,269.18,269.16,270.8,273.73,272.73,270.68,269.03,266.08,263.66,264.93,266.98,267.66,268.75,268.65,267.9,270.3,272.48,271.65,272.68,272.58,271.66,271.63,271.48,272.41,273.85,275.18,274.23,271.8,272.4,273.13,273.71,274.33,274.3,275.63,272.68,272.68,273.8,274.13,274.43,275.28,275.03,273.73,274.41,272.28,271.81,272.21,272.65,273.46,273.88,272.53,272.16,272.71,273.91,274.88,274.81,275.28,274.28,273.75,273.66,274.03,274.83,275.58,275.21,273.03,273.0,273.55,274.41,275.33,274.78,274.61,274.18,274.41,274.53,274.48,274.33,274.71,275.23,274.13,274.63,274.68,274.25,274.5,275.8,276.63,277.21,276.8,276.98,276.8,275.8,277.38,276.21,275.3,274.61,275.06,275.23,275.03,275.75,274.25,273.13,273.1,273.41,274.25,275.33,276.18,275.96,276.06,276.53,276.88,276.63,277.75,277.48,276.56,276.96,277.81,275.46,273.65,274.0,273.93,273.68,274.08,272.71,272.75,273.46,271.88,272.58,272.65,272.36,274.23,276.36,276.98,277.5,277.93,276.63,276.58,277.75,278.81,277.48,276.53,275.98,276.0,278.86,278.75,278.43,276.73,276.23,276.81,278.18,276.83,277.36,276.28,272.9,274.16,274.7,274.18,275.71,274.28,273.96,272.18,272.98,270.15,269.23,265.85,268.8,275.86,276.23,270.75,271.41,271.48,267.63,265.98,267.13,267.21,267.0,269.08,270.21,265.71,266.36,264.75,265.53,270.66,270.33,271.48,272.73,272.81,270.43,266.53,263.88,263.06,264.78,265.46,264.98,273.18,272.11,266.25,263.55,266.88,269.93,269.78,268.86,274.96,274.55,273.96,274.96,273.3,272.08,272.3,273.68,274.25,273.58,274.58,274.15,273.61,273.08,274.28,273.68,270.83,268.41,267.05,269.08,270.28,265.46,265.3,266.83,263.63,262.86,265.03,262.98,264.16,263.46,260.91,260.93,259.38,257.31,268.23,267.33,270.46,267.98,261.71,262.83,270.31,266.66,268.98,272.03,264.46
265.6,265.75,263.46,271.56,264.25,259.38,261.08,268.71,266.88,264.75,264.88,264.21,265.53,267.73,264.66,261.23,260.41,259.63,267.46,267.83,264.23,262.61,262.88,262.61,266.93,264.46,260.96,268.55,271.4,272.21,266.46,264.13,268.5,265.63,266.91,261.33,259.5,262.53,263.3,263.25,268.93,262.73,270.65,272.5,268.28,263.16,260.58,258.86,260.33,262.23,263.63,260.9,264.88,269.46,265.88,258.16,261.08,260.43,264.38,265.98,267.63,259.33,259.1,264.43,269.03,273.33,272.48,264.96,262.31,266.0,265.86,260.98,263.88,266.71,266.75,269.86,265.21,263.28,266.65,272.43,274.38,271.55,264.03,262.56,273.03,266.75,261.68,269.68,273.18,272.83,273.36,274.06,272.5,269.88,265.11,265.98,266.83,265.56,262.91,269.68,268.05,265.71,270.55,272.25,272.25,271.53,270.55,268.38,265.93,263.0,262.05,262.43,261.56,263.46,265.68,269.98,271.18,265.28,265.8,264.98,267.75,269.86,266.8,272.58,273.05,273.18,271.75,269.88,270.98,269.75,268.55,267.61,269.55,269.5,268.86,268.88,270.58,271.68,271.61,273.28,274.46,271.5,271.21,270.58,271.08,269.91,270.73,272.13,272.61,271.95,271.98,270.28,270.68,272.65,272.21,273.63,274.55,273.61,273.18,271.61,270.53,271.18,271.78,271.88,272.46,274.08,273.43,272.08,273.38,272.61,273.21,273.61,274.73,274.0,275.23,274.48,274.1,274.28,274.28,275.21,275.81,275.88,275.38,275.18,274.55,275.13,275.41,274.66,273.83,274.18,274.53,275.23,276.55,277.46,276.08,276.5,278.23,278.23,276.63,278.0,276.75,275.65,276.5,277.23,276.93,277.41,276.73,276.43,276.86,277.3,277.25,277.66,276.88,276.73,275.13,275.23,275.93,277.13,275.83,276.11,275.35,275.83,277.15,276.58,278.5,277.58,277.4,277.36,275.5,275.0,276.3,277.0,277.98,277.03,277.93,277.75,278.18,277.48,277.08,277.11,277.75,277.56,276.05,275.16,275.5,272.78,271.41,271.98,272.03,273.36,274.83,274.96,275.88,276.78,276.41,275.23,273.9,273.0,272.53,272.83,273.38,273.3,272.25,270.83,272.63,275.75,276.96,276.61,275.75,273.73,276.13,273.58,272.15,269.96,268.86,269.86,267.88,268.55,269.6,273.41,273.61,269.81,267.5,267.93,266.81,267.05,266.53,268.08,266.55,266.53,265.41,265.33,266.18,269.03,264.3,271.21,266.31,263.71,269.4,264.43,262.3,268.11,267.11,264.4,259.23,260.08,268.21,269.1,273.81,274.5,275.13,272.58,273.81,274.81,273.61,273.9,274.86,271.96,267.98,272.96,271.55,274.66,270.81,273.28,275.75,272.48,274.41,274.3,272.13,274.58,274.13,273.96,272.08,270.66,270.1,270.0,270.08,268.13,265.03,261.0,256.98,256.63,261.98,265.83,267.61,271.65,269.75,270.86,266.75,260.13,261.71,264.11,269.16,270.88,270.41,273.56,273.31,272.33,266.18,262.56,266.85,272.43,270.05,265.23,264.21
259.21,261.53,265.5,267.11,268.18,266.98,266.96,263.8,265.91,267.16,262.86,264.3,265.38,261.03,259.08,260.18,262.13,264.18,271.55,272.18,273.35,272.5,269.68,265.4,261.21,260.93,265.78,268.68,271.36,268.71,265.41,273.68,275.11,274.16,271.63,270.68,269.61,271.88,269.78,271.91,268.56,272.55,274.43,272.8,262.73,260.43,261.0,263.28,260.38,265.31,263.8,266.13,259.13,259.78,261.78,263.13,265.71,266.98,264.36,266.86,271.08,272.91,269.66,270.46,268.25,264.73,266.31,265.98,264.28,263.41,266.21,267.5,267.38,268.41,264.78,262.08,263.18,262.66,262.16,263.91,268.88,272.68,271.4,271.88,269.73,262.75,261.86,274.08,273.88,272.78,273.8,274.66,273.61,273.88,273.55,273.06,270.83,271.88,270.78,268.23,265.83,272.0,272.08,272.0,270.25,263.43,267.16,263.43,263.93,264.9,264.98,266.38,267.68,267.4,268.73,271.7,271.75,270.1,267.71,265.13,266.41,268.16,268.5,267.66,268.73,272.85,272.21,271.93,272.03,272.46,272.93,272.43,272.23,270.8,270.8,270.4,271.13,271.91,272.0,272.78,273.25,271.86,270.35,271.36,272.78,271.58,271.25,271.35,271.73,270.4,270.38,271.36,271.68,272.25,272.31,272.73,273.16,273.53,273.61,274.06,274.36,275.4,274.08,273.13,272.61,272.66,272.9,274.0,275.18,274.46,273.83,273.21,274.11,275.15,274.36,273.88,274.46,273.23,273.36,274.53,275.43,274.81,273.68,275.18,275.03,275.33,275.9,275.13,274.46,273.33,274.31,275.66,276.33,276.13,275.08,276.46,274.08,274.96,276.36,275.3,275.71,277.35,276.15,278.0,277.75,276.68,277.36,277.36,277.15,277.3,277.86,278.05,277.66,276.58,275.03,275.73,275.33,274.88,275.68,275.53,274.73,275.05,275.08,274.23,274.98,274.35,276.11,276.73,276.4,276.21,275.73,275.8,277.28,277.16,275.46,276.28,275.21,274.78,275.56,274.36,274.13,273.8,273.43,275.18,276.9,276.28,274.38,273.93,275.86,277.61,277.3,276.53,275.03,274.5,272.71,271.05,271.73,272.38,272.81,275.31,274.06,273.81,274.41,275.93,275.23,271.73,270.11,268.36,268.53,270.46,271.38,269.68,267.73,266.98,266.36,265.98,266.8,266.08,265.53,265.91,267.45,267.78,273.18,269.38,266.85,266.66,266.73,267.15,267.5,267.0,266.16,265.55,266.88,264.25,265.31,264.53,266.13,267.71,267.13,269.0,273.43,272.93,272.53,272.23,268.23,266.25,266.28,268.36,264.75,261.8,262.81,263.98,265.05,268.83,269.61,268.25,268.15,271.15,269.81,265.5,262.38,261.16,265.58,272.78,273.38,274.08,275.16,272.58,267.96,267.43,261.46,261.46,263.43,269.86,260.98,267.08,270.93,268.86,271.36,261.66,269.3,273.03,272.93,270.71,267.68,263.33,264.05,268.06,271.75,270.18,266.46,270.08,271.63,267.6,262.36,270.5,267.43,263.68,265.91,264.33,261.08,261.86,265.43,263.16,260.03
260.53,264.08,267.78,272.61,270.48,271.48,268.86,270.13,268.98,267.48,266.35,265.4,270.53,267.58,265.38,263.5,265.71,267.16,271.78,271.36,270.05,271.93,271.23,267.33,265.61,262.96,261.08,259.71,262.03,265.61,264.5,257.31,257.78,258.66,259.5,260.08,259.63,260.98,262.48,264.96,264.5,264.21,264.38,262.58,262.28,266.36,269.86,271.0,270.1,266.86,268.78,269.71,270.38,268.75,267.13,266.33,268.15,268.88,269.31,268.16,269.53,270.38,270.05,271.18,270.88,272.91,271.25,271.05,273.28,275.43,273.5,269.68,262.56,263.61,261.33,261.41,262.25,260.86,261.63,265.36,265.9,260.71,257.21,263.23,258.05,257.8,262.36,266.23,264.68,272.58,269.88,268.13,266.68,269.75,269.56,269.3,265.63,267.98,264.58,266.28,271.88,272.58,272.3,270.13,267.38,266.96,266.73,266.36,266.78,268.43,265.48,265.36,265.5,266.78,267.5,268.93,268.71,269.86,269.28,270.25,271.71,272.0,271.35,270.71,271.03,270.28,269.46,269.71,270.0,268.93,268.8,268.98,270.36,270.83,269.18,270.66,271.28,271.68,272.13,273.05,272.78,271.33,271.86,271.1,271.5,273.23,272.0,271.3,271.28,271.33,273.48,272.86,272.81,273.25,273.63,274.48,274.13,273.75,273.48,272.23,272.23,273.71,274.38,273.0,273.3,273.16,273.4,274.63,273.86,273.28,273.68,274.63,274.41,273.63,273.46,274.48,274.35,273.73,273.6,274.15,275.03,273.88,275.03,273.46,273.73,274.08,272.68,273.8,273.63,273.25,273.23,273.78,274.0,274.41,274.15,274.86,274.48,274.81,274.16,273.71,274.0,274.13,274.68,275.43,273.83,273.58,274.46,275.41,276.03,275.93,275.86,276.78,275.98,274.93,274.05,273.73,274.83,273.43,274.46,274.96,275.08,276.66,275.63,276.05,276.28,276.05,276.45,274.55,273.15,273.63,274.5,274.83,275.33,275.58,274.68,274.61,274.98,273.86,272.96,272.86,273.06,272.86,274.91,274.08,272.63,273.33,274.11,273.8,274.58,274.13,274.96,275.5,274.13,272.0,273.13,274.25,274.03,275.93,276.03,276.28,273.53,271.36,272.78,272.96,272.16,272.23,272.18,271.85,272.21,269.63,269.43,271.96,272.31,271.86,270.18,269.43,270.11,270.93,272.73,273.75,274.98,273.83,272.08,272.71,271.41,270.3,269.71,269.73,270.0,269.16,271.06,269.58,262.25,264.48,267.88,265.88,265.38,266.9,270.36,272.71,271.53,268.78,267.86,269.5,269.68,270.73,268.46,263.86,262.43,264.43,265.61,268.48,268.4,266.73,268.63,267.63,264.58,267.7,265.65,266.68,266.3,263.46,266.66,272.18,269.15,265.78,261.63,264.25,265.05,266.38,266.43,266.03,268.66,266.73,270.5,274.28,275.73,274.15,272.81,270.38,268.03,273.93,269.75,266.06,263.21,256.55,258.5,264.68,268.38,262.13,259.03,259.8,259.16,259.11,259.13,265.15,262.66,260.15,260.58,260.41,260.23,258.93,257.66,258.03,258.53
253.56,258.8,261.18,260.71,261.78,269.3,271.13,269.28,272.05,271.21,270.83,270.41,268.11,272.71,272.36,271.36,272.1,274.21,271.03,267.21,262.23,267.71,266.78,271.3,265.28,260.96,263.53,263.31,256.68,252.03,259.4,257.68,255.88,254.36,264.13,269.61,268.96,268.46,268.33,270.23,268.03,262.33,257.46,259.08,262.93,261.33,258.75,259.36,260.33,256.43,264.58,272.25,260.9,257.96,263.78,266.88,266.41,264.08,262.73,263.58,267.83,268.25,263.93,265.61,262.98,259.63,271.41,273.25,272.8,273.83,272.91,272.5,272.58,272.58,271.53,270.28,264.43,261.48,266.23,266.33,267.96,266.91,270.78,268.5,262.61,266.33,263.43,260.11,263.96,256.93,252.53,257.61,259.91,263.93,263.3,259.83,261.73,262.63,268.25,272.88,272.46,268.78,267.23,266.06,267.58,269.1,269.48,269.36,269.91,269.13,267.25,268.25,270.16,270.13,266.86,265.5,265.08,265.38,267.63,267.11,266.55,265.6,264.73,264.55,264.05,262.8,266.13,264.98,267.0,271.13,268.71,269.88,269.03,270.3,270.86,271.31,271.75,272.05,272.38,272.66,272.5,271.78,270.75,271.03,270.66,270.33,270.08,270.11,272.13,272.91,273.36,273.36,273.38,273.98,273.58,272.78,272.56,272.28,272.86,273.18,273.08,273.38,273.53,272.71,272.68,272.48,272.91,274.13,273.55,273.83,273.0,273.31,273.81,272.68,273.46,274.33,273.53,272.71,273.23,273.48,273.43,273.65,273.75,274.71,274.18,274.41,274.41,273.41,273.75,274.46,275.13,275.83,275.53,273.86,274.75,274.63,274.91,274.5,274.8,276.21,275.28,274.1,274.88,275.96,275.4,275.3,276.43,277.16,277.55,276.83,275.71,275.78,276.0,276.23,276.68,276.41,276.58,277.03,276.48,276.58,277.55,277.81,276.88,277.38,276.3,275.61,275.33,276.11,277.11,275.3,275.38,275.08,274.73,275.38,275.9,276.91,274.96,275.23,277.23,277.53,276.81,277.91,277.03,276.31,276.91,275.58,274.83,277.11,277.16,275.11,274.0,273.18,273.18,273.73,274.03,276.11,272.63,271.18,271.98,273.93,273.91,275.48,272.21,271.75,271.43,269.78,271.08,271.11,275.83,277.0,277.4,276.83,276.23,274.75,273.38,273.61,274.63,274.63,274.28,275.11,274.23,272.23,270.36,268.56,267.93,266.08,266.18,267.25,268.93,272.43,273.71,273.13,267.36,266.68,271.78,274.3,274.38,273.71,269.68,268.36,265.36,264.86,265.43,270.66,271.66,270.75,270.58,272.88,270.53,268.46,267.88,266.55,265.11,270.33,267.08,260.98,260.55,266.05,270.75,269.28,266.93,267.08,267.61,267.91,266.86,266.91,265.23,263.66,263.25,262.63,266.68,272.28,273.71,271.98,267.98,264.71,264.18,265.21,262.46,261.63,263.63,262.4,262.66,265.05,265.91,264.78,266.61,264.73,265.13,262.86,261.25,262.98,264.16,260.43,258.73,256.83,260.78,263.58,259.78,261.61,258.46,258.16,265.98,266.53,260.61
261.12,262.7,263.42,260.99,260.8,262.4,260.75,255.99,249.78,249.1,248.03,254.85,254.53,242.6,243.7,249.28,247.35,250.75,256.45,259.3,245.75,253.03,246.28,268.17,269.12,258.47,253.32,253.0,254.4,255.34,250.94,255.62,261.15,267.17,259.12,257.3,253.82,257.35,260.2,254.87,254.65,251.85,254.37,255.4,257.2,250.6,262.7,271.12,271.7,272.8,270.14,270.97,272.1,270.8,268.12,266.1,260.72,256.95,259.67,267.5,260.42,261.67,263.32,269.49,268.97,270.8,267.74,268.02,266.97,268.57,267.05,260.54,260.67,264.25,264.7,266.17,268.82,268.55,268.62,268.99,269.42,268.02,269.45,270.07,271.47,271.6,270.02,269.64,269.2,270.5,269.12,263.85,261.2,260.35,260.27,259.8,261.1,271.72,271.35,270.97,269.5,267.44,264.97,267.77,269.7,261.7,260.52,264.1,267.47,267.02,265.05,267.62,267.7,263.39,265.17,265.07,263.32,264.5,267.14,268.62,269.62,266.8,265.95,266.47,270.75,271.22,270.17,270.57,272.17,271.62,270.3,269.82,270.7,270.7,271.55,271.75,269.92,268.74,268.57,268.07,267.77,269.42,270.67,271.12,269.6,268.9,270.72,271.2,273.05,273.2,272.12,272.49,272.42,271.47,270.1,269.52,269.55,271.14,271.7,273.47,274.72,273.4,274.02,272.92,272.82,273.17,273.3,274.3,273.95,273.05,272.27,272.7,273.37,274.07,274.67,274.49,275.62,273.64,273.32,273.24,273.3,273.1,274.07,273.95,275.1,275.57,275.37,275.65,274.37,274.55,273.55,273.95,274.95,274.82,274.2,275.05,274.92,273.7,273.82,273.1,274.1,274.74,273.65,273.75,273.57,274.45,274.37,275.0,275.07,275.17,275.12,276.07,276.52,276.8,277.02,275.47,274.27,275.32,275.55,274.4,273.72,273.52,274.97,274.6,274.8,276.12,275.35,275.1,276.1,276.2,275.82,274.6,274.4,275.55,276.22,275.89,275.99,275.37,274.5,276.12,277.67,277.65,277.2,273.77,276.3,276.2,277.64,277.6,277.6,274.72,273.97,274.05,272.55,271.37,270.52,271.1,270.02,271.52,272.8,273.05,272.25,273.77,273.8,272.47,270.3,272.92,272.12,273.72,273.02,274.4,272.3,273.25,276.57,275.35,274.4,273.47,274.42,274.05,273.02,273.8,274.15,272.27,273.95,272.87,271.85,272.07,273.92,272.75,269.17,267.37,267.72,265.92,266.72,266.05,265.52,263.9,264.55,264.2,263.12,263.22,266.57,266.92,269.5,263.52,261.82,264.7,265.55,263.92,265.05,269.52,270.95,271.32,267.05,270.37,267.37,267.47,267.92,269.12,273.17,273.1,267.55,268.37,272.7,272.47,270.64,269.62,269.4,269.27,268.87,265.97,261.57,263.57,265.57,266.15,263.92,261.87,262.97,261.39,261.27,261.3,260.87,257.1,256.7,269.57,273.8,269.7,271.8,264.22,268.0,269.17,262.2,267.4,267.95,267.02,264.9,265.72,268.35,259.82,263.07,261.87,265.22,262.87,258.57,253.75,258.92
269.82,272.57,270.95,268.9,266.8,263.87,260.64,258.8,260.74,261.37,262.67,265.12,265.35,258.0,253.28,251.72,249.8,245.42,247.22,247.37,258.57,259.27,248.62,251.78,250.55,248.17,246.07,246.6,245.97,251.6,263.77,258.57,260.42,263.97,268.05,264.92,263.45,266.8,267.45,270.37,270.77,268.52,267.2,264.47,272.55,270.6,262.52,264.82,269.45,265.4,266.02,268.07,264.45,262.02,260.99,263.49,267.52,259.05,256.22,260.72,261.3,260.47,257.95,261.6,261.2,260.97,259.85,259.7,266.57,270.85,269.5,270.12,269.87,269.8,267.37,264.7,264.5,262.42,264.22,270.12,266.45,265.7,273.57,271.32,271.89,273.57,273.27,273.35,271.77,271.57,271.55,270.0,270.9,266.35,264.7,263.32,264.99,264.27,264.95,265.72,265.57,266.75,267.77,270.27,269.35,270.95,272.27,271.65,271.92,270.52,271.47,271.72,272.87,273.67,272.8,271.62,271.92,272.22,272.32,270.6,270.2,271.14,270.22,270.9,269.47,268.92,268.85,270.64,273.14,273.55,270.49,268.17,269.64,269.8,271.22,270.07,267.37,267.05,268.52,268.02,268.57,268.12,269.24,270.72,271.6,271.95,269.6,269.2,270.22,270.47,271.7,271.85,271.69,271.25,270.99,270.35,269.77,270.7,269.82,271.17,271.4,271.2,272.62,271.95,270.99,271.47,271.85,273.37,273.92,273.74,274.67,274.92,275.05,274.45,275.12,275.0,274.25,274.42,274.6,275.12,273.92,272.4,273.22,273.7,274.55,274.47,273.97,273.6,273.7,274.75,275.9,276.12,275.2,275.97,277.17,275.8,275.3,274.62,274.07,273.55,274.87,275.89,277.92,276.97,277.85,278.45,277.8,277.47,276.72,276.02,275.85,276.05,275.32,275.49,276.37,277.72,277.55,277.55,277.39,277.15,276.37,276.1,277.64,277.95,277.85,278.67,279.5,279.27,278.5,278.5,277.3,276.75,275.7,274.57,274.1,273.97,274.62,276.1,275.97,277.27,277.05,278.02,277.12,275.35,277.22,277.4,276.2,275.1,273.75,274.07,272.52,272.85,274.47,274.67,276.42,276.77,276.67,274.37,273.55,275.74,276.95,277.2,276.14,273.32,271.95,271.42,271.05,271.52,272.52,273.17,274.87,274.07,277.3,273.1,271.39,271.72,269.85,273.6,273.52,267.57,272.95,274.75,273.87,272.62,269.87,266.42,269.52,267.57,268.4,273.45,272.47,271.12,269.8,269.07,272.82,275.17,275.64,274.42,275.42,275.82,274.24,275.45,275.1,274.12,273.92,270.12,267.14,266.04,267.2,264.47,264.32,272.82,274.62,273.97,272.95,272.6,271.25,269.82,268.14,268.97,268.47,267.55,265.9,266.45,267.27,267.99,269.07,271.8,275.02,273.02,268.82,270.05,271.45,267.25,265.15,261.3,262.12,262.17,265.3,266.37,264.8,271.77,270.07,269.97,267.82,266.82,269.85,270.74,269.6,267.14,267.8,264.9,263.67,259.95,261.77,267.8,272.32,273.77,271.45,268.6,266.85,261.72,259.22,259.95,264.55
263.27,266.77,264.95,266.25,265.7,263.07,260.02,261.85,262.9,261.17,268.14,268.4,273.1,271.87,270.5,270.6,270.77,270.7,272.42,270.74,271.1,270.7,265.72,262.8,260.85,261.05,264.8,262.12,266.72,271.32,266.85,266.07,272.67,270.74,268.07,267.87,265.42,264.72,263.97,263.77,262.32,261.74,263.8,267.72,265.32,263.15,261.77,263.6,268.7,268.92,268.67,267.07,265.97,263.12,266.14,272.9,273.54,272.92,272.55,272.65,271.95,273.07,271.75,270.44,268.2,266.57,269.49,272.07,274.57,273.35,272.32,271.82,272.77,268.1,265.85,262.72,266.32,271.67,272.3,271.55,271.82,271.8,269.52,265.4,264.99,267.3,270.05,269.85,275.85,273.87,270.14,267.77,264.72,265.05,268.77,261.3,260.62,265.22,268.24,266.92,268.74,269.22,267.72,266.85,268.35,269.65,269.45,267.24,266.6,266.07,270.22,268.42,267.62,269.92,270.1,268.35,268.45,266.07,267.0,270.42,271.57,270.67,266.62,269.2,271.02,271.1,273.22,273.85,273.2,273.17,272.52,271.52,270.22,274.87,273.1,271.45,271.8,270.89,271.72,273.22,273.47,274.35,274.3,273.37,274.02,273.39,274.82,274.22,273.47,273.37,273.47,273.02,271.52,271.99,272.87,273.2,272.85,273.52,274.02,273.82,272.57,274.05,274.17,273.37,273.15,273.22,274.72,275.05,272.87,272.85,272.7,274.42,274.72,274.05,274.92,274.57,274.27,275.87,276.12,274.8,276.05,275.7,274.12,274.5,275.52,274.07,274.72,274.25,274.37,275.85,276.47,274.25,274.57,275.37,276.02,277.55,277.47,276.0,276.2,276.35,276.2,276.4,275.85,275.89,275.67,274.9,275.37,274.87,273.92,275.72,275.2,275.35,275.2,275.55,275.0,273.97,274.95,275.05,274.37,274.22,274.3,275.07,276.3,275.1,274.39,275.2,276.52,276.64,274.6,274.05,273.82,274.77,277.05,276.89,275.37,274.25,275.3,275.92,276.85,278.3,277.87,277.07,275.27,277.67,275.17,274.74,274.42,275.82,276.92,276.2,275.2,274.52,276.95,276.32,276.55,276.85,277.27,272.17,272.99,277.32,275.67,276.9,275.99,275.74,275.05,276.65,275.1,272.55,271.52,270.82,270.24,275.3,275.3,273.75,271.0,270.97,270.7,268.07,269.3,274.0,275.82,274.5,275.17,276.24,272.8,271.05,272.52,274.49,270.8,266.67,269.87,271.27,266.47,270.6,269.2,270.92,271.37,268.92,265.1,262.95,269.89,272.52,272.27,273.14,274.2,275.55,276.57,275.27,275.64,271.57,274.77,270.77,261.99,265.44,266.85,268.82,267.02,273.95,272.89,268.75,267.67,264.5,272.92,272.47,271.12,267.82,270.17,268.67,264.77,264.49,265.74,263.39,268.35,270.35,264.9,262.32,259.45,259.39,261.1,261.62,263.47,263.92,262.7,263.82,262.87,264.92,264.25,262.8,261.5,260.3,262.42,263.32,263.2,267.62,267.97,267.52,268.7,272.32,273.5,273.27,274.57,272.3,272.07,270.85,272.72
273.39,271.8,271.95,271.12,270.77,271.1,271.77,273.6,273.65,272.32,270.52,265.05,260.75,262.42,265.74,267.07,262.69,261.42,259.77,257.39,259.04,263.07,267.57,266.12,268.2,258.37,256.9,255.28,254.35,261.47,263.99,260.7,259.77,259.22,261.47,263.35,266.95,266.65,266.45,264.74,266.3,265.85,266.57,268.77,265.95,264.02,264.02,268.6,265.14,263.8,261.85,266.52,272.8,271.42,274.35,274.25,273.37,273.24,270.72,265.17,263.5,265.27,266.65,266.37,260.22,257.92,258.35,264.37,261.05,263.45,264.89,263.27,267.02,268.0,266.12,270.22,266.32,267.12,265.87,265.65,263.47,262.6,262.52,264.55,267.97,262.35,262.65,267.32,259.8,261.6,262.45,262.87,268.42,270.95,270.7,268.42,267.7,270.17,262.07,260.92,263.07,263.82,265.74,266.95,262.7,263.32,264.9,264.57,265.17,263.95,264.8,266.57,265.12,264.9,265.62,266.74,268.62,269.37,268.45,272.55,272.52,267.92,267.7,270.07,265.92,268.89,270.6,267.52,270.15,264.55,265.52,266.97,270.07,270.7,270.37,273.2,273.0,272.8,272.72,273.72,273.12,271.3,272.62,273.1,273.1,272.5,271.75,272.8,272.97,272.49,271.82,271.6,271.92,271.47,271.5,271.17,272.8,273.72,273.85,273.52,273.85,271.87,271.25,273.1,272.95,272.6,272.8,273.17,273.95,272.35,272.49,273.95,274.57,275.27,273.62,274.27,274.62,273.89,273.8,273.57,275.15,274.82,274.32,275.97,275.4,275.2,274.92,274.9,274.45,273.97,274.75,275.1,274.92,274.82,275.45,275.6,275.82,274.95,276.42,276.82,275.37,275.47,275.52,274.67,275.62,275.5,278.75,275.7,275.74,273.97,274.64,275.22,276.0,275.75,274.45,276.12,277.12,275.6,274.89,274.97,275.3,274.1,275.15,274.95,276.37,277.85,278.27,278.32,277.47,278.55,277.62,277.2,275.62,275.37,276.49,276.99,276.62,276.3,276.2,277.5,275.12,273.85,276.3,275.8,275.42,276.89,276.5,276.05,277.85,276.92,277.67,277.07,276.0,274.92,275.6,278.72,278.42,274.05,274.22,273.1,272.97,274.5,276.87,276.65,277.1,277.67,273.27,276.05,276.32,277.1,277.35,276.62,275.37,275.32,274.07,277.15,275.92,272.47,273.52,276.74,272.32,267.72,269.8,274.3,276.49,276.55,274.2,273.02,272.32,275.55,273.99,276.57,276.67,274.85,271.25,269.72,271.22,272.27,271.57,273.75,275.0,275.05,274.3,274.95,272.17,273.07,273.57,267.12,263.22,260.52,264.35,267.47,270.6,268.45,266.12,263.65,265.27,265.02,268.12,273.14,275.82,274.45,274.17,274.24,274.37,273.55,270.9,269.52,271.99,271.7,269.6,268.27,270.17,272.24,271.82,271.75,272.57,273.57,264.62,261.45,260.49,259.3,260.62,257.62,257.2,257.22,262.2,256.97,261.4,264.47,264.57,265.02,262.07,267.62,261.79,256.77,259.24,259.8,256.97,263.1,265.97,261.3,259.7,269.37,268.8
266.29,263.12,260.67,258.0,260.32,262.55,267.07,266.02,263.37,258.24,254.3,255.82,254.47,265.75,264.07,256.65,262.02,256.7,255.5,267.55,266.77,271.62,265.14,267.14,272.07,272.5,272.92,270.95,270.52,267.87,271.37,271.27,273.25,271.64,270.82,268.5,264.45,262.32,256.87,252.92,256.32,259.82,265.65,255.42,260.9,257.75,255.42,258.15,257.15,264.5,264.54,270.7,263.92,259.77,258.1,265.37,260.35,260.67,262.42,258.15,261.1,266.8,257.85,257.6,256.45,258.97,267.35,268.02,261.12,259.35,260.37,261.47,263.52,263.6,260.2,259.47,261.17,257.62,255.75,261.35,265.82,271.02,271.65,265.32,265.75,266.62,267.4,268.97,267.39,262.62,261.05,261.57,261.45,266.8,269.14,265.8,259.35,257.87,259.15,260.49,262.74,264.8,265.25,266.15,265.52,263.62,266.07,266.02,266.2,266.32,264.75,266.67,269.8,272.05,270.74,270.75,271.32,271.97,271.05,267.97,269.95,270.7,269.25,265.95,266.99,268.82,271.39,270.74,267.45,270.6,272.45,270.57,270.82,270.47,270.65,271.02,271.89,271.95,270.8,271.12,271.85,272.24,272.12,270.95,271.7,272.97,271.95,272.2,271.05,269.55,270.3,271.42,272.97,272.85,272.1,271.65,272.2,271.57,271.95,272.57,273.32,272.75,271.85,271.32,271.22,272.6,273.85,272.92,272.85,273.89,275.75,275.57,274.57,274.6,274.67,274.17,274.57,273.67,274.7,273.49,272.97,272.3,273.35,274.3,274.2,274.45,274.77,273.2,273.55,273.62,274.05,274.1,274.35,275.02,273.85,273.87,274.45,274.17,274.0,274.97,275.2,274.12,275.17,276.22,276.35,277.5,276.85,275.5,275.62,275.92,275.3,275.05,275.15,275.75,275.45,275.99,276.55,277.42,276.87,278.12,278.52,277.0,277.62,278.97,278.22,275.95,276.17,277.24,278.45,278.25,278.65,279.32,279.8,279.2,278.89,279.77,279.02,279.35,278.55,278.27,278.95,279.17,278.7,278.9,278.15,277.85,277.37,277.27,277.85,277.67,277.64,277.4,278.6,279.19,277.62,277.2,278.42,276.57,276.02,277.49,276.12,274.17,274.37,273.87,275.24,277.85,272.85,271.87,271.92,273.82,273.8,273.35,272.2,273.17,275.77,276.72,274.8,273.0,273.49,272.39,272.8,277.12,276.75,275.82,275.75,275.89,274.92,272.72,273.39,273.95,268.02,275.32,269.87,266.6,267.74,271.55,270.62,271.7,271.3,269.14,267.22,265.55,265.6,266.37,267.3,271.42,266.8,265.67,263.9,264.22,262.87,261.67,263.6,271.97,265.35,262.3,262.3,263.25,262.52,265.05,271.14,266.45,267.02,267.55,258.64,263.2,271.15,267.32,261.12,265.1,270.17,273.95,273.92,272.95,273.17,273.67,273.99,273.57,274.9,273.45,273.12,274.97,271.25,272.85,273.97,269.45,266.27,275.22,270.14,260.7,260.42,262.47,262.85,264.1,262.55,268.07,267.67,260.64,255.85,260.37,267.85,266.72,266.65,266.05,267.57
268.32,265.8,266.78,267.6,271.35,272.07,271.72,266.52,263.95,264.05,262.9,263.43,261.77,262.32,262.35,261.82,260.97,267.25,268.85,260.45,261.73,262.2,258.45,258.92,256.5,256.18,266.1,263.95,261.1,255.93,256.47,253.75,260.12,268.2,269.35,269.88,273.15,271.15,269.07,269.65,268.13,264.43,261.32,262.4,270.9,265.15,263.5,269.07,262.93,261.5,261.1,261.22,262.58,265.3,264.6,260.6,259.32,261.1,259.1,259.25,261.95,268.25,265.47,265.38,265.32,263.35,261.77,263.43,263.12,263.5,265.07,262.87,264.63,260.7,265.68,262.95,261.72,263.1,263.5,263.55,263.68,262.52,266.37,271.9,272.7,272.52,271.93,270.85,268.6,271.45,270.8,272.95,269.02,270.12,267.7,261.25,268.1,271.93,264.47,263.2,262.13,261.57,267.47,271.97,270.55,270.47,273.35,272.9,273.07,268.18,263.2,267.88,266.5,269.13,272.4,270.75,269.55,268.3,268.87,270.55,272.4,270.38,268.07,265.18,263.85,270.37,271.53,269.3,267.32,266.45,267.15,270.57,271.53,270.55,270.68,271.7,271.55,271.53,271.7,270.57,272.35,273.6,274.35,273.45,273.43,273.57,274.07,273.78,274.2,275.72,276.35,274.15,274.27,274.88,272.97,274.72,274.97,274.55,274.2,275.35,278.25,276.85,277.0,276.15,277.53,274.68,274.25,274.43,272.6,273.05,273.4,273.97,275.05,275.52,276.15,276.65,277.1,275.57,276.47,276.05,275.75,276.27,275.32,275.85,276.02,275.95,275.72,275.55,274.77,275.32,277.4,277.88,279.45,278.38,278.47,279.3,278.8,278.45,276.9,276.68,277.53,276.97,277.22,277.93,277.88,278.6,278.82,278.15,277.22,276.4,276.47,276.9,277.55,277.4,276.57,278.18,279.55,278.75,277.87,278.5,279.12,279.82,280.05,280.15,279.27,278.18,278.38,279.78,279.15,278.47,278.97,279.07,279.15,279.9,277.95,280.02,279.5,277.85,277.4,276.87,276.62,276.55,275.77,274.8,276.95,274.75,275.57,275.3,276.07,276.18,278.15,276.75,277.68,278.85,278.07,276.87,278.4,277.68,275.45,277.57,275.55,274.88,275.12,275.88,276.18,273.3,272.53,275.18,277.45,277.0,273.57,271.1,272.32,271.95,275.5,278.0,277.55,277.47,277.82,277.22,277.68,277.8,278.32,277.63,277.95,277.37,277.2,276.5,274.8,272.7,271.15,271.55,271.97,272.63,272.22,271.32,271.45,272.55,271.32,269.63,269.05,265.88,266.55,265.5,267.9,268.78,274.0,271.82,270.87,273.68,272.12,271.03,272.82,273.5,269.57,267.93,269.2,270.7,269.52,267.72,266.9,269.68,270.02,273.68,274.55,270.27,266.83,269.3,271.52,272.25,271.2,272.27,272.25,273.77,267.63,267.15,269.07,276.1,274.78,275.3,275.35,270.2,266.85,273.02,269.72,271.35,269.9,266.65,266.68,265.35,263.13,260.25,258.37,256.83,258.7,259.55,268.18,273.72,273.88,273.45,273.63,272.35,271.95,269.45,269.3
271.08,271.55,271.57,270.12,264.47,261.28,260.55,265.4,267.37,266.85,261.77,259.38,257.7,257.05,256.8,260.5,262.6,263.57,260.03,259.6,256.13,256.4,258.57,260.02,259.65,259.65,261.3,261.6,258.27,258.43,261.98,269.72,268.05,269.6,270.12,268.93,267.8,273.07,272.95,272.22,270.93,271.82,272.22,271.7,273.7,270.2,271.05,273.03,274.27,271.65,267.13,260.68,266.88,265.5,263.0,269.68,267.45,260.22,263.12,266.43,265.9,264.53,266.6,266.4,260.9,258.65,260.35,260.9,262.85,256.68,258.05,263.9,262.27,263.88,267.33,268.35,262.68,261.75,270.93,265.8,262.98,263.48,267.78,271.32,266.38,265.12,264.85,263.4,262.65,263.4,265.55,262.0,261.45,262.05,261.95,268.7,272.02,266.28,269.6,270.63,273.8,272.97,270.62,270.27,270.92,273.65,273.32,274.4,274.23,265.57,264.77,265.2,267.03,267.77,267.87,269.47,269.0,266.85,265.15,265.57,266.62,266.9,267.15,265.97,266.3,270.2,269.93,270.1,269.3,269.35,269.95,271.65,270.43,269.5,269.18,271.88,273.3,275.0,273.68,272.3,270.2,269.95,271.8,273.95,274.55,273.65,272.28,271.68,271.97,271.4,271.22,271.8,272.25,273.35,273.57,273.82,274.37,274.0,272.37,272.95,273.2,272.7,272.55,273.32,274.52,274.53,274.65,274.28,275.15,276.22,275.9,274.25,275.07,274.95,275.8,276.15,275.52,276.28,276.0,276.32,275.4,274.03,274.47,273.95,274.18,274.77,274.55,275.02,275.35,275.45,274.47,275.68,277.07,276.8,277.68,275.1,275.28,275.87,276.13,274.1,275.72,276.68,277.78,278.62,280.63,280.22,278.15,278.2,277.95,278.15,278.3,277.85,277.73,278.55,276.98,276.88,277.0,277.16,277.43,278.28,279.16,278.75,278.0,277.7,278.55,277.98,278.9,279.13,279.53,278.53,278.15,277.15,277.7,277.18,277.78,277.5,275.1,275.48,274.43,275.65,275.48,275.68,276.45,278.28,276.3,274.91,275.63,276.38,278.3,277.78,276.9,277.93,278.0,277.35,277.85,277.98,276.45,273.68,273.83,274.2,272.41,271.95,273.48,272.78,272.0,270.45,272.38,272.7,271.66,273.05,275.03,274.05,273.6,273.48,271.85,270.25,271.58,269.58,268.66,269.91,272.43,272.78,272.33,271.55,271.05,271.25,272.73,268.16,269.35,269.1,269.43,269.38,271.55,271.05,265.03,266.78,268.8,267.83,271.81,272.78,269.38,269.93,272.53,270.16,268.43,271.1,273.68,272.1,272.13,273.18,273.68,275.65,272.33,274.16,270.53,270.93,273.28,271.48,270.48,269.88,269.35,271.0,272.25,269.55,264.65,264.75,265.03,273.41,275.23,274.35,273.78,274.23,271.78,267.63,270.03,270.33,265.53,259.58,262.3,269.5,266.35,262.65,263.43,263.56,260.78,259.75,261.15,262.3,261.5,262.0,262.03,262.65,260.31,259.95,262.15,262.7,267.2,269.33,266.2,263.55,262.6,262.35,262.08,262.45,270.38
272.18,273.33,271.9,268.08,270.85,271.9,267.93,265.25,266.48,269.88,271.23,269.3,262.48,257.3,262.2,268.2,268.93,265.95,266.78,260.6,263.58,270.78,267.15,269.05,256.2,252.25,259.35,263.83,266.13,267.48,268.88,270.81,268.8,266.35,264.45,261.05,261.88,265.55,260.43,258.0,265.05,270.9,266.28,263.48,263.05,266.15,267.48,264.48,271.03,263.16,259.38,259.65,257.35,261.28,264.2,262.41,261.83,258.55,264.9,267.18,268.73,272.58,270.35,267.73,261.13,269.08,272.95,262.35,269.7,273.93,273.13,272.1,269.16,265.6,263.48,269.41,272.23,271.4,268.85,270.43,273.25,272.35,272.08,271.2,270.23,268.75,269.98,272.3,269.0,271.55,272.78,270.03,272.58,272.68,272.83,270.73,270.1,270.83,270.03,267.73,266.5,266.83,272.23,273.5,273.0,273.03,273.93,274.23,274.4,275.48,275.85,274.35,274.41,274.33,275.18,273.68,274.18,269.7,269.1,269.18,269.93,272.78,272.63,273.23,274.3,274.03,273.8,273.13,270.55,271.3,271.95,272.73,271.75,270.73,270.98,269.93,269.66,270.06,270.28,270.68,271.1,270.28,270.1,271.85,272.45,272.18,272.23,272.95,273.6,274.48,273.63,274.15,273.23,272.05,272.25,271.33,271.7,273.33,273.78,273.66,274.08,273.4,273.08,273.53,272.81,273.68,274.08,273.63,274.08,274.15,275.25,274.5,273.6,274.23,273.83,275.03,275.9,276.1,276.38,276.88,277.25,276.03,274.88,275.53,275.08,276.05,277.58,276.98,277.3,276.65,278.1,277.8,278.03,276.95,276.95,277.2,277.7,276.08,276.7,277.48,277.48,277.3,276.85,277.55,278.95,278.25,279.33,278.43,276.78,276.68,277.3,278.23,278.97,277.45,277.4,277.2,277.78,276.75,277.4,277.8,277.48,276.68,277.15,278.55,279.07,277.1,276.65,276.68,276.65,276.2,275.47,275.55,275.05,275.22,276.7,277.97,279.18,278.07,277.25,278.3,277.97,276.83,277.7,278.85,278.93,279.87,279.97,277.22,275.02,276.0,277.97,277.75,274.22,273.6,275.68,275.27,274.55,274.55,274.68,277.0,277.72,277.37,278.13,277.5,275.53,274.5,274.45,275.9,277.1,277.57,276.25,273.82,275.55,277.82,276.37,273.72,273.57,273.63,273.25,272.47,271.07,272.85,275.95,274.8,271.0,270.43,273.02,275.4,274.2,267.8,269.12,270.9,271.25,273.57,272.22,271.82,272.7,272.65,270.72,267.5,269.3,269.88,273.62,271.6,265.85,265.9,266.37,274.82,268.65,266.07,264.9,263.77,264.15,263.03,272.13,268.58,264.5,265.43,263.9,263.38,263.82,265.1,266.47,267.43,266.15,267.03,264.03,265.4,266.6,268.0,267.0,267.82,266.97,265.47,262.13,264.8,272.57,272.1,268.05,265.2,264.8,268.3,270.35,261.2,260.4,263.82,272.1,271.45,268.13,261.62,262.62,261.85,259.55,260.57,260.05,259.93,270.45,271.82,272.32,271.3,272.93,274.82,271.2,271.23,268.87
267.82,269.57,269.63,271.55,271.9,272.38,272.77,270.43,270.82,271.07,272.07,267.95,263.62,262.1,266.07,273.4,274.35,274.27,273.0,266.8,262.93,262.82,261.15,269.6,268.88,264.28,271.32,273.07,272.63,271.45,269.52,267.4,265.05,265.57,258.3,260.32,265.15,269.93,274.38,271.6,271.15,268.93,270.65,267.68,268.75,272.18,270.22,265.43,261.47,260.22,267.6,272.12,269.75,266.65,265.8,265.22,267.87,267.35,266.95,263.55,262.57,270.57,266.88,264.43,263.0,260.05,262.32,263.95,268.95,261.45,257.43,260.47,263.78,265.9,267.6,268.5,267.27,265.05,263.6,270.03,264.62,264.65,263.18,263.6,271.05,267.68,269.55,269.93,269.6,263.53,264.85,262.78,266.72,269.62,264.22,262.25,264.33,270.72,271.03,266.4,267.38,270.97,272.2,272.9,272.52,271.9,274.0,274.68,274.05,272.38,272.7,271.53,270.9,267.98,269.05,266.53,267.28,269.9,271.15,273.1,274.7,273.48,273.41,273.8,273.95,272.35,271.95,271.83,271.66,272.43,272.1,271.43,270.95,267.88,270.48,269.73,271.55,272.45,270.55,270.73,271.75,272.15,271.98,270.18,270.0,272.18,272.13,272.18,272.73,272.68,271.7,271.45,272.45,272.18,272.7,272.15,272.4,272.68,273.08,273.98,273.08,272.93,273.45,273.83,275.25,276.78,277.9,278.68,276.63,276.33,276.0,275.18,275.83,276.15,274.7,274.93,275.03,274.4,274.0,274.75,275.83,276.75,277.55,276.75,277.83,277.18,279.5,278.35,277.73,276.93,276.16,276.2,275.25,275.0,276.13,275.2,275.53,275.48,276.98,277.55,276.63,275.83,275.25,276.0,276.85,276.33,274.23,273.58,273.5,273.78,275.75,273.98,275.98,275.38,274.86,275.85,275.83,275.23,275.2,275.91,276.95,278.03,278.41,278.4,278.0,277.6,276.98,276.33,275.88,278.1,277.78,277.6,278.5,276.23,275.73,277.65,277.93,277.8,277.18,275.8,276.66,276.1,276.38,277.18,276.95,276.48,275.58,274.53,275.65,274.58,274.7,272.58,272.55,273.0,273.25,273.43,272.93,274.23,274.48,272.9,272.18,272.3,272.41,272.55,273.28,273.43,273.98,273.83,272.03,273.88,272.1,273.1,273.63,271.03,267.68,269.0,267.2,268.38,267.3,272.0,270.88,268.35,267.66,267.68,264.13,267.58,271.38,272.38,272.28,266.18,269.4,270.85,268.6,268.48,268.5,269.13,266.98,269.63,270.08,269.73,273.1,270.7,265.43,267.35,271.73,270.8,265.0,264.81,264.95,269.7,273.3,272.88,270.3,268.23,266.73,265.9,264.95,269.7,269.25,266.38,263.95,264.03,269.3,273.33,272.08,270.78,267.63,268.38,267.58,262.23,265.23,261.85,266.66,268.98,271.53,271.4,269.83,272.65,273.88,270.9,271.33,274.38,274.6,273.33,270.33,268.05,267.68,264.65,265.05,267.85,268.63,271.88,272.8,273.05,273.55,272.55,271.75,269.65,270.53,273.53,268.31,273.48,273.95,272.18,266.93
266.57,272.85,273.68,272.0,273.83,274.28,273.65,271.58,269.0,268.58,260.58,263.35,270.05,270.08,269.45,267.73,273.78,273.13,272.78,273.45,272.5,270.8,269.56,268.45,271.58,269.5,272.53,263.85,260.66,267.7,270.73,269.1,268.18,270.23,271.93,266.43,267.15,264.23,263.53,259.15,259.85,262.06,256.35,255.75,260.5,265.98,270.98,271.33,272.2,270.23,269.45,272.65,265.75,267.05,264.03,262.88,262.48,262.58,264.88,266.05,266.73,263.8,265.0,263.2,263.58,261.23,265.55,265.5,267.75,261.2,264.7,272.35,263.23,261.13,261.3,262.98,258.65,259.8,260.56,264.28,265.48,267.75,270.31,269.58,270.3,269.66,269.25,268.33,266.2,267.28,267.7,266.25,267.7,269.63,269.3,270.25,270.2,268.4,267.35,268.23,273.6,272.85,273.35,272.43,272.83,272.48,271.63,271.3,272.75,272.93,271.6,272.9,273.33,273.31,274.45,274.98,274.08,273.78,273.6,274.23,276.1,275.68,275.1,274.9,273.95,275.0,269.91,270.05,270.33,272.1,271.35,270.3,270.38,270.15,269.73,268.85,269.03,270.0,270.68,270.4,270.68,271.48,273.25,274.58,275.3,274.35,273.18,271.66,271.88,272.13,271.98,273.1,274.25,273.38,273.63,273.68,274.53,273.88,274.0,273.9,274.2,274.1,273.08,273.91,271.7,271.93,273.05,273.88,272.75,274.5,275.83,275.2,274.65,273.5,273.95,274.35,274.63,274.23,273.25,274.1,275.55,276.25,275.98,275.4,274.98,275.15,275.15,275.3,275.5,275.73,275.63,275.28,276.03,275.93,274.75,276.25,276.7,274.91,275.18,275.16,276.03,276.33,275.95,276.68,275.98,276.5,277.6,277.68,278.53,278.0,277.95,276.78,276.88,277.08,278.0,277.2,277.75,278.78,276.85,275.18,275.75,276.78,277.45,277.88,278.53,276.7,276.85,279.03,277.45,277.3,277.7,276.83,277.68,277.38,278.3,278.8,278.98,275.58,274.78,277.43,277.53,278.33,278.68,278.53,278.23,277.93,277.4,277.95,277.23,277.88,277.63,277.58,275.08,275.05,276.08,274.85,277.05,277.33,278.23,275.38,274.3,272.78,272.58,272.16,272.83,273.38,273.85,275.25,275.1,275.08,275.2,276.0,273.68,272.08,272.83,274.85,272.83,273.06,270.68,267.53,266.65,268.05,275.28,273.95,274.6,270.48,270.18,272.33,269.33,269.2,270.93,272.9,271.4,267.53,266.78,269.95,269.83,268.55,266.38,265.35,266.93,267.58,268.13,267.8,266.43,265.93,270.4,269.93,266.55,267.13,268.68,267.28,265.15,266.75,267.48,260.15,259.23,259.66,261.45,266.05,269.15,271.83,273.15,272.7,272.73,269.43,268.75,269.41,273.68,273.45,268.83,268.83,269.08,271.03,272.75,273.5,273.1,272.43,272.53,272.23,271.98,272.53,272.73,271.75,271.0,267.73,266.03,260.75,262.8,263.48,262.28,266.58,272.25,267.1,265.95,260.33,262.68,268.25,271.8,261.9,262.18,264.08,265.3,266.58,271.13
268.43,264.08,266.75,266.58,263.78,262.66,265.98,259.95,258.13,256.7,262.13,272.13,270.75,268.23,267.91,265.05,263.33,266.08,266.5,264.98,263.53,262.0,264.33,270.83,263.13,256.2,257.85,259.83,261.78,272.0,271.5,270.78,272.4,267.2,267.16,268.2,264.86,260.33,258.03,254.98,257.63,262.68,264.53,264.66,262.1,268.93,273.53,274.18,273.05,272.68,272.1,272.25,271.78,271.18,271.73,271.2,271.78,264.4,263.25,265.93,263.38,259.23,262.88,271.98,271.95,271.53,270.85,270.4,273.03,273.75,272.83,271.5,269.6,270.83,267.78,265.23,263.58,261.48,262.2,270.75,269.85,271.25,269.95,267.43,267.03,263.88,265.25,261.33,265.7,264.56,270.18,261.05,265.33,265.48,262.5,264.0,264.1,265.08,265.98,271.23,269.88,268.3,269.55,267.43,266.03,264.2,263.9,263.5,264.38,266.13,265.88,265.98,266.53,269.63,272.38,270.5,267.88,268.53,270.13,271.4,270.43,270.2,270.56,270.8,269.05,267.68,267.1,267.73,268.35,273.0,273.23,273.35,272.55,272.43,272.45,271.75,271.38,272.93,273.45,271.85,272.8,273.48,273.15,273.1,271.68,269.83,269.53,269.98,272.38,271.06,272.53,273.25,274.88,273.6,273.75,273.2,273.13,273.33,273.91,273.55,272.43,272.15,272.05,273.25,273.3,272.75,272.98,272.9,272.75,273.33,274.13,274.18,274.48,274.73,273.98,274.23,274.25,273.95,274.4,272.9,273.03,273.43,274.56,275.03,274.83,274.8,275.1,275.7,275.58,275.88,277.35,276.08,274.58,274.28,272.85,273.4,274.1,273.78,274.15,273.83,273.93,273.93,274.35,274.58,274.83,276.45,276.95,275.75,276.1,275.85,275.95,276.58,276.81,277.08,278.33,276.75,278.8,278.65,277.1,277.13,276.95,276.08,275.93,276.9,277.2,276.7,276.9,277.8,276.25,276.33,276.3,276.45,277.16,278.25,277.25,276.33,275.81,275.65,275.15,274.4,274.5,274.23,274.65,275.18,275.43,274.38,276.18,277.08,277.1,276.03,274.38,273.53,273.75,273.85,272.63,273.43,273.1,273.58,273.88,273.2,272.98,273.55,270.95,272.68,273.38,272.33,272.6,271.7,272.78,275.31,273.23,274.05,276.5,272.43,270.75,270.98,269.55,272.43,273.88,270.35,265.85,268.1,268.38,268.4,268.75,274.13,271.1,268.65,270.15,268.08,266.2,273.68,268.63,271.5,273.43,268.33,269.8,266.48,275.4,272.78,270.13,269.9,270.75,271.78,272.73,273.75,272.13,271.2,268.23,266.55,267.4,271.25,271.1,270.45,268.31,267.13,264.48,271.8,270.4,264.78,263.95,263.48,266.88,269.03,265.0,263.23,261.9,260.53,261.3,262.18,267.68,270.2,270.8,273.35,273.33,270.78,267.2,268.58,268.85,268.58,267.35,267.88,265.53,263.15,264.5,272.25,269.7,270.33,272.38,270.8,266.7,270.25,264.78,266.28,262.88,268.3,267.1,259.33,258.7,264.08,265.9,266.15,263.08,260.5,272.35
274.38,271.97,265.07,272.3,271.45,269.65,270.6,271.53,271.05,267.0,258.9,257.7,261.47,263.52,264.53,262.07,261.28,266.05,275.0,272.13,268.72,262.4,266.15,268.23,268.8,266.2,263.15,265.82,263.47,259.6,258.13,263.13,266.45,265.97,269.22,272.1,273.38,271.18,271.95,273.27,271.62,268.8,266.68,262.5,261.47,271.52,264.27,260.05,260.02,262.72,271.15,270.87,274.25,273.5,270.0,263.35,266.05,268.93,273.12,265.68,264.05,262.47,263.45,262.07,262.55,262.18,271.43,272.6,272.25,273.73,273.78,272.6,269.85,266.78,264.32,262.8,263.1,263.83,266.43,262.6,260.4,261.15,260.8,260.37,263.8,262.4,263.72,262.95,263.72,262.88,264.38,264.4,265.02,267.27,267.18,267.03,266.97,266.78,272.05,268.5,266.95,264.88,265.22,266.13,264.75,261.22,261.7,260.4,262.4,263.97,264.7,265.97,263.68,265.22,268.45,272.6,272.85,272.82,270.97,271.38,269.75,270.62,271.15,271.85,272.62,268.12,266.93,268.0,266.72,266.87,267.72,267.82,269.07,270.7,271.05,270.33,270.07,269.95,270.57,271.4,272.72,273.32,273.18,273.1,273.5,272.9,272.32,271.68,272.6,274.35,274.38,273.6,273.57,274.5,275.88,273.45,274.25,274.93,275.43,274.95,275.13,273.5,273.8,274.28,273.43,273.85,274.0,272.15,273.23,273.6,273.72,273.55,273.53,274.25,273.27,273.6,273.35,274.02,273.95,274.2,274.6,274.95,275.32,275.55,275.15,275.32,275.38,276.05,275.15,275.4,274.85,274.6,274.82,275.47,275.87,276.32,276.05,275.6,274.75,274.62,275.68,275.93,276.25,277.9,277.38,275.15,276.15,276.27,276.55,276.32,277.18,277.25,276.78,276.72,277.25,277.15,276.62,275.8,275.8,276.0,275.93,274.12,273.8,273.57,274.75,275.7,276.27,275.75,276.97,277.47,278.13,278.4,277.6,276.93,277.82,278.78,279.15,277.88,278.05,278.03,275.38,276.28,276.9,277.0,274.65,273.65,274.03,275.13,275.35,276.53,277.75,278.53,278.85,279.56,279.8,279.35,279.31,278.8,278.88,279.45,280.03,277.91,277.75,276.33,274.48,273.73,274.35,277.0,275.35,275.16,273.7,273.85,272.43,272.0,271.83,270.43,270.6,272.88,276.2,275.93,276.78,276.18,275.95,275.55,272.23,274.5,270.38,266.28,267.28,268.18,275.05,275.1,272.25,270.18,267.63,269.03,271.6,272.58,269.23,264.68,265.48,265.65,266.58,271.63,269.9,268.05,269.05,273.18,268.03,271.6,269.8,270.95,268.95,265.45,258.93,259.43,261.05,261.05,262.63,259.91,262.38,263.18,261.73,259.93,261.03,266.63,270.5,270.5,270.65,272.43,265.66,266.73,268.03,270.45,269.75,267.13,267.95,268.33,265.68,269.83,272.4,269.7,266.73,272.0,270.35,271.43,270.98,271.48,274.31,273.65,272.06,272.16,268.66,263.28,263.58,264.13,267.33,272.75,271.38,265.03,267.98,269.85,263.85,259.28,259.1
259.93,263.45,263.4,265.9,257.47,256.9,259.18,259.95,259.35,264.0,257.03,254.73,257.7,259.43,259.47,267.68,271.88,273.48,272.57,272.72,272.25,270.68,267.53,268.65,271.28,273.1,272.98,272.98,272.18,270.7,268.53,267.53,264.45,265.28,268.15,268.85,268.65,267.53,268.18,267.5,267.66,266.25,264.08,264.28,263.28,265.38,271.6,272.53,269.63,269.48,264.4,258.55,262.33,263.28,259.95,258.33,260.58,259.83,260.28,266.03,271.68,268.7,269.78,268.75,264.5,269.48,270.7,269.73,268.81,266.28,266.6,263.05,261.58,264.38,267.63,259.18,258.65,265.38,258.58,264.28,269.83,270.2,268.48,262.91,262.38,262.45,260.45,264.08,265.53,262.98,262.05,263.93,262.93,263.08,265.13,269.2,267.48,268.13,270.13,270.88,264.68,264.48,263.95,264.1,263.35,265.25,266.05,264.85,263.98,268.73,265.23,265.8,266.7,269.83,268.43,267.66,269.85,269.98,270.53,273.03,274.0,274.05,273.78,273.03,273.75,273.2,272.63,271.35,272.35,272.48,271.6,273.05,272.58,273.3,273.75,273.35,273.33,273.6,273.08,272.65,272.9,274.05,272.55,270.33,270.38,270.45,272.13,271.45,273.45,273.0,272.38,271.41,271.3,271.03,271.05,271.23,271.3,271.58,272.0,271.55,272.13,271.68,272.55,273.2,273.63,273.4,273.4,272.9,275.5,276.98,276.13,275.68,275.63,274.95,274.68,273.83,273.85,274.35,274.75,274.0,273.08,274.88,276.41,276.78,276.9,276.78,277.3,275.18,275.05,276.65,277.43,276.73,275.95,275.85,275.93,276.0,274.95,276.16,275.93,276.93,275.93,275.23,274.85,276.48,277.93,277.6,277.15,277.3,277.9,278.1,277.81,278.45,278.05,277.15,278.4,277.48,278.73,279.03,278.75,277.7,278.48,278.3,277.63,277.08,276.45,276.38,276.55,276.25,275.93,274.98,274.6,277.35,279.55,278.41,277.35,277.85,278.25,279.25,279.1,277.33,277.55,277.5,275.25,275.4,276.03,275.68,275.08,274.63,275.65,277.33,277.9,278.18,274.95,275.58,273.63,273.48,274.98,276.07,271.92,271.1,274.15,277.05,276.25,274.57,274.55,273.77,270.85,275.02,274.07,273.82,272.82,272.4,272.5,271.43,270.9,270.02,270.42,270.27,269.82,268.95,269.95,272.4,270.4,270.15,269.35,273.53,271.35,266.53,268.2,272.57,268.78,272.95,268.77,267.03,268.65,273.37,271.12,271.37,271.87,265.28,266.92,271.17,270.65,272.27,271.77,267.45,269.45,270.0,271.28,274.1,271.42,271.87,271.35,275.17,274.27,266.85,264.12,266.22,269.55,272.57,271.92,266.0,267.62,274.45,272.8,271.1,271.22,271.57,269.2,262.05,262.87,265.22,264.32,267.85,271.8,270.1,271.35,274.67,270.72,268.57,274.32,275.05,275.45,274.65,272.55,271.57,274.07,272.37,269.45,270.65,269.62,263.2,268.9,268.22,268.17,268.2,273.85,272.52,270.97,267.9,265.57,266.62,265.9,261.85,264.8
269.02,266.03,261.37,264.12,264.02,266.22,261.37,261.1,262.6,259.15,260.57,262.77,268.87,271.5,273.25,270.1,271.62,270.2,264.15,264.72,271.1,271.62,273.25,271.25,273.32,267.87,264.1,265.25,266.52,266.07,268.8,270.47,267.4,268.12,272.37,270.97,268.05,266.4,267.97,263.1,261.4,261.15,261.25,265.87,268.32,264.72,265.7,266.92,269.9,269.17,268.2,266.95,268.72,264.6,262.62,271.07,269.2,269.72,267.7,266.42,265.68,261.42,262.6,267.67,269.87,259.92,257.47,259.95,262.47,261.8,263.8,263.2,262.37,261.3,262.72,260.1,261.77,263.95,262.05,260.4,265.87,266.87,266.32,263.42,262.52,263.15,264.15,265.25,265.55,267.05,272.35,272.2,272.52,272.5,273.1,273.72,274.95,273.32,269.95,269.65,273.1,267.4,264.62,266.75,266.3,265.6,265.67,267.05,266.7,265.52,266.3,265.47,265.47,264.75,264.92,267.47,265.7,267.45,267.57,267.72,267.53,269.1,269.75,269.85,271.5,273.05,269.8,270.85,269.97,269.95,269.75,270.82,272.28,273.5,273.67,273.37,273.95,274.3,272.72,274.2,273.2,272.22,271.75,271.75,272.37,273.32,273.4,272.87,272.52,271.35,270.97,270.35,272.0,271.12,270.0,272.62,271.6,273.07,272.42,271.17,272.23,273.95,274.57,273.67,274.12,273.37,273.8,273.92,275.07,273.2,273.15,273.67,274.15,274.27,273.68,274.2,275.03,274.7,274.62,275.45,275.12,275.42,275.12,276.27,276.6,276.07,275.68,275.5,276.0,277.12,276.5,276.67,276.6,276.3,275.7,275.67,276.17,276.67,277.6,274.05,273.87,273.62,275.2,276.42,276.22,276.6,276.5,276.77,275.62,277.45,276.87,276.4,276.8,276.7,277.3,278.65,277.92,278.1,277.67,277.7,278.17,275.95,275.87,277.95,275.87,275.55,274.85,276.82,276.22,275.85,275.62,277.22,278.2,277.72,278.62,278.25,277.25,275.95,276.15,277.47,276.92,276.42,276.5,276.22,277.75,276.12,275.97,276.45,274.52,274.25,276.22,275.75,277.6,279.02,277.9,277.37,276.6,275.57,273.45,274.95,276.37,275.7,275.4,274.37,274.0,273.45,272.35,275.12,276.47,278.12,278.77,277.57,278.62,277.52,277.1,278.1,277.43,274.25,277.62,277.9,273.2,269.15,268.62,266.47,266.22,268.1,271.62,270.43,269.47,268.2,264.22,265.72,272.95,272.65,271.7,271.85,270.55,268.87,267.92,269.2,270.17,269.07,271.82,270.65,268.92,267.72,270.07,270.5,265.3,262.45,261.4,263.8,264.27,265.32,268.4,266.45,266.15,262.32,265.7,263.8,264.07,265.6,267.7,266.77,265.97,267.1,268.7,264.97,265.87,267.65,269.9,270.2,269.82,269.87,269.3,268.45,266.65,264.0,261.6,260.75,262.27,259.6,260.95,269.35,268.55,268.12,264.0,269.82,259.15,263.0,270.65,270.15,263.35,262.37,267.57,267.17,267.2,270.2,269.4,265.82,267.97,271.82,267.65,262.55,262.28
262.8,268.4,268.65,263.27,258.05,260.07,264.37,263.42,270.8,266.67,265.72,266.32,264.97,262.4,262.37,267.25,269.43,267.68,265.17,270.65,264.85,260.47,262.0,264.12,264.52,265.32,263.78,263.3,259.3,266.7,270.68,267.92,268.47,270.57,272.68,271.47,270.72,269.97,268.47,266.68,270.3,271.12,270.6,271.67,272.65,272.42,272.22,270.95,266.95,268.0,268.0,263.75,259.47,267.22,271.57,271.62,270.05,266.07,266.05,270.92,263.97,259.05,259.28,261.82,267.55,267.53,263.52,265.97,266.05,261.45,260.87,257.03,270.92,272.52,269.07,264.17,261.72,265.2,259.07,260.37,259.7,258.18,261.43,264.2,265.53,263.3,263.42,262.5,261.87,269.25,271.22,272.3,271.27,268.72,267.02,267.37,271.1,270.92,261.32,269.97,267.32,265.75,266.53,270.7,270.48,267.87,265.0,264.02,270.42,270.52,270.22,266.55,271.97,271.97,271.87,272.17,268.77,272.12,271.68,273.85,272.8,273.02,270.32,269.57,271.82,272.5,272.87,271.2,271.6,274.15,274.52,273.7,273.77,273.75,272.47,271.55,270.3,268.9,269.0,269.05,269.97,271.4,272.6,272.35,271.97,271.32,270.92,270.55,271.67,272.3,273.05,272.1,272.6,273.57,272.6,272.25,272.62,273.27,273.65,274.42,274.77,274.17,274.2,274.25,274.35,275.12,275.07,274.97,274.87,274.75,274.5,274.17,275.75,275.97,275.82,276.45,275.25,275.92,277.17,276.0,275.92,276.65,275.07,274.65,273.9,273.8,275.53,274.5,274.42,275.0,274.8,274.67,275.15,275.27,274.17,275.32,275.12,274.52,276.35,276.47,276.5,274.75,275.4,275.85,276.67,276.9,277.82,276.92,277.9,277.57,277.42,276.27,277.05,275.32,276.27,276.35,277.62,276.82,277.27,276.87,276.67,276.0,276.02,275.75,275.5,277.7,279.45,279.8,279.92,279.45,278.32,277.75,276.45,277.12,276.47,275.42,275.3,276.2,277.45,275.0,275.9,277.07,278.32,277.22,277.2,277.7,278.25,276.97,276.82,275.62,276.05,277.1,277.22,276.1,274.45,275.07,275.12,274.42,275.3,274.92,277.95,278.75,279.07,278.97,278.62,277.05,277.77,278.55,276.42,276.35,273.85,271.92,271.47,277.75,274.35,273.07,276.35,273.95,270.75,269.55,271.9,275.27,275.05,269.2,266.95,269.82,276.28,268.8,270.37,270.12,269.67,270.47,269.15,267.7,272.92,276.4,270.5,269.77,275.4,275.25,274.35,271.12,267.8,265.53,267.12,268.35,270.28,276.8,276.57,273.05,264.6,264.27,271.82,266.65,274.75,266.98,262.62,262.77,269.85,268.02,265.15,266.45,268.25,271.6,273.92,273.75,272.57,265.47,265.9,266.45,265.0,264.1,268.6,271.82,265.05,262.17,263.27,263.17,261.7,261.25,260.45,262.0,264.95,266.52,268.2,262.72,266.42,271.42,271.37,269.15,269.95,266.98,269.17,273.4,274.25,272.42,273.05,270.97,269.18,266.97,264.97,260.5,263.5,262.0,268.78
275.25,275.32,274.47,273.28,274.2,270.53,270.72,270.5,273.28,273.88,272.5,269.6,265.45,271.7,265.07,269.53,271.03,274.47,274.4,273.03,271.2,268.55,269.37,268.9,269.48,274.85,270.07,271.05,273.75,274.7,268.75,268.95,269.18,265.02,272.87,273.2,267.2,273.25,271.15,266.63,265.93,261.7,260.22,260.02,260.62,260.72,265.32,259.37,257.88,264.18,266.82,265.22,262.75,261.97,261.28,261.5,265.0,274.07,270.9,266.52,260.25,272.07,274.0,270.65,270.75,273.25,272.88,270.72,268.92,266.53,262.7,257.95,263.5,267.0,261.32,265.4,268.78,266.6,265.02,265.4,266.6,265.72,261.55,265.53,271.55,269.88,270.25,270.03,265.62,261.13,259.73,262.97,262.57,260.15,259.82,263.9,263.75,265.8,267.85,266.15,266.05,265.07,265.52,265.1,264.65,262.77,263.55,264.12,264.65,266.4,266.38,267.18,266.55,265.2,267.45,267.28,264.25,262.27,266.75,263.97,264.92,263.2,265.57,269.3,269.45,269.82,271.2,269.72,268.47,265.08,266.78,268.77,269.65,271.45,270.9,271.2,271.63,271.85,272.78,272.05,270.52,271.27,274.4,273.2,272.6,273.52,271.18,273.02,273.13,271.8,272.87,273.93,273.05,272.47,272.82,274.32,273.47,272.9,273.35,272.47,273.12,272.9,273.0,273.22,273.07,273.85,273.68,274.3,274.43,274.13,272.9,273.9,274.6,274.72,274.15,274.9,273.55,274.63,274.45,272.9,273.18,273.6,273.12,273.15,274.35,275.07,273.12,273.57,273.82,274.25,274.75,276.55,277.5,276.57,277.43,276.9,275.52,274.85,275.62,276.15,276.03,275.92,276.05,275.97,275.0,275.5,275.88,275.6,276.9,277.55,276.1,276.93,276.5,276.0,276.22,275.62,276.5,276.47,276.85,277.68,277.47,276.45,277.72,277.65,277.27,278.22,278.22,276.8,276.7,276.53,276.63,275.85,275.75,274.93,275.05,275.32,276.5,276.4,276.32,275.68,277.93,278.07,276.65,276.88,276.5,275.85,275.05,274.2,274.05,274.0,272.18,272.6,274.18,276.38,276.75,277.1,275.97,275.35,275.77,275.65,276.62,276.72,275.8,274.52,273.57,274.93,273.9,272.6,271.45,273.07,275.25,276.0,277.13,277.55,276.05,276.35,277.35,271.38,271.85,273.1,275.08,271.75,269.78,268.32,273.45,276.15,275.55,274.35,269.25,267.28,267.67,267.02,267.0,267.82,266.0,266.72,263.65,267.77,268.22,265.37,264.87,269.55,274.8,271.22,270.57,273.6,272.62,269.9,264.55,264.67,263.07,263.22,263.8,267.87,266.72,262.92,265.32,274.67,274.32,273.32,269.9,267.9,267.15,268.42,269.55,269.02,271.9,274.5,274.25,274.2,273.45,273.9,272.35,271.5,272.6,273.32,272.4,270.93,271.15,268.65,269.35,272.0,267.55,267.27,266.75,269.35,270.12,270.92,266.65,262.95,266.32,267.7,269.82,270.2,262.75,267.52,262.95,260.22,254.07,256.9,257.1,257.97,261.53,268.2,268.82
269.8,267.17,268.2,268.27,271.2,268.87,264.78,261.37,269.47,272.82,267.67,264.85,268.55,269.7,267.5,262.17,267.3,265.15,265.7,270.02,263.67,260.02,257.77,260.32,262.87,264.5,266.07,265.93,266.12,265.07,261.12,259.9,260.15,267.12,269.45,262.17,261.85,262.02,264.82,261.47,269.75,270.53,272.0,270.9,267.47,263.97,268.97,263.9,260.22,260.7,257.67,255.67,252.87,257.42,258.5,256.82,257.27,267.25,263.5,256.75,259.92,256.35,256.27,260.15,260.2,259.55,262.1,259.05,259.5,263.65,264.27,263.6,262.27,261.85,263.05,269.3,270.47,270.37,271.82,272.72,271.8,267.65,265.42,264.85,262.27,261.67,264.02,268.07,266.97,264.1,262.87,262.27,264.3,263.62,265.22,264.57,263.92,262.85,263.1,263.25,266.62,268.5,268.75,266.52,270.75,271.17,269.47,267.27,265.92,267.12,272.52,271.6,270.15,267.17,263.15,263.3,265.92,265.55,266.35,267.45,267.7,267.85,268.0,269.17,269.72,270.3,268.95,269.02,272.2,270.45,272.02,272.1,271.82,272.8,273.57,273.65,274.75,272.27,273.27,274.45,274.75,273.87,274.17,271.3,270.0,273.2,273.45,273.22,274.02,273.6,273.45,274.67,275.57,273.8,274.22,276.5,275.15,274.15,273.42,274.4,272.37,273.55,274.85,273.97,274.57,274.07,274.17,275.15,274.6,275.3,276.92,277.12,275.52,274.05,274.67,275.37,275.37,275.72,276.1,276.87,277.37,276.15,277.15,277.87,277.0,277.53,276.02,275.9,274.47,275.6,275.87,275.25,276.5,277.0,276.02,275.28,275.5,276.22,277.72,276.42,275.57,276.05,276.25,277.0,276.0,276.57,277.42,277.4,277.97,277.32,279.37,277.57,277.1,276.35,277.87,276.77,278.05,277.4,277.05,275.45,276.02,276.67,276.87,275.6,274.62,277.77,276.95,276.9,278.6,277.52,278.35,277.2,276.15,276.75,277.4,278.1,279.45,277.65,276.05,275.62,275.3,276.57,278.4,279.55,278.77,278.87,276.37,276.12,277.4,277.67,278.12,277.0,276.15,275.4,276.9,277.37,275.42,276.67,277.92,279.02,279.0,278.15,279.12,278.77,278.6,277.92,277.87,277.65,277.37,277.95,278.47,275.82,276.2,273.75,273.85,273.6,274.27,275.27,277.15,277.42,276.2,274.15,269.22,268.57,269.35,269.97,266.95,268.37,268.65,266.85,267.4,267.37,269.22,269.07,269.52,270.3,269.47,268.07,270.15,267.67,265.92,268.4,268.8,268.7,266.6,266.95,265.47,266.37,263.77,260.5,261.95,263.67,263.9,261.05,259.25,261.97,260.95,263.55,263.35,258.87,260.0,260.67,261.0,262.47,269.47,262.77,263.9,260.57,260.87,270.9,270.37,259.75,258.0,258.45,258.8,262.62,263.97,260.7,258.77,261.92,260.25,260.27,268.45,273.2,271.9,265.12,265.27,272.77,273.45,271.82,267.02,271.77,274.3,274.22,272.65,272.37,270.37,272.82,271.3,271.62,271.15,270.62,270.35,268.92,271.2
