271.23,271.8,271.48,272.33,272.46,271.38,271.65,271.58,271.46,271.3,271.63,271.95,271.78,272.96,273.48,272.93,272.38,271.3,271.08,271.15,271.13,272.13,271.73,271.53,271.58,271.43,270.86,270.66,270.93,270.28,269.6,268.93,268.35,267.36,268.23,270.35,265.5,266.8,265.91,257.48,262.5,261.96,251.78,258.48,265.11,265.58,261.18,261.61,266.33,268.23,264.43,264.11,264.68,265.71,254.08,255.15,246.68,240.5,242.28,241.41,242.63,253.55,260.13,256.3,261.46,254.03,254.4,242.51,239.61,239.58,238.08,230.21,227.75,233.11,238.88,240.08,237.61,234.48,235.98,237.4,234.0,234.73,233.05,234.4,243.56,243.4,242.25,245.43,236.46,234.65,238.16,240.33,244.3,244.25,246.0,258.83,263.03,261.43,261.83,256.65,252.55,251.21,247.46,242.91,241.68,235.73,241.03,238.33,237.8,240.78,247.58,259.91,262.18,257.75,247.16,253.71,248.65,254.36,247.25,238.16,242.4,241.68,236.88,234.08,234.53,222.03,217.3,220.08,220.43,222.71,218.45,227.55,231.21,226.5,223.75,215.08,218.4,217.11,219.9,217.93,218.45,221.61,222.15,234.61,234.71,237.18,231.13,233.0,251.43,231.48,232.25,232.23,233.86,231.21,225.86,226.03,222.48,230.21,226.33,221.18,221.18,229.81,233.86,229.03,226.98,227.86,227.73,221.08,238.05,247.36,235.61,231.33,233.96,222.36,221.9,221.21,217.23,217.75,220.71,220.03,216.93,223.61,224.5,219.96,230.75,240.21,233.98,220.13,217.23,215.46,219.58,233.46,219.23,211.78,216.36,222.48,227.23,230.7,234.18,230.26,228.73,236.11,232.03,221.56,222.48,223.23,223.08,214.66,217.91,213.05,211.56,217.93,222.13,234.03,236.33,238.53,236.81,228.93,233.01,250.11,254.4,256.5,250.45,244.05,239.11,237.43,233.33,245.33,240.9,233.88,234.13,221.5,219.65,219.61,226.58,225.73,228.73,225.23,231.23,225.36,222.55,232.36,256.83,260.78,257.43,253.98,241.96,228.75,230.61,232.66,236.08,237.15,238.11,232.81,224.03,219.48,220.86,218.96,230.38,230.36,232.21,249.48,245.68,238.41,237.83,241.15,235.48,228.61,233.46,233.23,229.25,232.56,232.73,228.71,234.33,234.46,225.23,229.16,230.9,236.25,243.13,244.71,251.88,255.78,255.75,254.4,245.25,241.58,242.11,246.71,247.58,239.36,238.03,239.8,243.01,246.08,243.41,242.86,240.33,241.78,246.88,249.33,248.53,257.16,254.58,252.71,253.28,248.36,251.73,251.08,256.0,260.05,258.66,251.93,253.88,253.83,252.78,254.08,252.11,248.3,252.58,251.93,259.31,259.55,258.98,262.9,267.36,269.75,263.8,262.25,265.55,269.08,268.81,269.88,272.11,272.36,271.58,270.41,269.8,270.1,270.11,270.4,270.43,270.13,270.05,270.43,271.13,271.38,271.71,270.81,270.05,268.75,269.23,268.66,268.73,268.5,267.73,268.66,270.46,271.21,271.5,272.0,271.53,271.98,272.06
272.15,271.28,271.95,271.6,270.43,270.63,271.23,271.21,270.91,271.36,271.33,270.38,270.63,270.16,270.86,269.56,269.96,270.46,270.55,270.55,270.71,270.78,270.68,270.53,270.03,269.73,270.46,269.56,268.43,268.63,268.43,267.81,267.96,269.91,269.05,266.36,267.41,266.55,265.48,267.98,262.53,262.35,264.58,267.63,268.31,269.8,262.36,257.26,258.71,259.43,255.88,253.13,255.21,255.83,252.13,257.83,256.68,247.0,249.36,250.33,245.63,244.88,244.06,239.33,237.58,238.93,241.31,243.53,240.43,233.46,229.96,235.88,235.15,238.63,239.38,249.3,250.68,243.75,238.75,233.93,232.18,226.46,229.63,236.56,250.08,264.25,262.63,258.18,258.0,257.0,254.05,252.78,242.33,239.13,233.03,230.4,227.21,226.63,235.98,247.81,246.8,234.28,228.4,223.11,220.48,222.36,232.48,247.86,253.86,250.58,235.61,238.25,241.03,226.68,229.28,231.48,225.53,220.28,219.46,219.63,218.83,227.61,230.33,229.93,228.93,219.93,223.25,219.15,216.88,217.5,215.43,220.63,226.53,234.81,245.53,230.93,220.66,216.4,215.38,215.71,216.28,219.33,219.53,217.13,225.18,222.11,224.03,218.75,218.98,225.98,227.56,220.03,226.08,227.36,226.78,226.48,223.51,223.56,216.88,214.2,221.5,231.01,220.18,217.98,229.11,231.15,231.03,237.86,249.88,244.78,255.66,258.28,254.4,250.66,241.43,233.36,226.28,230.78,236.48,236.28,233.53,229.61,230.16,226.91,223.86,225.38,224.58,225.43,230.93,231.63,227.4,224.78,217.21,218.93,218.93,223.05,221.96,213.71,219.18,226.11,227.91,230.4,231.38,222.9,220.65,224.38,227.86,222.83,222.98,222.41,217.03,218.18,223.98,220.5,232.86,230.96,228.28,226.03,235.88,244.43,252.18,249.23,237.3,232.75,228.7,223.56,223.36,218.95,216.75,219.83,219.25,225.73,218.9,215.05,219.51,223.36,227.53,228.98,228.66,224.58,215.28,217.9,229.33,242.65,255.55,249.73,244.26,238.81,244.08,248.23,237.86,235.75,238.88,239.36,238.96,249.36,243.83,237.41,231.36,225.53,231.43,233.8,224.66,225.86,235.73,241.83,236.93,236.83,233.68,230.48,234.41,238.8,241.63,240.73,232.03,229.21,230.88,237.58,235.8,230.08,232.73,239.36,236.56,234.46,235.13,237.61,241.78,245.26,241.23,241.06,244.3,245.86,242.28,240.75,254.31,252.75,270.0,269.41,265.88,267.96,267.86,267.75,262.4,261.75,257.91,260.28,259.41,252.36,256.48,262.98,263.81,265.0,265.55,266.73,267.48,266.93,266.36,268.05,267.71,268.23,271.3,270.28,268.46,267.68,268.96,270.03,270.65,270.43,270.18,270.71,270.78,270.75,270.48,270.43,270.98,271.88,271.75,271.25,270.71,270.05,270.75,270.75,269.75,269.73,269.98,269.96,269.5,269.58,270.11,270.8,271.71,271.98,271.73,270.78,270.71,270.78,271.21,271.48,271.13,271.16,271.58,271.63,271.43,271.3,272.5
272.15,271.13,271.31,271.98,271.86,271.48,271.83,271.55,271.55,270.43,270.71,271.0,271.18,270.63,271.25,271.96,271.03,270.55,271.06,271.16,269.71,268.61,271.11,271.31,271.38,270.96,271.13,270.31,270.53,271.33,270.88,270.86,268.86,270.71,271.06,270.46,270.9,268.21,264.08,265.11,265.63,260.71,262.58,265.53,267.46,268.83,270.08,270.05,268.4,267.73,267.78,267.68,267.5,267.48,264.78,263.48,264.96,267.43,264.25,255.61,248.93,246.98,249.63,244.38,248.0,253.96,253.88,251.0,244.26,242.31,236.13,234.41,241.8,242.75,238.71,231.75,229.21,235.26,240.58,246.23,258.83,251.31,243.86,242.83,237.5,228.86,232.61,234.41,230.53,233.36,231.4,233.63,236.05,231.91,229.11,234.5,262.58,264.05,265.78,256.36,238.33,236.68,246.01,237.68,233.4,231.55,243.48,245.48,240.8,227.08,229.78,252.76,250.18,228.43,227.86,233.98,234.53,220.9,228.31,227.61,218.43,221.33,229.5,225.08,220.4,227.96,231.68,228.46,226.31,230.93,228.88,242.08,243.58,249.73,234.33,229.93,230.7,230.36,229.96,229.13,235.86,245.21,246.66,256.61,246.0,242.25,241.58,231.46,222.93,221.63,226.3,232.38,236.68,231.66,229.63,221.55,217.03,222.86,223.48,229.71,230.5,227.11,225.21,225.61,217.4,232.23,247.3,248.08,247.08,246.23,241.83,240.73,240.75,253.76,243.06,243.96,242.23,238.96,245.76,250.46,243.71,244.28,245.03,247.66,242.93,247.08,244.75,237.63,234.53,236.05,245.75,246.46,239.46,233.0,237.61,229.53,232.83,240.15,239.08,230.13,237.5,238.61,228.81,233.93,236.63,233.3,219.86,218.65,222.88,230.9,234.33,243.63,251.38,249.98,245.21,252.46,241.86,244.08,248.93,247.88,246.1,247.11,246.71,237.15,227.8,234.53,238.38,248.48,255.98,251.71,249.61,243.61,244.48,244.61,242.3,239.38,245.33,250.25,252.28,249.43,242.73,238.25,239.71,240.36,226.68,219.88,224.38,235.53,235.36,223.58,226.26,228.51,231.33,229.73,229.36,226.73,225.23,227.08,234.15,218.36,217.26,218.75,214.23,219.73,225.53,237.48,246.83,248.41,249.18,245.81,238.13,228.5,230.88,237.08,240.68,237.55,237.68,240.3,233.08,232.23,238.33,244.75,248.21,243.83,239.56,239.36,238.93,234.78,243.4,251.46,243.66,231.78,238.83,243.91,241.61,239.18,246.36,240.61,238.96,239.23,237.96,239.08,242.23,249.43,241.98,241.61,245.15,248.61,250.63,249.18,250.0,257.75,261.5,264.66,260.33,258.63,259.33,262.0,260.36,259.75,262.11,261.05,258.98,262.15,264.96,267.75,269.18,269.9,270.33,270.71,270.25,270.28,270.23,267.88,269.46,268.98,269.73,270.3,268.86,270.0,270.4,268.63,269.13,270.53,271.23,271.75,271.43,271.33,271.98,271.86,272.3,272.23,271.48,272.5,272.46,271.3,270.61,271.18,271.71,271.9,272.21,272.0,271.55,271.71,271.53
271.81,272.11,271.93,272.0,271.83,271.93,271.8,272.48,271.33,271.65,271.83,271.43,271.25,270.9,271.33,271.68,272.25,272.36,272.58,272.36,272.53,272.13,271.7,270.88,272.0,271.38,270.16,267.05,269.96,272.38,272.66,272.55,272.48,271.56,270.86,271.16,269.5,270.23,270.78,269.58,269.33,269.33,269.21,267.18,267.63,269.21,268.75,268.48,264.63,263.66,263.08,261.63,263.8,259.98,250.96,246.5,247.78,252.78,256.98,256.73,248.88,247.88,254.81,259.96,253.73,255.5,257.83,252.38,247.3,245.7,242.31,238.16,234.25,242.61,253.68,247.36,250.21,247.25,242.68,237.5,232.33,230.23,232.63,236.96,235.18,234.15,232.08,234.18,242.78,243.98,241.43,245.61,240.86,242.31,233.55,231.18,239.51,242.3,244.96,244.15,240.78,240.25,246.86,248.08,237.66,235.08,249.16,248.88,238.61,238.06,237.51,229.16,224.61,227.41,242.96,240.61,239.63,238.36,246.41,248.46,240.7,235.9,232.28,230.33,225.18,224.36,218.73,214.73,216.0,225.33,233.78,258.48,232.18,234.46,244.36,242.53,242.08,234.08,224.68,224.71,222.83,226.71,224.05,228.73,225.81,227.78,237.16,235.93,245.55,253.33,247.13,246.96,247.03,240.0,236.33,237.56,244.88,244.56,242.93,238.03,227.76,222.96,226.93,227.15,227.31,221.88,222.28,222.53,234.73,221.46,216.38,215.03,219.55,229.25,231.61,243.18,239.95,232.11,230.01,224.33,218.16,223.8,232.81,233.73,229.15,221.25,226.08,226.68,226.71,226.11,229.33,230.23,231.63,234.0,233.75,229.46,224.48,217.18,233.58,246.86,259.43,253.16,246.36,245.03,242.01,240.46,235.43,233.45,228.58,214.8,219.38,221.96,221.81,234.68,234.15,223.08,220.73,220.36,217.78,221.18,223.78,227.78,226.43,221.9,223.63,225.0,216.18,224.28,238.23,238.18,225.08,224.93,231.98,230.98,222.86,217.11,216.36,225.11,228.08,228.46,230.03,227.66,234.58,232.73,233.68,236.28,228.56,225.86,228.11,218.78,220.18,223.75,223.43,226.68,225.46,222.06,228.68,239.61,227.38,229.11,229.4,228.88,239.73,240.76,242.58,242.38,232.83,228.5,230.4,245.21,241.73,245.48,238.08,251.86,255.56,254.68,255.08,246.36,255.23,258.25,256.75,259.06,253.03,249.11,246.78,248.61,242.8,233.98,238.38,236.21,231.41,235.18,236.36,241.26,243.36,244.71,249.53,260.25,263.21,265.68,265.86,265.38,262.88,260.86,256.03,250.88,250.73,248.38,246.56,245.96,247.51,249.55,252.8,255.16,262.55,265.33,262.58,265.18,266.96,266.9,264.71,264.18,264.3,263.71,266.58,262.5,263.25,266.66,268.5,270.75,270.68,270.7,269.46,269.75,270.36,271.13,270.98,271.38,271.23,272.0,271.78,271.43,271.38,272.1,270.83,271.05,270.5,271.41,271.0,271.81,273.18,273.98,273.46,273.33,272.96,272.08,272.46,272.15,271.3,271.88,271.23,271.18,271.68,271.98,271.93
271.98,272.41,271.73,270.11,270.03,269.46,270.18,271.43,271.73,271.43,271.68,270.61,271.08,271.36,271.28,270.3,270.78,270.96,271.38,271.08,270.36,269.5,269.96,270.41,270.5,271.15,272.25,271.3,271.46,269.81,271.03,271.93,272.43,271.25,271.68,269.83,270.3,270.78,270.48,268.5,267.0,270.43,271.98,271.63,269.43,268.05,266.43,258.93,260.75,262.68,262.98,257.5,263.13,260.4,252.03,250.4,258.11,258.53,258.71,264.06,264.63,257.96,259.55,267.68,256.83,261.91,256.98,254.18,256.88,254.15,242.4,240.68,243.86,249.88,250.78,249.61,250.58,246.71,238.33,233.68,236.21,233.98,239.28,236.58,230.03,221.03,221.78,224.63,223.63,223.61,231.53,253.11,242.33,244.18,246.88,246.75,248.93,246.18,251.78,239.06,235.98,229.61,236.71,237.8,226.11,226.11,225.86,229.46,232.53,233.0,231.55,231.88,232.03,238.25,231.73,228.86,228.73,228.0,222.46,220.68,218.25,234.43,249.16,238.5,232.23,229.91,226.8,227.23,234.05,242.11,236.75,233.53,235.58,233.43,240.4,235.0,223.08,224.43,229.93,229.38,234.23,234.23,233.78,231.46,238.18,238.53,231.76,224.96,228.61,237.46,244.51,236.38,228.41,233.86,236.23,236.23,229.38,236.5,234.73,230.61,229.15,229.53,232.61,246.55,240.41,245.03,252.08,248.95,242.5,232.0,225.03,240.93,245.43,241.41,244.56,248.83,244.78,235.48,221.93,223.26,223.3,227.0,227.16,220.03,219.03,226.65,224.61,217.5,219.58,232.16,237.96,231.0,219.43,225.18,230.01,232.81,236.06,245.61,242.4,237.11,235.66,232.23,219.23,211.68,215.21,218.78,218.98,231.18,231.48,228.96,233.5,239.06,230.0,216.48,220.16,239.63,234.61,226.31,219.03,225.63,247.03,241.5,239.81,246.61,248.65,242.91,237.18,239.36,239.21,241.71,246.03,238.91,236.11,232.28,227.98,232.18,222.96,222.71,227.11,230.46,229.56,231.93,244.68,249.33,240.31,230.05,223.18,225.91,236.53,246.18,230.93,226.41,224.53,222.43,234.93,241.88,240.93,235.66,227.96,220.33,226.0,230.75,220.61,225.83,226.48,233.61,235.13,236.56,235.55,242.83,241.98,242.08,234.96,228.18,235.91,240.0,242.25,250.75,252.83,244.43,237.13,249.23,251.78,253.03,261.0,258.98,246.51,251.58,254.63,254.38,251.73,243.13,247.98,250.86,245.78,247.55,253.63,256.18,257.68,260.3,261.18,257.16,252.28,252.71,250.43,248.03,248.16,250.15,248.61,245.21,249.93,257.23,259.33,261.96,263.63,266.83,268.03,266.58,266.86,265.78,267.16,267.66,268.73,268.38,268.28,265.71,267.73,267.31,267.21,267.13,264.13,263.83,264.75,265.75,265.68,266.8,267.41,268.73,270.93,270.98,271.63,271.16,270.21,269.78,270.36,270.0,270.0,270.36,270.66,271.11,271.48,270.86,270.91,271.8,271.91,271.73,271.4,272.15,272.08,271.13,271.05,271.18,271.38,271.13,271.0
272.23,272.15,271.3,270.38,270.68,270.53,270.58,271.33,271.71,271.4,271.18,271.15,271.4,270.86,271.73,271.23,272.63,271.8,273.33,271.98,273.05,270.96,270.75,271.46,271.21,270.21,270.78,270.86,269.78,269.53,267.98,269.96,268.08,265.08,267.08,267.23,268.08,267.25,267.68,268.11,266.43,260.53,260.05,260.55,263.21,267.43,266.38,267.53,269.63,268.16,266.13,269.13,268.21,268.68,269.28,268.93,264.86,259.68,261.83,243.58,244.78,248.71,245.41,250.11,253.96,251.98,249.13,245.38,236.15,232.16,241.48,242.91,244.33,238.33,238.11,239.4,240.33,236.08,240.13,241.11,239.11,227.2,227.83,231.65,221.48,223.96,233.13,236.58,243.13,247.23,245.61,251.0,254.46,252.96,249.9,248.13,259.31,255.23,247.8,246.21,243.53,238.93,243.58,245.25,234.93,223.93,226.86,231.53,230.56,226.46,231.86,227.5,236.75,246.41,254.38,248.73,234.0,232.36,237.55,241.38,240.83,242.11,233.58,231.06,230.68,226.88,234.36,243.11,239.98,245.4,244.68,242.9,245.83,238.88,237.68,239.38,243.83,235.03,224.23,230.13,237.41,237.96,243.88,237.83,236.46,239.4,242.23,249.06,247.06,246.13,244.16,247.46,248.51,243.13,244.11,249.65,245.71,241.3,239.93,234.33,223.86,230.13,234.83,226.71,216.98,218.63,218.4,217.86,218.88,222.0,216.11,217.68,217.75,215.96,215.03,219.81,220.13,217.08,219.93,217.71,220.61,230.28,220.23,222.08,218.25,217.38,235.18,234.88,233.03,240.36,235.36,231.01,228.18,239.01,233.86,229.88,220.68,225.83,235.7,245.81,256.23,243.56,251.23,238.71,236.8,239.63,243.48,241.33,234.18,249.2,257.81,257.03,250.13,240.8,255.75,250.98,235.88,223.68,223.5,231.0,231.58,227.63,231.75,239.08,240.05,235.61,229.86,224.86,243.31,240.53,240.73,227.86,228.25,241.93,250.53,248.38,244.83,248.36,247.36,242.68,243.91,239.86,246.56,242.63,243.16,251.28,247.18,248.61,247.08,243.31,244.41,254.16,248.08,231.53,234.65,249.98,240.78,247.18,242.53,247.13,247.0,234.03,242.5,231.48,238.23,235.71,233.96,240.93,252.31,251.36,247.61,240.81,243.9,248.23,244.55,239.96,236.36,238.86,239.16,241.28,251.63,242.61,237.83,243.86,241.83,240.56,240.81,242.53,237.25,233.03,238.38,238.13,244.56,237.25,244.15,243.46,242.38,243.28,242.41,242.58,249.68,253.61,258.03,256.25,253.78,256.13,253.28,264.83,263.73,269.68,265.38,261.96,266.71,264.46,261.91,260.28,262.78,260.65,259.66,262.48,264.98,266.48,263.75,267.13,271.36,270.46,271.1,270.15,270.08,270.16,270.58,270.8,270.75,270.28,270.31,270.3,270.71,271.25,270.98,271.16,271.75,271.75,271.16,272.86,271.5,270.81,272.28,273.28,273.18,272.88,272.48,271.58,271.98,272.48,272.91,272.7,272.91,273.18,271.78,272.11,272.0,271.48,270.78,270.63,271.38
271.33,270.46,269.96,270.13,270.61,270.56,270.4,271.06,271.36,271.48,271.4,270.5,269.43,268.43,269.33,269.95,269.55,270.21,270.5,270.28,271.48,271.61,271.73,271.88,271.75,272.18,271.73,271.66,270.83,267.9,270.9,271.68,271.23,270.88,269.25,267.43,267.11,266.46,258.21,257.75,264.46,262.68,256.78,258.83,256.05,254.61,251.13,251.88,256.25,261.88,261.08,256.48,262.8,263.8,262.71,263.11,264.41,263.66,249.36,243.73,251.63,254.76,260.06,263.73,256.41,247.96,243.06,251.55,248.18,238.23,237.68,253.05,252.28,249.78,246.68,240.06,235.68,232.21,228.11,229.41,232.63,233.5,227.3,237.06,240.43,236.08,232.13,227.33,226.03,221.36,224.28,223.63,228.23,230.71,224.83,223.56,223.53,228.13,234.0,234.65,230.13,227.63,232.28,241.61,244.83,263.03,256.48,251.63,249.56,256.05,253.86,250.91,249.03,246.88,241.03,227.73,225.46,227.36,226.21,232.23,239.86,233.96,231.18,223.58,223.63,229.08,231.93,231.53,222.83,222.71,226.91,228.96,215.66,213.73,217.13,223.56,239.23,246.71,253.61,255.08,252.43,245.63,237.86,232.3,230.38,228.38,226.9,232.86,228.38,226.38,224.86,234.18,239.46,238.13,231.96,239.13,246.43,250.81,252.03,238.96,225.05,232.38,234.33,235.03,237.5,237.15,222.96,227.71,231.58,233.3,228.98,237.96,241.18,243.71,252.0,240.05,236.41,250.48,236.21,228.73,219.98,221.98,234.41,236.23,228.73,224.93,236.56,234.05,222.18,225.46,227.96,219.83,223.55,223.71,219.4,219.73,228.28,231.86,235.9,222.83,227.91,235.75,226.53,230.73,256.53,240.61,231.96,223.28,220.05,222.15,229.08,230.83,258.58,240.65,251.88,250.53,256.18,252.86,246.3,239.5,244.18,243.46,240.58,243.98,241.96,242.13,238.43,225.21,218.21,224.48,235.15,226.38,228.58,252.76,252.36,254.81,250.13,235.76,233.65,236.13,240.25,242.91,244.63,240.75,242.33,238.93,234.16,230.61,236.4,254.11,251.86,243.86,248.28,248.58,239.9,242.86,233.13,229.61,226.61,233.98,237.28,240.03,234.18,238.06,260.56,260.33,243.58,234.18,231.33,226.63,226.03,226.58,231.03,241.68,236.06,238.0,242.96,239.61,243.06,247.21,244.3,230.93,229.25,235.73,233.88,230.73,239.25,244.28,249.13,246.23,235.96,240.08,242.46,251.08,258.13,263.41,267.05,260.36,250.15,250.78,249.96,245.63,243.48,247.03,250.81,250.11,256.78,262.23,260.66,258.75,258.23,261.88,264.68,262.18,264.8,257.93,265.75,265.88,259.73,264.23,259.68,261.5,262.56,260.15,264.43,267.18,268.13,266.66,267.11,269.0,270.53,270.86,270.43,270.73,270.6,270.96,270.68,270.93,269.1,269.23,270.0,266.91,270.5,271.75,270.93,270.53,270.21,270.43,271.33,271.21,270.75,270.75,270.73,271.13,270.88,270.25,271.48,272.53,271.86,272.05,272.23,272.15,271.88,271.46,272.3
273.19,273.86,272.81,272.41,271.87,270.98,271.26,271.24,270.16,269.31,270.04,269.81,269.96,269.13,268.56,269.28,269.94,270.18,270.03,269.74,269.94,270.51,271.56,271.76,270.76,270.96,271.76,271.59,271.31,270.76,270.31,270.93,271.14,269.53,269.21,268.04,270.06,269.84,268.94,267.84,260.99,261.78,262.71,259.59,261.16,262.21,264.74,268.36,268.59,270.26,266.49,268.91,270.69,269.76,267.27,261.49,256.59,253.81,253.49,254.69,257.83,256.99,258.68,252.96,241.99,246.18,252.08,262.44,264.41,264.41,264.51,266.66,264.94,264.53,266.21,262.06,255.11,250.09,250.73,243.14,239.98,238.74,235.64,245.29,241.01,230.78,240.96,248.43,243.64,251.81,256.48,255.18,258.41,245.46,243.53,244.81,246.08,239.61,237.93,237.31,241.14,239.03,233.61,245.39,245.64,244.54,240.61,230.91,228.58,231.01,233.31,226.66,226.11,224.14,229.56,226.14,225.26,222.61,221.94,222.73,222.49,222.69,220.58,224.64,230.11,220.53,221.01,223.88,230.38,230.08,229.86,227.76,228.36,230.33,231.78,239.66,232.31,221.21,224.58,222.81,223.33,223.76,231.39,231.51,236.11,230.13,228.26,231.08,233.66,238.53,226.86,225.13,224.56,225.64,221.24,216.16,217.06,218.28,211.22,220.93,228.56,239.54,235.93,238.08,250.21,250.93,246.14,245.06,233.74,240.53,244.13,245.16,246.14,242.68,239.64,233.19,236.03,240.03,238.96,241.76,247.89,236.57,226.76,220.23,225.28,235.64,241.14,235.83,233.28,239.96,242.98,241.98,253.84,247.99,243.73,255.38,251.04,251.43,246.33,246.74,238.56,234.68,234.43,225.01,221.73,226.81,229.01,235.76,239.61,234.08,237.34,236.81,238.71,237.19,235.56,234.91,230.24,232.88,230.31,222.79,225.01,216.04,237.21,235.33,228.24,226.81,243.76,243.56,248.33,253.56,250.08,234.13,227.51,225.01,220.44,219.38,230.11,218.36,217.46,215.46,226.06,231.54,244.64,249.78,236.31,238.58,230.08,228.23,226.11,225.66,224.48,223.56,231.41,232.91,237.98,234.19,235.11,226.11,222.68,226.86,226.75,228.99,229.24,219.63,216.61,224.16,227.39,227.46,242.26,237.91,238.71,242.28,239.44,230.46,226.24,227.94,229.51,233.71,236.11,233.91,236.13,240.36,240.88,242.13,258.84,259.12,255.13,250.93,249.71,239.78,241.06,239.18,242.96,242.13,247.56,256.29,256.71,251.96,261.36,260.03,251.69,255.16,256.91,263.94,261.29,254.93,256.44,259.91,266.16,267.01,263.96,263.06,263.39,262.06,262.06,262.73,263.66,260.93,264.34,263.41,264.78,266.39,269.26,268.43,269.83,267.53,266.89,267.39,267.81,267.16,266.34,267.81,266.73,268.66,268.54,267.93,268.71,270.09,272.01,271.89,272.16,272.06,272.09,272.56,271.21,270.21,269.89,269.16,269.51,269.93,269.49,269.26,269.49,270.26,271.66,270.79,270.34,271.41,271.09,270.31,271.46,270.29,269.93,269.61,269.54
271.04,271.61,270.91,270.91,271.09,271.29,271.64,271.66,271.71,273.11,272.39,271.79,271.59,271.51,271.59,271.36,271.86,271.39,270.44,269.91,271.79,271.34,271.46,271.39,271.79,271.46,271.74,271.84,271.81,271.21,271.42,270.81,271.36,270.53,270.84,271.79,269.16,262.49,262.49,263.21,263.09,266.21,265.61,263.53,266.71,256.44,260.63,255.16,255.26,254.41,257.23,253.8,255.16,257.96,254.86,259.25,256.46,253.26,252.31,257.38,258.98,261.66,253.36,243.58,242.09,252.48,255.26,248.39,243.31,250.88,248.16,246.01,241.41,246.98,247.96,236.93,240.28,242.61,246.39,242.66,240.16,237.53,248.06,259.31,260.34,254.94,268.51,266.94,259.46,261.61,262.06,250.76,240.59,235.88,237.79,245.49,238.66,231.66,233.69,235.06,239.43,237.16,236.16,237.11,229.76,224.53,225.24,230.81,230.26,234.76,243.33,232.06,228.64,221.91,228.61,233.93,241.61,252.01,254.64,256.24,256.78,251.49,248.24,248.36,244.33,244.83,240.43,231.78,229.29,238.01,231.76,229.28,229.41,231.36,221.66,222.08,226.16,226.04,220.46,227.03,229.01,224.5,225.21,228.56,229.41,228.89,229.51,230.98,233.21,227.58,233.99,228.49,227.76,232.51,244.81,247.14,238.96,240.33,238.33,228.54,223.06,222.64,228.03,233.26,227.91,231.58,232.11,225.23,225.48,219.05,220.63,226.48,226.99,237.26,256.46,259.86,250.66,249.21,245.56,236.16,241.29,228.63,229.36,223.56,231.13,231.53,225.53,228.25,224.81,221.78,225.13,227.46,221.73,221.61,223.83,228.78,227.93,227.28,252.08,254.36,243.73,245.13,258.0,258.43,250.63,240.5,232.11,228.73,229.51,238.68,238.21,224.9,231.53,227.73,224.15,223.38,238.53,222.63,231.05,233.25,225.91,218.75,213.9,220.33,221.43,225.43,219.88,223.65,218.76,221.71,218.71,227.75,227.61,221.66,216.28,216.05,222.08,222.5,227.33,231.28,241.03,243.11,248.58,230.86,229.98,231.53,232.88,231.61,231.38,244.75,250.51,246.33,250.78,261.18,260.71,263.11,251.71,233.36,238.88,246.68,233.58,224.61,230.81,231.13,222.36,222.51,224.28,233.61,235.43,234.33,223.26,225.88,234.88,235.5,234.16,240.3,244.03,228.5,233.43,240.75,241.33,239.28,241.48,240.78,243.15,231.11,238.98,246.21,251.18,254.23,252.33,249.33,240.11,250.26,260.33,257.28,260.65,262.15,252.41,254.8,252.93,241.33,241.58,244.8,256.86,263.11,262.53,255.73,257.46,258.96,252.56,256.58,263.3,267.55,267.63,267.75,267.08,266.91,266.66,264.98,265.86,265.58,268.93,267.38,267.8,267.35,266.5,268.46,267.33,268.13,271.46,270.93,269.05,269.41,270.48,270.16,270.28,270.55,271.88,270.36,270.58,271.33,271.98,272.3,272.61,271.9,270.96,271.68,271.23,271.4,271.3,271.88,270.58,270.68,270.21,269.23,270.38,271.38,271.53,271.86,272.13,271.96,271.93,270.73,270.5
271.78,271.11,271.5,271.53,272.73,273.48,272.16,272.55,273.33,272.36,272.08,272.21,271.28,270.75,270.91,269.55,269.61,269.66,269.61,270.21,270.25,270.33,271.0,270.96,270.93,270.93,271.0,271.4,270.08,272.08,271.63,269.56,270.23,270.08,267.28,270.75,270.25,268.8,269.13,266.68,267.15,265.9,264.08,265.36,263.43,260.83,258.18,262.5,265.11,257.78,254.3,262.56,267.0,267.0,263.58,257.93,258.08,263.15,264.36,250.63,253.53,240.08,241.16,252.23,246.63,246.98,252.93,261.53,262.86,261.73,250.5,243.78,247.36,244.0,244.03,243.83,250.71,245.38,242.71,240.53,248.83,249.73,250.78,247.9,248.25,251.93,249.28,242.13,242.0,235.56,239.18,238.08,236.83,236.5,240.36,256.25,260.98,253.11,245.21,240.98,235.38,228.71,231.55,237.68,243.23,242.5,239.08,245.61,249.73,249.4,237.43,227.18,220.0,219.36,228.71,235.78,244.8,237.63,234.65,233.43,228.53,230.78,228.68,235.13,241.96,243.23,245.46,249.33,244.0,238.63,235.55,239.9,238.71,235.18,233.38,232.98,238.06,245.5,251.41,245.25,249.91,253.46,246.78,239.13,241.28,240.23,241.06,239.31,231.46,236.11,231.68,233.31,233.46,229.11,229.88,229.86,232.55,222.23,222.71,222.93,230.23,238.23,234.28,231.25,230.28,224.88,234.03,232.81,230.96,235.31,229.5,225.36,229.63,235.66,239.71,235.76,233.31,231.75,237.75,239.48,228.2,227.36,230.26,219.56,218.68,224.48,218.08,218.18,221.38,227.68,224.5,229.45,236.21,244.28,241.21,243.05,231.75,228.31,216.43,226.93,228.78,236.65,236.86,229.25,234.71,225.28,231.5,226.03,229.41,234.58,233.58,237.8,238.55,237.75,229.11,229.96,225.38,230.43,228.86,230.51,250.88,260.0,244.78,240.11,236.53,233.81,232.98,224.73,222.95,231.93,225.73,222.48,225.66,218.23,214.78,224.05,223.23,226.93,230.13,228.53,229.13,235.06,231.56,230.15,228.96,224.51,226.23,227.31,230.05,226.28,229.13,252.43,248.06,244.73,243.88,238.73,230.96,233.55,241.15,238.98,240.28,236.46,234.96,227.33,230.58,233.15,230.83,232.91,246.75,260.15,259.86,253.63,244.78,248.4,247.43,250.98,257.88,254.33,245.98,253.13,263.3,266.61,261.21,251.68,243.18,242.88,242.48,237.75,238.33,248.73,252.36,255.83,260.03,248.48,243.48,237.21,246.03,252.9,269.63,267.83,257.4,261.23,262.55,257.63,254.36,263.9,263.1,267.08,269.65,269.93,267.33,265.86,264.68,268.25,269.96,263.68,263.88,266.13,269.0,269.75,269.15,267.38,264.78,263.78,262.66,268.53,270.8,270.38,270.08,269.43,269.16,269.63,271.43,270.98,269.36,268.36,269.5,270.38,270.88,270.28,272.18,271.61,270.43,269.78,269.98,270.53,270.83,272.25,271.88,272.08,271.86,271.38,270.85,271.23,271.25,271.3,270.43,270.88,272.21,271.73,270.78,270.96,271.4,271.38,271.41
272.0,272.91,273.48,273.96,273.16,272.16,272.08,272.46,272.63,271.73,271.21,271.23,267.88,268.3,270.03,269.83,271.23,271.93,271.41,270.9,271.58,272.23,270.88,268.28,269.86,269.28,269.5,269.66,267.5,268.03,268.48,268.86,265.33,263.46,264.71,265.63,264.16,265.03,266.23,268.8,268.38,268.75,268.71,266.13,268.36,270.48,267.56,267.36,267.38,266.11,261.65,262.18,264.16,261.96,257.46,254.9,251.01,259.8,268.83,269.23,266.96,261.43,255.78,254.41,264.71,270.13,261.71,258.71,258.71,254.38,257.48,258.88,260.83,266.08,267.8,267.0,265.96,265.65,258.25,252.3,246.93,238.43,236.46,233.91,232.23,239.58,244.58,259.25,259.08,259.55,256.71,247.58,233.46,227.56,230.0,237.33,248.98,228.91,229.96,225.58,229.96,239.96,239.73,227.03,232.13,232.53,230.43,229.61,232.61,219.15,224.48,219.8,212.86,215.61,223.23,226.61,226.46,223.68,227.01,230.98,231.25,229.36,237.4,245.03,235.86,233.43,225.95,224.51,229.78,231.43,235.53,226.75,225.63,221.36,233.65,234.46,239.45,225.98,223.28,226.96,231.96,240.66,244.18,234.0,246.98,247.13,256.91,251.61,249.06,240.33,233.23,245.58,252.88,245.88,243.06,232.23,232.86,228.73,230.23,223.4,236.08,242.21,232.86,237.91,236.18,228.5,233.63,240.8,241.03,228.18,223.43,229.21,239.93,238.33,238.96,249.4,253.43,251.43,241.5,232.0,240.0,248.21,252.98,255.76,256.75,245.03,240.58,239.23,226.25,226.38,232.38,252.13,257.83,247.83,253.56,253.6,249.93,256.53,237.25,246.98,250.51,256.78,246.36,238.65,228.56,248.41,236.68,233.63,231.98,227.21,218.75,218.23,221.78,225.08,222.71,221.76,217.11,224.46,240.11,237.96,238.88,236.96,233.31,230.88,223.66,224.43,231.01,227.71,224.08,225.43,232.01,235.61,234.55,226.78,229.21,240.13,235.76,231.65,227.16,232.11,231.08,235.38,234.5,238.36,237.65,238.53,243.08,240.05,231.43,227.28,224.46,225.95,233.18,246.68,253.88,266.81,263.0,247.96,255.66,254.5,248.15,256.36,256.48,253.11,247.73,241.98,237.93,254.93,240.28,252.98,234.58,244.21,238.36,241.91,246.86,251.78,247.23,254.81,263.86,258.93,255.98,255.13,257.88,254.41,243.68,242.08,243.75,248.61,250.86,253.36,250.95,252.8,240.61,240.46,244.38,241.68,254.98,252.53,247.48,254.33,255.01,253.96,262.5,262.61,256.88,251.63,255.76,260.21,255.08,259.21,257.06,264.5,266.88,266.11,268.28,264.05,262.68,269.56,271.98,271.28,270.46,270.48,270.33,270.86,271.08,270.78,270.8,269.41,267.86,266.25,268.38,265.88,265.15,268.16,270.08,268.63,269.18,270.21,270.83,270.98,270.28,270.96,271.4,271.21,270.88,270.08,270.25,271.05,270.78,269.5,270.11,270.11,269.3,269.73,270.5,271.8,271.33,271.43,271.23,272.38,273.23,272.5,271.93,272.73,272.86
272.0,271.35,269.55,269.91,268.9,270.13,270.88,269.93,269.55,271.16,271.78,271.91,271.21,271.61,271.71,272.38,272.3,271.8,272.36,272.98,272.96,272.66,271.86,270.96,271.58,270.06,269.46,269.16,269.35,269.18,269.88,269.78,267.86,269.65,268.0,268.48,268.16,266.73,265.16,267.93,264.33,264.43,265.78,266.73,261.88,256.73,258.18,260.56,261.08,260.36,262.61,251.98,249.4,250.83,250.11,250.0,251.21,251.2,253.33,255.91,259.78,260.3,258.18,259.46,255.05,250.41,247.9,245.88,240.28,241.16,242.23,238.21,237.71,243.03,247.41,249.38,245.95,253.06,249.75,251.03,254.91,260.53,258.98,246.61,243.61,248.43,242.11,241.68,240.45,238.75,232.01,236.28,240.28,241.73,238.96,230.78,227.3,226.33,222.13,215.58,217.86,224.93,222.41,225.23,232.06,225.33,228.96,232.05,229.61,229.71,231.43,230.91,238.23,239.3,248.21,263.25,260.41,261.55,264.36,255.13,244.16,231.41,232.36,228.48,228.9,233.63,230.13,227.11,228.31,221.76,224.85,234.23,241.3,240.3,236.73,227.96,217.05,212.31,221.33,221.56,224.91,226.96,227.25,244.71,249.68,233.08,223.83,221.36,221.71,232.9,249.66,248.8,245.78,241.65,238.98,236.75,232.48,237.36,239.96,239.65,241.81,241.5,244.63,252.86,250.61,244.0,255.96,261.28,262.75,256.83,251.16,249.61,245.91,246.25,254.03,255.11,249.15,234.31,256.86,260.33,255.71,254.73,242.9,228.88,226.78,246.18,236.38,237.23,238.3,239.01,238.38,230.5,230.13,239.43,231.88,228.23,235.21,226.83,226.3,223.91,220.28,226.0,231.53,220.75,218.06,223.33,221.86,222.06,222.93,217.66,217.73,226.71,227.98,231.13,222.23,220.53,212.88,221.08,222.26,220.43,223.48,229.48,236.68,255.05,252.93,248.13,233.23,230.08,245.96,252.86,238.11,237.68,239.55,231.48,235.11,235.91,230.38,248.03,255.98,245.61,234.76,232.9,238.28,238.01,223.91,230.43,227.88,226.36,226.41,231.23,239.48,245.23,246.83,244.73,238.15,229.58,227.33,227.03,223.68,227.98,226.73,236.15,245.71,239.48,234.33,235.18,252.33,256.13,256.13,249.0,247.5,247.61,243.01,246.63,257.5,261.53,257.71,249.11,240.26,239.53,243.38,254.58,254.98,251.36,254.88,252.11,253.03,265.0,268.18,255.68,257.06,258.38,251.86,250.4,250.38,250.66,250.18,244.56,241.88,245.41,249.11,247.63,247.68,251.03,247.65,250.13,251.06,249.38,254.28,256.03,262.65,266.21,266.46,265.93,264.21,264.18,266.38,265.71,266.11,269.78,270.9,271.53,271.31,268.93,270.86,271.08,271.38,271.58,270.58,270.61,269.86,270.73,270.08,268.96,267.68,267.36,267.66,266.98,265.48,266.5,266.73,266.21,265.36,267.38,268.66,268.5,270.88,271.68,271.9,271.83,271.93,272.28,272.48,272.91,272.05,271.3,271.5,271.15,271.36,271.68,272.6,272.58,272.13,271.88,271.43
272.38,271.18,271.08,270.75,270.16,269.78,269.53,270.13,270.4,270.78,270.93,270.41,270.71,269.91,270.03,270.88,272.05,270.96,270.48,271.38,271.81,270.58,271.16,270.93,269.75,268.08,268.13,269.3,268.73,268.11,265.93,266.98,269.58,268.23,265.75,265.43,264.98,268.06,268.96,267.66,266.71,267.9,268.96,267.53,268.13,264.38,261.48,262.78,266.55,264.06,264.48,258.46,258.96,263.16,261.66,258.86,258.08,256.13,255.31,257.03,257.68,259.5,257.36,256.83,259.93,257.93,261.48,261.68,257.41,248.86,247.11,243.78,237.71,235.38,246.5,248.61,243.21,242.13,233.18,231.53,240.63,242.46,228.28,235.96,233.03,227.53,225.13,222.8,235.28,246.83,246.78,251.63,246.83,248.38,250.93,249.18,242.33,238.68,238.88,234.53,227.4,228.18,222.13,219.41,219.96,225.21,237.78,234.48,238.78,245.75,252.36,255.11,258.05,254.45,244.68,239.68,239.71,238.18,231.73,228.65,241.23,243.73,251.65,247.95,241.4,241.38,250.43,257.48,252.93,248.21,244.73,234.41,231.68,228.88,225.56,214.63,211.13,211.25,217.46,204.55,213.03,211.33,214.75,239.53,245.21,243.83,231.03,228.88,234.46,244.68,247.06,238.38,237.08,231.81,236.16,241.03,239.48,244.98,257.36,248.55,240.61,236.63,233.21,233.61,241.98,236.21,239.21,226.73,220.78,228.83,236.33,226.0,228.28,240.73,253.78,252.23,245.96,243.88,250.76,237.61,232.93,248.83,254.33,240.66,229.63,228.91,233.06,227.46,219.33,219.93,222.33,219.66,225.16,226.98,229.13,231.36,226.28,226.21,231.73,230.25,228.16,217.13,219.78,226.8,242.25,240.38,240.18,238.4,238.58,237.36,224.2,234.78,229.13,229.56,231.16,224.58,218.41,217.96,216.63,225.0,250.53,243.78,238.43,227.78,227.88,254.88,232.36,246.13,234.61,228.38,234.5,237.86,243.93,251.36,245.73,247.71,256.53,245.91,238.83,235.36,227.3,224.28,237.23,254.38,241.73,242.08,238.13,240.3,254.36,255.73,247.0,236.06,235.5,249.71,245.11,233.28,244.63,258.08,264.05,261.96,259.41,253.63,244.58,238.73,232.86,231.13,232.48,233.38,220.75,225.23,229.75,237.51,242.81,242.03,247.83,249.56,251.46,255.68,259.13,259.43,256.21,244.61,240.33,239.41,242.56,237.5,240.03,240.15,243.98,249.13,245.23,252.33,256.13,253.68,253.03,250.5,250.33,250.0,252.73,255.88,253.43,250.13,248.08,260.03,262.9,262.78,262.61,268.61,268.21,266.88,268.06,266.33,268.13,271.13,270.68,270.0,267.05,266.96,267.13,265.36,263.73,262.8,263.28,264.63,263.93,264.88,266.13,266.5,267.8,265.3,266.43,266.33,267.75,268.91,268.23,268.43,269.73,269.38,269.21,270.11,269.5,270.71,271.0,271.21,271.55,271.53,271.4,272.71,273.33,272.38,271.93,271.73,271.63,271.86,271.33,270.88,272.21,272.83,272.38,273.15,272.5,271.65,270.96,270.83,270.25
270.3,269.96,269.21,269.93,269.78,269.91,271.3,272.63,271.63,270.8,271.33,270.65,269.96,270.46,270.8,269.66,270.68,269.83,270.41,270.5,270.88,269.93,268.81,269.38,271.78,270.88,270.16,268.25,268.35,269.66,269.48,267.9,268.0,267.63,268.28,265.98,266.18,262.05,264.0,263.4,261.73,263.63,263.46,264.25,269.25,269.03,261.88,262.18,267.66,268.71,269.18,268.18,266.25,264.8,262.08,261.25,255.58,253.86,257.86,254.38,251.93,250.61,241.9,238.73,233.45,234.88,235.41,228.38,226.23,228.5,235.53,241.73,238.86,241.25,249.23,243.73,253.18,256.88,244.0,238.28,238.91,244.43,252.53,249.08,249.61,251.83,251.63,241.21,240.38,237.75,247.96,253.5,243.56,242.63,248.73,252.83,253.86,249.65,249.83,236.65,238.88,245.08,237.78,238.55,236.33,231.36,225.73,225.33,225.28,245.03,245.01,244.48,256.36,256.71,251.63,261.63,260.16,249.63,240.28,234.75,236.3,234.68,227.91,232.18,227.43,232.48,234.58,239.06,237.38,227.33,231.53,231.25,231.56,249.66,248.83,238.26,236.33,243.21,242.23,239.56,241.0,238.21,240.71,241.01,239.78,249.08,247.88,240.05,238.05,242.9,238.45,228.46,228.61,230.75,237.48,235.91,226.28,230.48,226.43,221.68,229.78,237.36,241.41,237.81,238.81,241.18,243.73,246.28,249.18,247.98,243.13,240.56,241.3,243.66,245.98,236.36,226.33,242.3,237.43,225.38,226.68,226.86,226.08,233.83,245.21,236.11,229.11,250.21,247.86,239.71,225.33,220.61,216.18,216.46,228.28,240.83,234.88,224.28,225.25,232.31,229.13,227.56,232.78,241.8,232.91,221.23,220.61,220.88,220.95,220.66,216.11,218.21,222.9,228.83,237.86,235.13,215.61,214.7,215.73,220.15,231.26,251.58,244.71,237.61,225.15,230.78,246.83,236.38,223.96,220.41,221.41,223.03,225.13,223.38,220.53,222.88,229.86,238.93,240.4,238.23,239.93,243.71,237.25,221.96,247.9,251.15,242.33,255.75,259.05,249.96,236.61,239.88,232.38,220.13,224.81,218.83,215.3,221.36,217.73,224.63,245.08,234.75,247.43,251.48,259.33,255.38,244.43,239.61,243.78,235.86,229.96,226.88,249.73,241.55,241.65,243.68,244.73,241.33,234.4,250.53,260.38,263.63,261.9,256.83,258.8,263.28,260.23,259.75,254.51,244.61,242.36,243.83,243.8,241.33,248.53,248.16,251.98,250.86,254.25,259.85,262.96,265.93,264.21,263.41,256.96,253.08,258.53,255.71,262.53,261.38,258.83,254.23,255.61,261.36,265.96,271.43,272.63,268.5,267.31,263.98,263.25,265.03,265.31,265.25,263.81,268.75,264.06,264.23,266.98,266.46,268.08,269.05,267.83,267.43,265.98,265.75,268.15,270.41,267.65,269.03,271.66,268.75,270.23,272.21,271.98,270.5,270.55,270.98,270.86,272.15,272.38,270.36,269.65,270.58,271.73,272.83,270.96,272.0,269.8,269.66,269.86,269.75,270.5,270.71,270.08
269.98,270.91,272.53,270.98,271.21,271.48,270.31,268.41,269.63,270.98,269.25,269.18,268.18,268.9,266.88,267.73,268.73,269.53,268.78,268.08,269.73,269.93,268.58,268.13,267.75,268.93,268.83,270.1,269.75,268.8,267.91,268.13,268.08,268.03,267.83,266.53,264.06,265.88,267.21,267.03,266.38,264.98,267.38,266.83,264.41,258.15,262.53,255.8,258.28,256.11,259.78,260.91,262.25,266.13,258.25,257.63,267.75,262.0,261.96,265.41,252.9,246.93,241.73,246.36,256.05,256.08,260.41,260.0,259.56,257.41,253.61,252.46,240.88,237.78,245.55,246.05,247.41,250.68,248.98,241.18,236.5,237.78,237.0,240.08,245.23,262.58,262.78,267.55,261.68,251.28,240.78,235.33,231.58,230.86,243.23,245.83,246.33,243.8,236.86,240.5,242.86,244.68,240.28,231.38,230.01,230.43,236.3,230.81,226.61,227.88,225.43,220.98,222.28,228.4,233.5,240.8,245.75,243.55,240.68,241.28,239.08,243.46,241.93,236.38,221.76,219.83,217.83,227.16,234.03,237.13,232.55,237.23,233.83,235.15,240.3,237.55,233.91,234.78,237.46,237.18,228.68,224.48,222.93,219.18,220.81,232.16,232.25,227.15,231.38,233.86,234.8,234.93,236.93,234.9,230.63,240.55,242.58,238.93,232.78,224.05,231.03,236.11,229.43,233.38,235.08,232.68,221.58,218.06,220.43,229.73,232.03,226.83,234.31,228.13,218.63,215.11,215.15,221.81,224.06,227.66,231.7,228.18,223.61,228.66,227.46,235.2,231.08,234.55,234.8,230.93,227.8,229.91,229.38,221.78,227.18,225.93,233.15,230.08,223.45,221.95,228.45,230.76,235.53,221.83,218.96,227.36,245.46,252.41,245.98,238.58,239.11,241.08,245.63,243.86,228.75,223.46,224.36,239.95,240.71,245.4,244.78,235.13,246.0,245.83,232.41,235.23,225.08,215.63,215.75,219.4,215.93,211.21,214.63,222.13,227.46,223.88,223.43,221.83,223.25,225.18,233.08,228.8,223.7,229.83,221.98,225.61,228.0,232.63,245.28,252.28,241.18,228.75,229.5,232.36,238.68,242.61,233.18,227.5,226.81,227.43,223.88,221.05,225.43,222.68,217.18,215.33,222.75,227.63,235.63,244.9,250.93,248.48,253.23,249.55,250.5,248.18,243.96,238.03,236.28,248.33,260.03,267.96,264.28,259.58,251.53,247.11,248.58,251.63,238.46,236.46,239.61,240.93,242.86,241.4,247.91,249.68,240.88,240.58,246.36,254.93,256.98,253.33,261.35,263.33,261.86,256.73,259.55,259.58,259.56,260.73,260.5,260.53,263.63,270.48,268.61,269.28,267.78,269.63,269.53,269.96,268.96,269.91,268.71,266.98,266.41,265.91,261.93,263.25,264.53,266.05,264.9,265.46,268.8,268.11,265.1,267.46,269.46,270.03,269.55,270.38,269.93,270.16,270.08,270.68,269.03,268.98,269.6,269.23,271.23,272.08,271.35,270.93,271.28,271.75,271.71,271.28,271.06,270.66,270.78,267.78,268.6,269.43,268.88,269.28,269.25
269.36,269.93,269.33,269.36,269.3,269.78,270.41,270.08,269.23,270.03,270.48,273.13,273.66,272.6,271.58,271.78,271.53,271.33,272.11,272.48,270.33,270.5,270.78,271.18,270.16,269.28,269.68,268.5,270.41,269.56,267.73,268.41,268.58,266.3,263.55,266.11,267.03,268.41,268.48,267.25,262.78,261.56,263.21,267.08,269.31,267.05,262.83,258.71,258.73,260.53,259.25,260.08,259.11,246.53,241.13,245.16,253.68,257.21,249.75,246.08,242.26,246.36,259.33,252.55,259.5,252.96,241.98,246.71,246.63,242.11,248.5,250.68,246.06,249.63,250.43,240.18,236.73,237.4,243.58,250.28,257.71,253.43,249.16,252.48,243.15,235.16,240.7,238.53,239.23,247.73,241.98,233.48,233.25,228.63,231.33,229.8,234.98,231.03,224.91,228.58,229.98,234.11,242.03,252.31,247.0,237.78,234.71,226.83,228.63,228.46,234.73,240.68,240.53,240.75,243.83,247.28,240.88,241.28,242.65,243.46,244.43,242.38,230.38,226.36,230.9,232.26,236.98,233.88,229.11,223.05,225.18,234.68,232.98,231.88,227.21,227.66,224.31,233.56,225.71,235.38,234.91,237.06,237.03,220.63,210.23,215.36,231.11,238.73,246.61,254.45,253.16,244.78,246.63,251.38,255.78,247.96,240.96,238.78,237.01,231.23,226.63,225.21,235.63,235.91,230.83,228.51,231.65,235.68,236.86,239.05,243.81,246.53,244.28,249.88,254.28,251.71,250.98,248.2,251.06,248.88,251.66,248.63,248.11,234.78,224.56,214.83,222.88,222.21,222.91,238.23,235.21,224.83,227.23,219.38,218.0,233.05,240.21,226.75,220.86,225.15,227.46,225.08,225.03,218.83,224.75,217.73,217.68,214.61,215.25,221.33,227.23,236.43,247.68,243.15,236.36,233.9,231.56,240.25,245.93,238.31,234.21,237.16,239.38,228.36,224.15,227.83,234.33,224.25,227.68,246.08,252.31,239.58,238.5,229.86,229.91,230.86,218.73,215.58,218.81,236.28,245.41,246.43,244.58,246.68,250.51,252.23,238.88,233.96,227.53,223.86,228.05,232.3,231.23,229.86,234.23,221.23,231.9,233.88,235.33,244.55,259.18,251.66,239.68,242.26,242.03,250.18,256.86,257.4,253.41,252.65,259.21,255.83,262.38,252.36,245.83,242.98,244.16,232.93,240.58,239.13,237.78,230.61,237.43,236.0,240.43,245.08,250.36,248.88,250.43,256.58,249.75,246.78,250.41,247.8,246.0,247.15,248.48,251.03,251.03,239.88,242.86,245.43,241.68,245.08,251.28,257.48,250.46,250.68,256.86,262.25,258.58,253.8,257.41,257.08,258.58,261.43,264.65,268.33,265.86,266.73,267.13,266.13,266.16,269.16,271.23,267.13,271.23,268.91,267.38,269.86,272.48,271.98,271.0,268.18,266.5,270.25,271.55,268.71,265.65,268.73,269.78,268.21,269.48,269.11,268.58,267.78,268.05,267.63,269.18,270.73,269.68,269.8,270.73,269.96,270.83,271.66,270.38,268.98,270.15,268.93,268.25,270.78,272.0,271.71,271.98
271.41,271.43,270.98,271.43,272.13,271.28,271.93,271.25,271.53,272.75,272.28,270.43,271.43,272.28,272.18,271.66,271.63,271.08,269.53,268.96,269.5,266.58,265.53,267.43,269.48,269.75,269.05,270.68,270.48,268.31,265.58,268.75,269.86,268.46,264.71,263.05,266.88,267.93,268.31,265.38,266.83,267.66,268.56,267.4,264.93,265.0,260.73,260.73,261.41,254.2,255.23,257.81,250.65,252.95,259.61,265.5,265.03,263.6,262.36,264.05,262.98,261.58,252.36,248.71,259.48,267.13,263.8,255.93,244.43,247.73,241.36,235.96,247.66,257.25,264.13,259.96,253.83,255.66,259.75,256.61,262.68,258.61,246.78,242.4,248.5,240.0,235.68,237.68,225.25,226.31,225.15,230.73,225.7,235.18,235.86,225.13,220.8,228.91,230.98,235.06,230.93,225.86,225.9,220.23,215.43,217.96,224.16,223.28,228.88,236.11,240.21,232.3,226.13,225.0,231.56,232.48,225.38,230.98,244.58,252.11,245.18,233.21,234.98,242.03,246.23,244.11,240.48,236.25,227.71,225.83,220.56,219.91,223.51,229.16,227.63,221.03,210.0,223.03,247.5,242.78,236.38,230.8,240.25,246.53,248.23,248.46,240.03,227.38,230.96,230.21,222.75,229.28,242.83,246.23,248.9,241.63,230.36,225.75,229.93,243.96,240.28,241.85,247.0,245.66,239.7,242.11,234.18,226.91,227.41,229.08,232.11,231.28,240.46,243.86,244.28,239.88,226.75,232.98,238.43,224.73,225.21,241.03,247.96,240.13,232.41,225.83,219.23,227.61,228.46,227.98,234.9,231.36,220.81,224.18,231.28,228.71,226.08,236.96,247.03,242.81,244.05,245.06,233.5,229.71,238.18,235.5,225.71,224.33,217.53,224.71,230.86,233.93,233.75,231.4,234.18,228.36,229.93,228.11,220.86,223.71,224.48,221.36,220.3,216.21,219.16,224.93,230.16,240.88,224.88,223.55,226.8,240.96,240.38,232.01,229.58,233.58,229.96,222.5,234.98,231.8,232.73,236.93,232.05,227.43,232.78,245.66,246.03,245.53,234.28,243.78,245.91,246.26,238.93,235.11,223.91,219.55,221.21,225.25,221.33,220.5,220.63,222.78,232.81,230.81,235.31,236.23,232.18,236.8,238.83,243.43,239.98,241.61,257.28,259.91,251.53,249.8,254.93,247.9,252.08,257.48,255.41,248.5,256.63,262.08,251.43,246.9,248.48,251.55,252.56,257.16,251.38,241.06,243.33,241.05,246.83,247.75,248.73,251.66,244.65,245.75,254.73,262.18,260.13,255.23,253.0,255.78,253.68,251.61,254.36,254.08,253.61,251.08,250.18,249.23,250.43,254.5,254.63,259.33,260.8,263.66,258.78,260.03,260.66,268.18,269.93,265.83,266.21,266.93,268.36,269.13,269.68,270.21,269.86,269.85,269.46,270.06,269.75,268.11,268.33,270.43,269.41,269.33,268.78,268.78,270.41,271.46,272.03,272.03,272.68,272.36,272.41,272.25,272.0,271.68,271.9,271.71,271.4,271.18,270.36,270.58,271.66,272.0,271.9,270.63,271.08
272.58,272.71,272.13,271.98,272.13,271.55,271.36,270.9,271.33,270.38,270.25,270.0,268.13,269.5,269.83,268.88,269.61,269.33,269.88,270.23,271.05,270.25,270.0,269.68,269.83,271.03,271.25,272.23,270.4,270.13,269.25,269.78,270.55,269.0,269.43,269.58,267.55,269.11,270.13,271.5,270.23,268.36,267.63,267.0,265.78,264.73,266.53,267.48,264.25,263.88,264.68,269.33,269.96,270.63,270.56,266.53,263.55,269.93,269.58,261.16,258.48,258.33,257.63,261.98,264.03,265.78,268.78,265.15,255.76,261.98,261.18,254.43,253.86,252.4,237.71,234.61,236.41,243.7,245.56,236.38,239.5,248.18,252.48,245.31,239.81,237.26,241.26,253.55,259.86,262.75,251.25,241.23,234.05,237.18,244.11,235.63,231.71,238.76,237.0,230.46,228.08,233.98,238.93,238.03,237.73,233.03,240.36,238.28,236.2,228.5,226.0,236.36,229.08,220.38,226.36,227.73,236.83,232.66,226.25,228.05,237.63,234.61,235.15,238.28,238.73,230.63,224.41,235.66,232.18,225.81,223.08,221.16,227.65,240.46,241.98,238.08,238.06,240.15,238.06,231.71,235.93,238.83,236.78,243.25,249.25,241.38,240.93,253.33,257.36,259.08,252.06,235.4,228.4,234.91,231.73,233.55,237.03,237.3,234.08,235.33,237.63,230.3,227.28,231.98,231.48,227.23,223.06,227.01,232.25,231.63,227.65,230.5,241.86,237.56,227.38,228.31,233.75,243.98,248.33,243.36,232.53,227.98,231.8,229.93,231.86,239.3,241.83,242.36,219.58,213.86,225.45,227.8,231.16,236.71,242.53,245.88,241.36,243.61,237.75,227.88,230.18,235.03,240.68,237.96,237.83,246.13,244.16,250.41,240.8,226.61,247.0,234.56,229.88,235.11,229.48,233.25,228.05,224.4,227.81,228.78,238.8,254.63,257.33,257.46,254.18,253.68,256.48,252.08,241.08,233.68,233.63,233.78,250.3,258.68,264.8,257.41,262.63,262.96,245.2,232.8,232.43,226.28,232.08,236.43,241.3,244.65,231.13,227.18,226.63,223.81,220.83,218.96,219.36,216.71,217.38,230.75,246.81,248.73,246.61,245.23,241.8,229.73,226.06,229.68,227.88,234.28,234.63,240.43,239.33,235.23,238.38,243.8,254.91,257.68,256.18,253.01,253.88,259.53,262.33,259.91,256.71,242.46,245.48,255.05,260.5,259.91,255.38,247.76,240.88,233.86,237.53,244.33,250.03,248.38,253.25,256.96,255.15,254.38,257.23,253.28,258.93,267.13,264.75,264.8,263.48,264.41,265.58,264.33,265.3,269.13,269.46,267.23,262.86,262.66,262.11,265.75,271.36,271.78,270.58,270.58,271.11,270.46,269.08,268.38,268.08,267.48,266.25,267.63,269.68,268.06,265.38,264.06,259.96,263.03,269.0,272.0,271.63,270.43,271.28,270.75,270.43,269.5,268.75,268.1,269.68,270.08,269.83,269.41,269.61,270.75,271.93,273.18,271.36,271.16,271.48,271.23,270.96,270.53,269.88,270.83,271.96,271.5,271.48,272.0,271.08
271.17,271.7,271.6,271.45,272.35,272.15,272.92,271.7,272.2,271.3,270.52,272.55,273.0,272.17,272.27,271.25,272.37,272.37,270.07,270.1,269.82,270.35,270.97,271.3,271.15,271.12,270.52,270.75,269.8,270.2,268.15,265.87,266.22,263.3,258.62,259.42,260.6,263.97,263.72,262.52,264.92,264.25,266.1,267.3,268.64,268.72,269.15,265.37,259.3,253.7,253.07,258.12,250.47,246.6,250.45,250.35,238.85,241.07,241.4,246.17,247.55,240.85,236.9,241.12,255.4,263.45,260.64,245.1,237.5,241.17,244.0,247.04,241.65,240.54,242.85,253.04,252.12,251.1,252.07,265.5,265.74,258.12,253.9,242.8,231.1,235.0,224.85,225.44,234.9,237.22,226.87,223.05,223.87,225.65,234.72,241.65,237.57,234.1,233.75,240.1,236.72,244.2,244.8,245.65,259.27,257.82,261.37,261.05,254.65,245.5,246.47,238.85,222.35,224.2,224.42,220.45,225.5,230.79,232.15,240.92,231.37,229.22,230.85,227.97,230.07,234.75,236.15,242.45,239.65,243.29,233.7,235.53,254.42,249.6,246.85,238.97,236.75,226.8,216.95,227.97,233.12,228.67,236.55,233.47,227.97,232.53,234.87,233.67,245.87,245.45,233.62,224.37,221.25,231.97,233.12,228.65,230.57,232.12,232.32,226.29,230.87,230.1,229.72,234.62,235.37,236.78,224.85,224.17,226.97,233.28,239.87,240.53,236.78,227.95,228.67,223.9,233.47,228.12,228.67,231.7,225.65,219.47,217.62,217.53,224.57,226.6,230.0,232.67,236.03,231.45,230.78,237.87,245.78,248.57,247.12,244.29,248.25,242.67,245.03,247.42,246.95,239.3,231.15,235.75,236.72,224.17,223.37,224.17,217.17,227.95,231.62,235.5,241.92,234.6,223.87,229.53,235.4,233.28,240.05,243.37,249.62,254.57,254.04,246.53,249.17,250.97,245.6,237.79,241.47,235.35,222.1,232.9,237.05,245.07,249.42,252.47,245.54,232.7,223.6,232.65,225.78,245.25,246.82,248.03,235.8,221.6,216.1,220.35,226.37,220.12,219.99,221.54,233.28,249.85,245.22,226.7,234.47,239.95,244.9,241.12,250.8,247.72,237.03,234.22,234.82,241.42,246.37,244.67,242.2,238.82,229.45,235.05,230.53,234.92,238.92,240.87,241.7,244.07,233.17,232.47,234.65,235.57,236.03,233.95,235.44,237.42,251.82,252.35,255.12,252.95,246.67,251.07,249.15,236.57,238.25,238.75,241.22,236.57,238.15,242.6,245.1,246.62,248.37,245.07,246.47,244.62,241.15,256.35,262.92,259.02,257.6,256.1,257.07,258.62,262.24,260.72,258.37,261.0,264.3,264.7,265.07,266.17,268.9,268.97,269.5,270.97,271.04,269.75,269.52,270.05,270.47,270.67,271.49,272.12,271.6,271.6,271.32,271.55,270.55,271.2,272.1,271.64,271.74,271.22,270.47,268.22,268.02,268.85,269.2,269.6,270.65,269.67,267.8,268.95,269.82,270.92,271.49,270.67,270.9,271.24,271.67,271.4,271.85,271.82,271.57
271.7,271.62,272.35,272.97,272.7,272.35,272.65,272.02,273.67,274.15,273.37,272.8,272.75,272.82,272.12,272.22,271.67,272.22,272.1,271.05,272.97,272.9,272.25,271.77,271.54,270.95,270.8,271.35,271.02,271.02,271.12,270.8,270.32,269.4,269.85,270.32,268.35,268.37,268.6,264.0,267.12,269.55,266.45,263.77,262.37,261.19,263.05,265.45,264.05,264.77,262.35,260.27,263.67,265.87,265.4,263.67,265.87,264.75,263.45,263.55,259.82,257.7,246.07,251.8,253.1,250.04,245.7,251.29,258.77,262.95,258.7,253.0,256.7,260.87,265.1,265.15,261.17,249.45,247.55,242.79,240.0,245.5,260.22,248.5,239.03,230.75,235.44,241.32,238.2,241.04,230.67,242.15,265.22,257.02,259.37,255.99,248.15,246.85,243.6,235.29,232.2,234.53,228.5,221.22,227.53,228.9,235.25,226.7,224.2,220.65,218.85,220.0,219.55,226.15,228.07,243.1,237.9,232.47,229.53,229.67,230.15,230.8,232.5,225.53,225.1,244.35,245.55,237.78,234.95,235.37,230.2,220.85,217.57,228.17,249.67,258.5,258.35,254.82,248.8,253.17,247.87,239.37,232.45,224.47,221.57,232.7,246.12,232.53,233.7,245.12,243.2,240.35,230.62,224.0,223.57,223.42,232.57,257.87,246.49,231.12,230.37,236.45,237.49,240.0,238.1,241.72,239.45,236.17,224.45,227.2,228.28,231.85,229.55,227.45,227.6,236.12,241.25,240.5,247.87,251.92,251.03,252.6,250.62,255.4,251.79,243.47,237.1,244.7,251.35,251.0,240.5,237.22,238.32,245.03,251.17,253.32,244.05,244.54,244.15,241.57,237.97,235.95,236.07,241.28,241.3,242.54,243.25,232.79,231.45,231.72,230.8,228.85,235.9,250.87,248.15,236.78,233.17,247.92,242.62,235.42,243.9,246.25,246.65,244.94,250.55,246.7,258.6,250.37,237.32,234.53,236.5,234.62,232.97,232.5,229.7,226.15,229.87,231.57,229.03,233.1,220.22,213.47,225.47,244.92,240.1,237.32,238.12,237.12,229.72,235.92,243.37,242.47,236.28,251.53,261.37,248.87,249.47,243.12,235.92,231.03,229.37,223.22,223.42,224.5,236.25,251.75,245.72,243.55,241.7,236.9,236.1,239.6,237.28,238.87,239.28,244.97,246.87,248.53,250.62,258.02,254.99,246.4,246.05,247.53,253.32,248.67,245.87,240.07,242.03,241.3,245.79,249.87,238.87,241.44,245.37,252.54,258.24,262.67,263.42,260.9,259.2,254.0,254.79,251.53,260.6,261.72,256.45,255.82,260.72,262.92,260.85,270.2,270.85,271.99,273.02,270.67,262.6,261.67,261.2,263.12,264.3,264.72,266.47,265.77,264.75,269.15,269.1,268.3,266.87,267.45,267.07,268.47,270.4,270.87,269.57,270.5,271.17,270.74,270.3,268.5,268.8,267.99,267.57,269.37,271.32,271.35,271.05,272.2,271.32,270.99,271.22,271.49,270.35,270.74,270.65,270.7,270.02,269.67,269.67,270.12,269.37,268.6,269.1,271.1,270.87
270.25,271.27,270.42,269.42,269.1,269.99,270.97,271.0,271.05,270.85,271.27,272.57,271.52,269.8,270.8,272.82,272.25,271.92,271.85,272.2,271.65,270.85,270.97,270.15,270.55,270.22,269.52,268.37,268.02,263.12,263.67,263.74,264.3,263.42,263.8,270.47,270.14,269.0,266.45,268.37,268.12,267.49,268.2,267.35,267.47,265.89,264.95,261.05,259.1,257.52,256.85,252.2,251.7,254.79,258.37,259.72,261.07,261.87,259.87,251.45,253.67,257.57,252.15,249.62,247.75,247.35,251.62,251.07,249.4,255.32,258.37,254.95,251.22,253.37,253.54,251.67,254.55,255.5,255.42,250.85,252.47,250.7,248.99,242.82,238.72,238.95,231.47,233.07,234.47,231.07,227.32,226.78,242.03,254.8,255.54,250.5,236.78,237.57,253.47,261.89,254.03,238.65,245.32,252.37,244.85,233.35,232.8,233.2,246.05,249.78,237.03,236.05,241.6,234.2,224.62,227.05,231.72,231.07,238.32,228.85,231.12,246.85,253.07,240.07,237.32,230.9,236.57,247.17,238.32,237.5,235.15,236.92,225.45,216.35,230.15,236.1,224.45,228.42,228.65,234.87,237.9,238.62,232.15,234.95,244.25,253.6,259.02,255.62,243.6,236.7,235.17,231.97,229.62,234.07,231.67,231.57,235.45,231.37,234.95,237.05,247.1,252.22,250.2,257.2,256.7,264.02,263.35,257.52,239.4,236.12,241.6,234.72,223.22,221.65,231.29,229.97,223.4,223.87,230.4,234.1,229.3,228.7,217.5,218.25,223.6,221.92,228.32,228.97,215.7,213.47,234.97,232.25,220.87,229.53,234.53,235.67,233.22,221.2,215.57,212.2,214.17,224.9,227.85,223.2,219.75,247.45,235.92,246.25,247.15,245.3,256.9,254.1,242.5,261.45,254.57,245.82,244.1,249.53,245.9,236.72,228.82,226.92,222.12,223.4,226.8,227.79,215.45,216.57,221.54,219.79,232.47,233.47,224.72,225.2,221.9,234.4,252.72,254.1,244.7,243.17,239.87,233.28,221.6,212.03,228.87,237.47,227.15,220.87,223.62,234.9,227.97,226.15,227.47,226.57,232.82,236.28,232.6,238.45,240.78,242.25,250.72,254.15,250.32,256.2,259.02,260.27,251.2,256.62,257.9,251.92,250.1,251.22,241.67,228.82,229.5,245.07,256.24,255.24,243.45,251.85,257.92,257.02,255.17,247.28,258.7,262.45,266.92,265.67,264.8,265.85,263.82,266.14,261.74,261.7,262.32,265.37,267.15,263.27,263.7,263.64,261.52,258.2,256.12,258.85,261.0,262.8,263.27,260.45,260.05,263.77,265.92,265.15,267.47,265.74,270.3,269.1,268.45,267.9,267.72,267.85,268.37,268.07,268.49,268.4,267.97,267.47,267.87,268.95,270.02,269.05,268.17,269.35,268.45,268.87,268.17,266.2,265.05,268.1,267.47,271.14,270.55,268.37,267.95,268.27,269.52,270.39,270.72,271.35,271.57,271.52,271.8,271.77,270.85,270.62,270.65,270.85,270.47,269.87,270.85,270.5,269.57,270.1,269.75,270.7,270.24
271.62,271.82,271.1,270.27,270.6,270.99,270.82,270.42,270.1,270.64,269.47,267.82,269.7,270.17,270.6,271.17,270.35,269.6,269.92,269.74,269.82,270.3,270.22,270.37,269.72,270.47,271.22,271.3,270.85,269.57,270.87,270.8,267.17,267.82,268.25,270.52,271.0,269.35,266.62,266.37,265.8,269.0,268.27,265.42,264.37,262.77,258.1,262.45,255.79,254.47,257.95,249.97,251.57,257.72,255.94,251.42,262.37,266.37,258.27,259.52,254.62,254.07,253.79,254.69,256.1,252.75,244.47,239.0,240.04,246.72,253.72,248.17,246.72,249.62,250.25,245.85,247.72,254.85,254.5,244.9,249.78,253.45,238.0,232.2,230.65,231.44,239.95,243.15,242.42,240.57,236.6,231.65,228.67,230.53,229.8,235.0,242.1,245.67,246.24,252.47,255.35,255.87,258.97,256.62,250.07,244.87,243.42,240.05,251.45,258.22,253.22,259.14,263.1,254.97,255.49,249.82,239.32,232.35,233.3,231.47,221.67,221.7,224.95,222.67,232.85,228.9,232.53,237.17,226.22,216.62,222.42,224.07,223.87,225.15,230.5,229.25,224.75,228.15,232.72,238.67,243.03,242.78,234.97,231.25,221.0,234.47,243.78,239.95,233.22,230.03,236.47,241.75,235.54,228.1,236.72,243.65,250.75,249.57,256.57,260.97,258.4,259.77,254.12,251.2,244.12,238.15,230.72,235.07,241.62,244.6,237.92,235.37,225.15,220.28,226.12,226.7,225.95,232.82,236.72,237.62,221.05,223.85,223.12,225.12,229.45,233.24,231.55,235.6,226.37,227.92,227.82,242.53,238.25,241.2,248.2,250.35,257.82,255.67,246.57,243.15,235.47,233.45,228.78,222.65,222.97,222.53,223.6,229.2,233.7,237.37,248.65,253.65,252.22,244.7,242.54,250.6,237.92,223.6,223.17,217.15,218.65,221.22,226.97,230.32,225.79,223.6,240.28,246.55,245.12,240.03,227.85,227.72,237.03,244.87,232.65,230.3,225.35,230.0,226.54,224.37,230.15,226.5,223.04,236.17,257.15,256.95,242.82,230.97,232.57,237.03,249.55,230.85,232.5,249.35,239.4,236.1,241.8,247.72,253.17,251.53,245.78,239.32,224.15,222.5,224.92,230.78,234.2,230.78,238.72,246.67,245.1,245.78,249.87,249.78,238.79,243.6,237.9,241.28,243.72,254.87,248.95,239.6,237.92,236.69,242.05,246.65,255.0,257.45,255.62,253.03,250.55,252.42,250.29,253.82,249.85,250.25,246.07,240.4,239.78,243.95,251.72,253.57,253.78,255.87,254.22,259.3,267.5,263.92,256.35,253.03,258.47,259.12,258.35,260.49,264.22,263.47,262.4,262.42,262.37,263.97,262.14,262.87,269.35,269.9,270.45,270.72,269.8,268.95,271.45,271.8,271.89,271.62,271.17,271.32,269.64,270.22,271.17,270.32,270.17,270.6,270.49,270.52,270.05,270.37,270.55,271.62,270.85,271.07,270.87,270.62,270.45,271.47,271.87,271.47,271.02,270.05,270.07,270.62,270.85,269.82,272.0,271.05,271.02,271.07,270.42
270.8,271.07,271.05,271.3,271.05,271.45,271.74,272.0,271.75,271.6,271.45,270.7,270.7,271.25,270.7,270.8,270.8,271.22,271.22,270.6,269.67,269.57,268.27,268.55,269.75,269.72,267.99,268.7,269.52,269.42,269.89,269.37,267.4,265.12,266.02,261.37,262.67,265.77,266.05,266.7,266.82,267.37,268.85,271.22,270.37,259.47,262.37,266.65,262.92,255.12,256.05,256.55,253.75,253.82,251.85,255.19,258.2,257.02,255.87,246.07,250.32,255.5,257.42,256.1,254.04,257.2,252.87,237.95,232.95,231.78,236.62,237.22,233.28,240.37,259.45,258.82,254.5,239.92,236.97,240.85,240.8,239.0,243.15,244.87,243.47,238.92,242.97,241.12,242.9,238.57,234.22,237.62,238.75,231.0,234.9,232.85,240.17,241.92,234.17,235.62,230.82,232.42,222.42,221.03,224.28,227.5,229.12,229.7,229.03,233.42,242.57,256.15,239.92,233.22,231.8,221.72,220.12,224.92,241.04,247.42,244.87,240.3,244.62,244.72,245.12,247.0,234.1,228.6,229.97,235.57,233.37,230.29,238.28,240.87,236.35,236.28,237.47,229.12,235.62,233.05,234.79,238.72,234.25,240.4,248.92,249.8,258.89,252.03,246.42,249.67,257.27,258.52,249.07,234.45,227.65,232.07,241.72,250.95,250.25,240.78,236.35,240.7,238.32,248.67,246.29,242.42,237.65,234.6,224.55,224.6,237.75,239.37,224.9,218.9,226.0,221.4,224.4,223.07,220.82,220.62,231.8,220.03,221.67,230.03,237.37,245.15,243.54,237.42,238.29,241.03,230.1,234.7,225.25,229.7,241.6,235.3,243.57,238.65,239.8,246.53,249.57,240.03,227.95,236.28,242.32,242.67,225.12,218.72,222.07,219.12,212.75,215.4,217.12,215.07,220.37,226.25,236.1,236.0,242.67,245.0,241.87,236.85,229.2,227.2,247.47,250.67,253.97,257.97,256.67,245.97,247.35,246.6,254.69,258.15,253.42,250.57,243.85,247.42,249.45,247.65,246.03,238.4,233.42,242.97,248.12,240.72,228.78,241.32,251.5,249.47,253.97,261.3,260.24,261.47,262.62,249.85,239.75,232.22,235.9,232.85,233.82,244.95,258.17,254.42,261.82,253.15,243.29,239.9,237.75,238.07,239.4,253.7,249.57,241.1,236.0,237.0,233.85,232.15,239.42,239.25,250.8,261.07,261.62,258.07,252.75,248.05,248.55,249.25,251.17,255.79,256.25,243.29,246.04,259.25,260.14,259.82,259.67,259.42,257.3,258.7,258.57,258.07,254.29,262.95,263.4,256.4,263.12,264.77,264.0,263.77,262.4,262.42,262.17,260.02,259.9,263.7,265.3,264.92,265.02,269.0,269.1,271.07,270.22,269.0,269.17,269.45,269.65,268.75,270.07,270.45,270.37,270.99,271.39,270.3,270.35,270.07,269.1,269.57,270.27,271.82,270.85,271.0,270.42,271.2,270.55,270.47,271.02,270.85,271.75,271.97,271.7,271.6,270.97,271.1,271.02,271.72,272.02,272.62,272.32,271.49,271.52,271.77,271.47,271.22,271.42
272.97,273.53,272.3,272.4,270.9,271.8,271.32,271.68,271.8,272.28,272.35,271.93,272.03,271.97,272.25,271.57,271.88,271.23,271.77,271.25,270.95,270.65,270.28,269.8,269.93,269.5,269.45,268.78,268.63,269.28,267.55,264.72,263.07,265.97,263.63,264.55,264.07,263.77,265.45,265.5,267.47,267.5,268.32,271.25,270.47,269.32,268.18,268.22,269.37,266.53,268.12,268.65,261.95,260.05,260.97,263.42,273.05,271.9,270.7,265.47,259.75,260.12,256.07,249.2,252.3,254.88,254.35,262.95,259.55,250.34,246.88,242.98,239.09,242.59,247.7,245.0,248.68,248.6,246.5,230.84,233.85,232.2,230.38,240.3,241.84,260.6,267.15,264.0,254.68,252.63,249.8,258.85,252.48,241.45,239.9,228.13,234.88,238.78,234.9,238.6,231.78,223.84,223.13,237.13,246.09,251.53,250.93,249.59,243.43,236.75,238.35,239.38,230.4,230.95,222.7,231.4,250.5,251.95,250.45,240.59,230.9,234.34,234.93,229.28,231.1,223.68,228.9,236.35,247.59,245.78,234.93,230.78,235.84,230.18,227.84,228.65,232.62,232.53,227.53,221.0,221.68,223.38,226.35,232.78,221.75,224.48,254.97,259.28,261.95,256.65,251.55,249.18,242.5,239.95,241.4,233.4,229.25,232.2,238.13,229.65,234.38,234.68,237.53,235.75,235.93,235.25,234.48,237.68,228.43,224.73,228.15,224.3,229.34,227.3,229.78,237.05,233.4,233.13,236.15,242.23,237.55,232.18,232.8,229.43,230.9,227.4,224.88,232.75,242.5,246.59,242.35,239.95,244.73,253.45,254.77,245.78,240.03,244.8,238.93,223.6,221.3,219.45,224.18,231.6,228.95,224.65,217.59,219.55,222.73,233.09,255.43,254.18,251.13,243.73,235.48,234.05,232.8,255.13,238.35,228.7,223.35,233.7,240.88,237.35,234.38,237.1,238.85,246.13,245.25,234.84,226.3,230.8,251.84,250.8,248.25,235.7,228.37,230.28,228.34,226.0,221.8,240.05,243.0,246.05,242.13,228.84,220.38,222.43,231.13,228.65,226.15,226.15,225.09,231.18,230.18,224.93,226.3,231.68,234.45,233.78,234.6,227.88,225.03,224.1,228.0,231.84,232.75,233.13,236.93,244.48,232.59,231.35,229.63,237.05,240.43,235.5,237.2,235.18,250.53,255.38,252.95,255.05,251.84,249.48,244.8,235.2,241.03,243.4,244.93,242.59,246.4,245.3,245.23,254.13,256.5,250.6,256.8,259.72,253.4,253.75,265.2,268.93,268.9,265.43,257.4,254.73,253.2,253.95,257.93,262.8,265.57,262.85,259.83,259.57,261.15,262.07,262.62,263.0,260.5,259.65,259.12,258.28,260.5,265.2,264.77,260.65,261.62,263.62,264.68,261.75,265.3,266.53,265.47,262.18,264.3,266.57,266.53,269.15,270.2,266.72,267.7,269.2,269.12,268.2,269.28,270.28,268.93,270.52,270.1,271.1,271.25,271.1,271.9,272.07,272.65,271.95,272.2,271.75,270.93,271.3,271.6,270.93,270.65,271.05,272.07
272.2,271.52,270.68,270.93,269.8,270.25,270.55,270.63,268.97,270.72,270.5,271.72,271.93,272.1,272.43,272.87,273.93,272.6,272.03,271.43,270.88,268.3,267.68,268.55,269.13,268.45,271.45,268.75,268.75,267.13,269.3,269.0,265.6,263.7,264.55,264.75,268.1,269.47,268.7,268.38,267.93,268.6,270.28,269.05,268.1,267.37,267.55,263.15,255.55,263.22,267.78,270.55,270.03,271.18,269.0,266.93,262.72,255.98,256.35,261.27,263.9,261.32,262.05,257.68,249.15,253.38,251.95,240.48,236.75,241.03,234.2,234.1,233.65,234.4,233.38,232.23,234.34,238.98,234.85,235.95,244.78,245.09,249.55,249.78,247.53,248.0,242.28,243.34,236.45,231.43,221.93,220.45,218.98,224.0,228.48,232.03,239.1,246.4,247.75,249.18,245.15,230.6,226.4,234.84,242.38,242.1,243.43,239.43,241.13,247.65,243.18,242.63,241.38,244.3,250.8,249.85,247.0,248.0,250.84,246.73,243.53,242.48,253.2,243.45,240.78,251.34,256.0,246.3,237.93,233.84,238.65,243.78,243.45,238.09,242.23,243.38,237.15,228.84,227.48,238.45,247.65,238.95,231.65,236.85,243.9,239.85,232.28,234.5,234.45,226.0,233.75,230.28,236.98,242.0,230.1,226.78,224.09,225.8,225.78,226.45,228.05,237.34,224.1,226.45,233.5,227.8,229.63,231.93,228.88,227.48,229.03,231.43,238.98,238.38,227.0,228.9,227.75,239.68,246.2,242.25,230.9,229.78,235.55,235.05,246.05,252.9,255.6,242.93,234.0,224.3,219.2,219.4,219.6,220.59,217.6,213.65,221.4,227.63,231.43,236.25,237.18,231.85,234.09,231.68,221.8,221.1,230.09,233.8,224.23,221.9,232.68,238.84,242.08,247.93,252.08,244.13,236.88,236.65,232.66,227.0,224.83,231.41,244.7,229.23,224.4,220.6,225.3,223.45,225.98,244.2,238.48,224.78,229.93,231.6,235.8,233.03,233.5,247.28,237.8,233.05,233.6,236.2,232.48,224.53,233.18,235.13,236.05,241.15,241.65,243.0,234.0,228.75,232.75,227.95,227.78,244.0,252.28,246.75,236.88,245.2,241.25,239.85,236.35,236.58,240.73,245.05,250.73,251.63,245.0,248.13,240.3,254.03,259.2,251.93,256.25,250.03,239.16,242.18,234.98,238.5,238.58,241.03,248.1,234.63,246.53,259.3,261.38,257.93,257.9,257.13,256.38,253.03,245.9,238.95,244.83,248.1,250.5,250.53,250.7,256.2,263.43,261.88,260.33,259.53,255.6,250.68,249.45,252.13,257.8,261.3,261.93,257.13,256.25,255.05,258.33,254.68,256.35,257.88,258.88,257.2,255.8,261.41,259.03,255.93,259.65,258.38,260.9,261.66,261.75,264.48,264.25,262.4,263.05,264.35,264.43,265.83,267.48,268.4,269.28,267.78,268.05,265.25,266.1,268.0,269.33,271.08,271.43,271.03,270.85,269.93,269.53,269.9,271.63,270.3,269.6,269.91,269.18,268.58,268.93,268.93,269.73,270.36,271.2,272.2,270.91
271.6,271.63,271.68,271.75,271.35,270.8,269.95,269.15,269.58,269.0,269.3,269.78,270.13,269.38,270.23,269.45,269.6,268.2,267.95,269.68,270.6,271.03,270.48,269.5,271.13,271.25,270.75,271.55,270.5,269.48,269.15,268.48,269.43,267.83,269.0,269.13,266.85,265.55,266.55,268.23,268.63,266.98,266.4,263.98,263.7,264.05,263.23,261.33,264.08,254.33,255.91,261.91,266.03,263.58,261.91,258.63,260.25,257.45,254.8,261.8,262.65,260.75,261.65,264.08,264.23,265.13,259.18,253.08,252.38,260.6,259.63,257.6,259.38,262.45,257.2,248.13,242.78,236.35,239.3,237.13,244.58,245.88,238.15,244.15,241.23,250.8,252.7,264.03,259.5,259.03,261.78,264.31,259.98,252.95,249.2,241.08,237.73,235.7,231.25,230.38,226.78,240.0,236.6,240.83,236.48,236.93,241.0,243.28,232.75,223.28,226.38,229.1,223.05,229.48,234.73,230.48,232.65,221.68,223.7,231.55,231.2,229.0,229.53,236.1,256.45,261.38,262.9,251.23,257.1,258.7,260.18,259.7,252.68,237.48,233.91,239.53,237.93,236.88,233.65,236.08,238.63,243.03,243.15,234.25,238.35,249.93,246.68,236.6,227.58,233.35,238.1,242.7,232.73,222.58,223.08,227.18,227.43,233.16,241.9,240.13,241.53,241.18,245.33,255.05,252.66,248.93,237.28,230.58,220.2,222.7,230.98,230.3,228.58,231.33,235.63,232.7,232.4,233.9,239.73,236.5,234.35,233.38,226.73,219.75,227.15,225.3,229.85,221.2,225.05,227.55,227.93,226.73,223.8,225.25,232.08,232.43,224.68,230.16,243.38,242.2,225.8,234.85,241.53,251.91,249.18,236.08,234.05,233.48,249.55,242.93,237.95,236.93,237.34,234.65,231.95,238.75,250.68,247.84,246.45,241.35,227.35,233.85,237.1,230.98,216.68,214.03,216.48,220.63,216.85,220.3,218.45,233.7,237.63,242.5,242.85,234.5,237.1,249.88,253.34,238.03,241.2,238.34,254.45,256.63,248.5,236.55,247.35,247.03,257.13,263.87,260.9,248.78,249.1,253.98,260.77,261.03,258.65,257.03,254.59,249.45,251.75,262.03,263.28,258.05,253.43,251.8,253.18,251.9,256.93,254.6,254.9,253.8,256.07,253.15,252.97,265.35,260.9,252.3,247.84,257.85,263.47,260.68,251.28,251.13,247.38,248.13,254.4,255.7,257.28,263.2,263.7,261.03,256.85,255.1,249.3,248.15,243.45,243.59,250.93,246.15,248.93,244.13,248.18,246.5,242.55,245.09,245.09,252.25,257.15,262.13,260.95,260.5,261.03,259.45,257.0,267.3,267.8,263.93,263.3,265.25,266.1,268.37,267.43,261.75,263.37,265.63,265.68,266.05,267.25,267.52,268.1,269.43,268.05,268.8,271.2,270.35,271.32,272.4,272.52,272.82,271.87,271.22,269.9,270.07,270.82,269.72,268.05,269.68,271.37,269.45,269.4,270.15,270.53,270.62,271.77,271.15,271.6,271.53,269.78,269.53,269.97,270.78,270.78,271.48,270.18
269.6,269.72,269.7,270.72,271.52,271.78,271.65,272.43,272.17,271.75,272.6,273.27,273.32,272.53,273.07,272.18,271.7,271.25,270.8,269.25,269.13,269.12,269.05,269.1,269.6,269.32,266.55,264.82,266.93,268.82,268.05,265.62,266.87,266.5,266.85,266.55,266.85,269.35,268.3,269.38,271.25,273.15,271.6,268.57,266.32,266.13,266.1,267.6,269.1,267.32,267.55,266.18,260.18,265.45,268.95,270.22,269.1,267.55,267.8,262.45,262.2,261.15,257.8,251.68,254.25,260.75,255.5,260.47,260.45,260.32,255.63,257.75,256.4,251.48,252.93,261.63,254.95,246.55,259.43,263.85,252.13,246.43,253.78,259.32,259.15,257.63,257.35,256.63,255.25,254.6,251.2,240.6,253.45,241.93,240.2,256.43,260.87,263.4,260.1,243.73,244.95,239.43,236.25,241.85,237.53,238.6,244.0,233.53,240.15,250.95,251.83,244.68,240.28,240.73,246.05,244.58,251.35,258.35,265.08,258.43,248.03,249.6,244.58,239.45,240.2,245.5,230.25,233.08,238.2,243.81,248.8,252.5,251.3,258.23,250.23,235.25,236.3,233.8,234.28,236.55,234.23,235.68,244.98,237.93,227.65,224.95,224.45,219.55,211.68,216.6,223.18,234.13,250.08,244.48,242.0,245.18,246.5,257.75,262.08,262.1,245.53,239.03,245.0,244.58,241.28,233.28,233.63,226.9,228.35,231.48,238.78,233.1,228.75,227.23,234.25,230.93,231.25,230.73,227.0,225.83,230.08,227.5,225.08,235.78,235.75,236.25,229.08,229.9,224.2,230.55,230.85,234.65,225.78,227.95,219.08,217.81,223.78,232.13,231.13,231.48,229.1,224.45,229.35,245.13,239.93,237.05,235.0,237.25,239.28,241.85,240.13,238.13,229.38,224.83,238.78,234.15,246.45,244.7,252.1,249.23,237.91,241.8,244.18,255.08,252.45,246.48,254.15,257.05,255.05,255.15,241.93,245.45,243.68,232.2,240.48,237.68,234.9,225.1,233.5,237.1,235.63,237.45,245.25,242.68,235.53,242.38,251.15,247.65,242.08,241.4,240.13,237.68,238.4,236.15,231.93,238.93,243.18,244.75,255.83,251.23,246.48,238.03,233.18,237.6,235.2,234.5,234.18,236.23,242.28,241.33,235.93,228.13,228.65,227.4,232.95,232.93,245.83,239.91,238.3,247.08,253.08,261.98,260.93,260.0,262.98,259.98,260.2,253.73,248.2,244.33,252.05,253.33,250.03,252.38,254.83,254.58,246.05,246.13,247.98,251.33,253.13,248.55,250.7,251.2,255.85,257.05,245.75,246.98,249.78,249.73,253.68,258.78,256.0,260.6,257.85,254.3,259.03,261.53,261.91,267.63,268.68,268.68,268.58,268.18,269.53,268.48,264.35,265.63,266.83,267.5,267.66,269.03,268.25,268.45,269.0,268.03,268.18,268.73,269.78,269.23,269.15,270.5,272.33,272.88,270.73,270.73,270.28,271.03,271.35,270.58,270.95,270.83,271.13,270.13,270.81,270.1,270.05,270.78,271.35,271.93,272.68,272.6,272.6,272.23,272.78
271.9,271.55,271.63,271.65,270.7,269.93,270.15,269.53,268.91,269.08,269.55,270.55,268.6,268.7,269.53,269.85,270.5,271.23,271.25,271.2,270.75,270.6,271.4,273.08,271.83,271.66,271.53,270.75,271.56,270.86,268.73,263.73,265.58,265.9,262.8,264.88,266.13,266.83,266.83,264.88,268.28,262.35,264.23,260.63,263.75,262.8,260.85,258.88,261.4,260.03,262.18,256.63,250.38,253.78,250.93,255.95,253.75,254.6,259.8,268.1,271.1,270.23,267.28,257.78,260.5,265.23,269.83,271.98,271.03,269.13,267.83,269.6,268.66,264.73,255.3,246.55,255.05,245.18,234.75,243.73,255.18,263.4,260.88,258.6,255.73,257.58,258.16,264.8,261.93,256.73,252.83,240.73,251.83,264.65,254.23,239.25,232.45,245.8,257.5,252.35,250.6,245.98,250.48,251.98,253.83,246.31,234.98,241.1,257.85,243.6,240.93,237.18,237.23,247.56,249.38,233.88,238.33,230.83,221.63,223.83,228.78,226.18,223.68,232.83,237.7,245.78,252.88,248.7,241.55,227.7,232.13,246.68,259.85,249.2,245.6,239.1,231.43,231.9,225.18,227.16,227.1,222.3,227.08,250.58,251.75,245.83,241.2,238.3,249.45,240.18,234.03,240.05,244.6,248.48,244.7,251.13,241.38,249.48,247.35,231.4,235.68,246.88,253.0,237.48,227.48,221.43,227.8,226.05,230.9,233.43,227.0,226.05,218.35,226.0,224.25,221.5,231.13,239.43,227.93,239.5,240.7,242.25,235.35,227.88,239.18,256.53,249.7,237.05,229.68,239.03,237.83,241.9,257.98,254.58,246.78,238.18,235.7,232.15,229.68,222.65,217.0,218.98,219.43,228.25,235.5,245.05,237.88,230.0,232.9,228.58,227.65,228.35,232.23,227.1,232.23,231.78,233.3,230.33,226.85,232.5,236.4,236.53,234.6,223.2,226.33,227.93,227.8,236.63,235.23,240.0,239.25,234.4,228.83,232.53,236.23,235.0,221.98,221.33,222.85,224.35,221.8,221.1,231.3,223.63,219.75,221.06,222.93,225.6,223.58,238.38,257.13,254.85,254.4,247.48,245.08,240.55,249.28,249.33,237.75,227.35,222.75,225.43,229.75,243.53,244.78,240.45,231.13,227.93,231.55,232.5,232.98,232.63,230.93,233.68,228.83,227.13,232.93,238.18,239.18,238.25,237.83,237.4,238.58,234.33,235.83,240.78,242.73,243.83,245.13,248.95,256.43,256.66,254.85,250.13,253.18,262.6,263.8,262.88,261.23,261.75,260.63,262.78,259.81,259.08,267.1,269.43,267.35,268.3,265.3,264.45,264.15,264.0,261.68,262.03,257.18,259.85,264.55,267.66,266.65,267.08,269.25,270.28,266.85,266.43,267.35,264.83,265.58,266.33,263.18,262.63,262.65,265.78,266.05,266.31,266.23,267.68,269.85,270.66,270.9,270.88,270.23,269.58,269.6,269.53,269.15,268.41,267.95,268.56,268.78,266.88,267.85,269.7,268.5,265.25,266.48,266.5,267.58,269.68,269.45,269.4,270.81,272.36,271.33,270.68,271.1
271.18,271.13,271.48,272.15,272.18,271.58,272.03,272.08,270.93,270.83,270.95,272.7,271.93,271.98,272.66,273.15,273.75,273.63,272.05,271.0,270.95,271.3,268.78,269.48,269.03,267.58,267.78,268.3,269.68,269.85,267.8,267.75,267.18,266.15,266.16,267.25,265.43,265.05,265.15,263.65,259.63,263.93,267.98,268.38,266.23,256.66,259.53,255.65,252.63,261.68,261.9,259.91,262.88,266.35,267.2,264.08,261.58,262.73,261.9,257.63,258.91,259.0,256.98,243.05,243.08,241.2,240.25,251.0,255.33,243.58,236.91,242.98,246.53,246.23,253.38,261.38,265.93,266.48,265.8,265.23,260.98,249.88,241.25,236.23,232.88,237.13,241.85,242.38,255.73,253.78,248.43,246.55,235.85,240.85,239.0,245.6,256.43,244.6,231.45,226.43,232.6,231.65,224.88,226.16,223.13,227.75,227.43,233.1,228.43,232.3,230.43,225.0,226.33,231.5,235.33,231.75,226.75,231.1,232.03,237.53,234.53,233.45,238.83,236.75,236.73,234.03,240.75,240.83,237.93,240.85,240.38,243.05,244.88,234.0,228.8,229.9,235.38,243.05,238.48,230.18,234.75,237.65,234.43,234.65,231.48,229.68,229.5,232.1,232.6,242.68,251.43,248.43,245.65,246.75,231.58,231.7,234.7,237.35,240.88,240.95,229.23,230.35,227.91,241.45,248.2,248.85,248.4,248.85,247.91,242.53,233.35,237.53,240.08,241.13,240.28,236.18,227.08,231.55,239.53,232.75,232.73,234.83,243.93,247.65,243.35,240.25,228.75,232.75,231.78,236.13,240.05,235.7,238.6,232.73,234.03,234.08,235.35,223.53,218.98,227.13,229.93,231.35,231.7,225.48,227.3,233.2,238.4,252.88,254.38,249.8,249.78,253.65,253.23,247.5,242.28,240.58,239.2,235.1,239.8,243.33,224.38,233.18,238.28,240.8,235.28,226.1,223.08,226.38,225.4,230.15,238.55,240.33,238.95,232.75,234.35,239.2,244.85,233.75,232.95,237.68,239.53,242.2,241.18,234.05,230.43,230.65,223.83,215.03,220.85,227.68,229.08,225.85,233.4,241.95,245.16,244.83,239.08,243.13,255.08,245.2,250.6,258.9,258.5,245.03,245.33,249.25,238.88,243.18,246.93,245.05,251.2,256.53,255.28,251.23,248.7,232.68,232.33,233.83,232.68,237.43,239.4,253.45,244.73,243.83,250.23,252.03,250.7,249.9,243.75,247.48,251.78,254.08,251.1,238.08,236.23,244.5,250.45,248.38,256.25,256.35,249.8,259.23,260.95,255.13,255.05,254.93,256.7,256.38,252.05,253.75,251.75,252.2,257.95,258.03,254.55,256.13,259.68,260.45,253.65,258.68,259.85,260.83,265.7,269.53,267.88,267.25,268.7,268.28,267.8,267.85,266.13,263.2,263.2,264.88,265.66,265.88,268.4,269.0,267.85,267.85,270.15,271.08,270.98,271.35,270.66,271.45,271.1,271.53,271.28,271.35,271.88,271.2,271.05,271.41,271.35,270.73,270.05,270.35,270.43,270.55,270.68,269.9,269.48,269.28,269.66
271.7,272.48,272.1,271.53,271.25,272.05,271.18,270.85,270.55,269.95,270.8,271.07,271.02,270.5,270.68,269.7,270.02,270.3,269.9,270.4,269.45,269.45,269.45,269.68,268.72,269.03,267.22,266.65,267.68,267.48,266.68,264.27,265.22,265.95,262.45,260.2,260.1,264.55,262.18,261.55,263.25,261.58,268.32,269.57,268.8,268.15,267.13,267.1,263.75,264.9,270.8,270.27,271.02,270.45,266.05,263.97,265.45,259.72,252.78,244.45,241.78,243.35,240.82,237.75,239.28,242.93,248.93,249.48,246.7,238.84,234.45,242.13,241.6,238.34,239.88,237.0,226.9,232.98,237.43,246.63,259.45,253.25,246.28,250.8,252.28,243.48,249.18,250.55,243.15,235.9,243.18,247.18,240.48,241.9,248.35,251.2,258.13,253.5,241.37,247.53,243.34,244.68,244.25,241.43,239.3,238.09,241.59,238.78,240.0,233.05,248.48,263.82,253.15,262.05,263.72,258.93,254.13,248.9,247.6,244.93,244.88,243.03,241.84,239.1,247.43,251.6,252.23,258.65,260.8,261.52,256.23,249.25,247.95,247.09,232.2,231.98,239.4,236.7,223.55,227.6,241.34,238.98,236.8,242.4,259.62,257.95,245.05,246.63,245.73,240.2,240.55,241.0,248.55,235.5,229.4,236.48,229.53,234.55,237.75,233.13,233.43,229.6,229.59,225.4,223.23,228.88,230.05,227.93,224.13,222.95,228.43,223.84,221.28,231.65,231.3,234.85,230.6,232.28,236.98,239.53,240.95,238.84,244.53,240.34,247.63,249.84,244.4,231.88,228.2,222.3,228.35,226.4,227.35,238.95,237.35,230.38,225.93,224.1,227.85,239.43,231.68,225.43,230.1,240.87,238.65,238.85,246.2,241.59,232.45,254.95,248.93,238.75,232.09,247.25,249.78,239.34,244.59,254.4,256.43,254.63,246.7,240.73,244.84,250.6,256.3,258.68,252.73,243.38,236.75,228.73,231.75,237.88,242.7,257.63,246.65,242.98,235.03,228.03,224.59,221.09,222.25,229.1,234.18,237.93,236.13,238.07,241.84,252.3,257.41,254.8,245.1,237.18,235.28,232.03,242.95,245.78,232.95,225.03,233.63,244.55,250.98,252.45,246.3,250.88,250.8,249.91,251.33,244.53,247.3,249.1,249.05,233.08,239.28,245.15,228.1,234.73,230.43,235.65,230.85,235.48,232.53,236.3,242.25,246.98,248.63,244.45,236.0,237.85,242.68,241.9,241.55,244.1,247.7,251.48,240.05,243.2,244.23,247.08,248.58,243.13,240.35,242.33,245.75,260.58,265.03,265.55,267.41,266.56,264.78,263.05,262.5,262.06,262.3,259.5,260.7,262.48,262.73,260.98,257.78,260.55,262.6,264.65,264.83,264.88,264.03,264.45,266.8,267.08,264.85,267.23,269.93,268.5,263.91,262.5,261.68,262.98,268.1,271.05,270.58,270.55,270.13,268.83,269.25,268.91,268.3,269.08,267.88,267.28,268.81,269.1,269.65,269.93,270.58,271.55,271.13,271.66,272.0,272.08,272.03,271.6,271.78,271.75,271.9,271.25,271.55
271.68,271.27,271.25,271.32,272.47,272.1,271.68,270.57,270.3,270.18,269.43,268.45,268.78,268.6,268.1,268.63,267.63,265.13,266.12,267.22,266.25,268.25,268.93,270.2,269.73,267.53,267.5,268.05,268.53,268.0,268.9,268.63,268.93,267.3,261.15,259.73,261.88,267.05,267.68,265.56,267.15,270.38,267.93,264.78,262.15,265.98,266.98,265.6,264.5,268.33,267.45,261.1,262.48,264.13,255.73,258.33,259.3,249.53,243.48,250.65,243.93,243.05,244.83,249.78,249.98,249.85,250.63,247.85,244.7,245.58,245.55,249.28,256.78,258.35,250.43,244.85,247.0,260.73,250.58,246.05,244.6,240.88,243.58,260.33,262.13,259.45,256.6,250.45,255.7,251.23,237.1,238.95,243.4,232.53,224.45,219.98,215.05,211.13,219.2,230.4,234.23,232.35,233.95,234.63,232.85,250.28,251.98,239.16,237.0,244.25,238.95,239.58,249.98,251.28,251.4,251.8,255.05,245.6,239.83,259.58,260.41,256.4,260.4,257.06,254.7,245.48,226.13,224.63,231.35,235.83,234.3,230.43,223.28,235.85,245.05,243.95,235.95,232.15,227.9,225.38,234.95,232.43,230.5,231.3,220.6,223.3,231.05,232.4,253.58,259.05,254.33,243.98,249.35,254.83,253.3,244.28,244.81,241.0,240.56,236.18,232.38,231.65,224.6,227.1,225.58,226.93,228.43,228.8,248.4,248.25,240.58,235.7,237.3,246.45,244.25,238.5,222.16,222.58,232.25,235.35,230.23,237.0,237.78,230.28,227.05,225.43,218.85,216.13,223.85,237.03,243.13,243.55,246.38,248.75,239.2,234.1,233.68,229.7,229.03,222.85,226.93,218.3,222.33,218.75,218.53,231.95,247.0,242.75,238.05,233.35,237.45,232.88,226.2,225.85,222.73,228.98,229.53,224.58,223.43,224.95,226.93,218.38,221.35,223.68,226.18,227.08,217.08,216.41,219.73,217.88,214.2,221.18,219.16,222.16,234.23,235.88,227.5,236.68,225.03,214.85,227.68,245.35,243.28,242.43,244.3,239.3,228.55,224.38,227.05,234.18,240.73,241.18,242.45,239.05,247.03,246.13,245.35,248.17,254.07,261.6,255.3,251.47,251.15,244.12,241.97,233.67,238.32,239.67,239.02,236.82,231.57,239.32,249.05,251.3,251.82,252.8,253.25,253.55,247.72,239.07,245.67,240.0,260.1,264.12,263.87,262.42,255.85,256.45,256.15,260.6,260.4,260.25,260.32,256.87,256.07,257.07,254.7,251.17,248.05,253.1,250.28,248.57,245.07,246.32,255.25,258.97,256.15,254.07,257.35,260.55,261.0,259.77,261.37,267.42,268.1,267.02,268.47,267.9,265.05,266.2,265.17,264.62,261.3,260.32,262.05,263.25,264.6,265.7,264.32,266.02,267.97,268.35,267.47,266.53,265.8,267.17,268.87,269.45,270.3,270.65,270.1,270.37,270.05,269.97,269.35,269.85,270.15,270.0,269.82,269.82,268.87,268.7,269.23,270.62,270.57,269.92,269.65,269.68,269.75,269.42,269.05,268.17,268.57,268.4,268.53
269.25,269.7,269.75,270.57,270.82,270.53,270.47,271.3,270.57,271.4,270.93,270.52,270.12,270.97,270.6,270.32,270.2,269.57,270.15,269.68,270.52,271.0,271.47,271.7,271.9,271.3,271.17,271.75,271.82,271.27,270.07,270.47,270.17,268.3,269.05,270.7,266.6,264.62,266.9,268.1,268.8,270.15,271.02,269.8,267.15,263.2,266.35,266.2,264.45,263.6,261.55,257.9,256.1,254.5,258.47,254.32,251.35,252.97,254.32,253.32,255.17,247.3,253.82,255.65,239.62,240.85,249.3,255.37,266.1,263.5,256.12,255.22,252.52,247.42,245.67,237.95,241.97,239.0,238.1,243.97,247.25,253.15,259.3,261.27,246.4,238.52,236.77,238.0,241.55,252.1,248.77,252.7,252.53,253.0,249.22,255.15,252.8,250.1,250.15,245.3,245.42,243.95,241.0,231.75,226.4,224.67,225.15,228.07,233.47,232.02,232.5,236.02,250.92,252.2,248.78,239.7,235.9,236.32,230.35,227.42,226.42,229.65,238.92,247.07,262.05,258.0,241.15,236.37,232.87,250.92,246.22,241.32,242.15,245.55,233.7,226.0,237.92,245.8,241.27,227.3,229.2,237.3,232.72,233.55,247.0,255.7,260.82,259.4,250.8,248.72,244.1,247.85,253.7,255.68,258.2,254.05,245.62,236.07,244.53,246.42,235.32,245.77,250.87,255.42,246.35,239.72,241.37,244.55,239.35,241.7,259.17,247.2,242.35,245.42,251.8,238.25,234.32,237.7,245.6,242.72,239.37,237.57,234.4,226.12,219.95,222.25,233.2,226.8,220.45,219.1,230.2,243.9,244.85,242.15,237.37,240.02,231.95,238.35,244.3,248.7,243.97,250.15,241.97,239.47,240.2,244.92,248.5,246.85,236.92,241.02,236.67,239.12,232.92,239.17,240.95,241.8,234.0,233.82,234.8,231.0,226.32,224.45,224.45,223.62,232.8,244.0,233.0,233.45,237.1,247.4,246.65,257.7,262.05,258.5,250.85,249.9,242.5,245.45,248.92,241.02,233.45,235.5,236.62,230.47,222.95,234.4,240.07,225.37,226.17,232.5,225.1,239.87,242.25,224.55,225.4,229.3,242.8,238.15,235.45,229.6,229.55,236.42,245.77,250.05,253.72,258.52,253.7,256.5,255.1,256.62,240.57,236.35,248.62,260.07,258.4,249.0,250.95,257.8,255.97,244.72,249.62,247.57,260.1,260.97,253.17,254.1,254.98,250.75,256.37,258.12,256.37,263.6,267.1,268.4,264.9,259.02,262.32,260.68,251.22,257.7,264.07,262.37,259.42,257.42,260.17,262.32,263.9,264.17,266.35,270.45,270.32,270.85,269.07,269.2,267.97,266.4,267.82,267.32,268.55,270.07,268.53,268.25,268.35,267.32,267.85,266.28,264.6,264.95,265.6,263.42,262.57,264.12,265.27,265.02,262.25,265.75,265.4,262.77,265.1,266.5,269.37,268.72,270.3,270.85,271.35,270.75,270.45,270.53,270.65,269.87,270.5,272.45,271.92,271.75,271.15,270.6,272.0,273.07,273.35,272.22,271.53,271.25,271.37,271.42,270.9
270.32,269.93,270.97,269.82,268.65,270.1,270.25,270.12,270.12,270.32,271.87,272.22,272.37,272.15,271.62,271.2,271.6,271.57,270.32,269.95,269.07,268.75,268.97,268.92,268.85,269.18,268.0,267.87,267.57,267.45,268.77,269.95,270.27,270.92,270.75,271.03,268.3,268.95,268.55,269.82,269.17,269.65,269.27,263.62,262.02,267.55,265.15,261.62,265.27,267.3,261.47,261.77,260.02,252.85,261.35,267.97,264.72,263.45,265.5,266.02,268.67,267.27,265.87,262.12,259.27,260.2,257.12,251.6,249.1,254.07,247.85,247.47,250.62,248.32,244.25,240.97,238.18,235.12,235.82,231.95,234.37,227.02,227.12,230.5,225.22,236.07,239.47,244.4,244.43,241.47,238.87,240.95,239.4,233.42,232.87,246.68,242.52,231.17,237.57,240.4,230.55,234.15,233.82,230.15,234.0,246.52,235.5,237.17,244.35,244.42,244.1,245.87,244.9,242.87,255.85,254.53,255.6,265.72,254.82,252.42,250.37,245.0,248.3,252.3,242.42,238.0,237.75,235.55,236.05,237.6,230.47,238.9,238.32,232.27,240.72,255.6,262.37,249.6,238.92,235.9,231.82,235.17,237.75,233.85,232.4,220.9,222.8,223.47,220.7,223.77,238.5,239.25,222.02,228.32,238.65,231.4,226.35,236.87,236.5,228.8,222.27,229.5,228.75,221.6,222.53,225.42,220.5,225.9,230.65,230.02,237.25,241.6,246.82,249.67,249.37,236.9,246.17,249.7,255.32,252.25,235.12,227.78,230.35,226.72,224.02,219.75,228.3,231.35,234.22,232.72,233.95,222.52,220.27,230.17,239.5,236.22,239.2,235.2,220.35,225.22,237.25,232.22,225.22,227.67,224.4,221.6,219.25,224.97,236.28,236.27,235.5,232.22,239.97,238.6,243.95,234.52,230.7,227.4,227.37,223.45,231.5,233.55,228.35,238.5,248.45,237.05,225.27,222.8,222.6,225.52,224.32,227.12,233.7,234.72,241.87,243.65,237.97,229.57,237.67,231.82,223.75,223.22,224.07,220.8,228.97,243.8,229.0,226.92,227.55,227.2,220.12,216.22,239.52,241.75,236.62,228.62,221.9,219.85,226.77,225.67,232.78,238.02,234.12,237.77,232.7,247.55,254.02,266.2,251.05,245.32,242.65,254.45,248.87,239.95,242.92,253.97,250.8,249.12,247.55,245.15,242.57,243.3,242.05,248.47,246.92,240.32,245.37,239.55,238.57,243.0,239.1,247.87,261.35,259.1,251.95,253.78,249.27,249.2,248.25,255.68,257.77,257.22,258.95,251.95,253.05,267.1,266.12,262.78,264.65,265.4,267.0,268.28,267.42,266.62,267.65,269.15,269.4,268.9,267.1,266.15,264.67,262.65,263.27,262.55,260.9,263.72,263.05,263.2,263.9,264.2,265.2,264.05,266.9,267.45,266.47,266.8,265.6,266.25,268.47,267.47,268.6,267.53,266.37,268.2,270.0,270.57,270.52,270.45,269.82,269.55,270.65,268.12,268.72,268.65,268.6,270.35,269.95,270.12,271.97,271.57,271.92,272.17,270.55,270.15,270.22
269.63,269.95,270.43,270.52,270.45,269.07,269.57,269.05,269.07,269.95,270.52,270.85,272.5,272.33,272.4,271.7,270.47,270.07,269.95,270.35,269.7,269.2,269.3,269.15,269.07,270.02,270.0,268.97,267.6,266.72,265.77,267.03,266.55,266.15,265.87,269.72,270.68,272.08,271.48,271.2,270.07,268.72,270.43,269.4,269.15,268.43,267.43,266.93,267.85,265.63,266.28,265.3,260.93,253.84,256.4,260.17,253.93,257.28,266.6,265.93,259.05,260.9,263.95,266.05,256.32,247.15,250.45,251.98,249.84,243.65,239.98,241.7,236.15,241.95,255.6,268.88,268.47,267.18,262.7,263.9,262.15,257.93,251.13,245.7,240.65,247.95,244.88,236.84,231.38,229.28,230.03,237.68,230.1,229.23,228.13,226.34,228.93,235.05,231.4,222.53,222.75,224.5,236.1,229.93,229.68,238.45,231.7,226.15,217.1,219.9,221.3,229.9,231.03,236.53,241.38,255.55,249.59,235.85,237.05,232.7,233.35,230.75,228.34,232.32,234.5,231.43,227.73,236.13,237.78,238.18,238.43,243.25,253.4,259.57,249.38,236.84,235.0,229.13,232.65,228.85,241.23,246.4,228.73,227.35,225.65,222.13,227.23,226.95,222.73,224.28,227.75,230.85,230.84,239.4,240.4,229.45,230.07,237.34,248.8,256.33,256.33,251.9,256.43,252.75,233.8,230.48,235.63,231.73,238.25,248.85,233.0,235.48,259.2,256.75,260.95,253.53,254.82,257.43,259.63,260.35,254.3,242.68,241.5,240.5,238.3,232.95,228.75,227.85,228.0,226.8,220.7,218.8,218.38,226.84,225.78,224.38,230.9,228.09,234.59,221.9,232.84,246.3,245.68,251.78,253.4,255.75,249.63,234.03,216.03,219.45,222.84,244.34,250.43,228.45,219.48,223.59,228.9,235.45,235.38,224.68,225.3,220.38,222.0,227.43,230.3,217.15,217.73,221.84,220.5,220.3,231.8,256.25,247.45,251.3,255.57,248.18,231.3,230.05,232.34,220.53,222.18,223.85,224.65,221.25,236.8,255.18,241.4,228.55,237.8,244.1,238.55,231.55,229.53,232.78,227.48,233.25,229.55,231.85,232.3,233.53,244.88,248.8,249.4,245.1,235.75,233.65,233.03,246.3,240.7,239.53,242.05,251.7,257.82,257.8,241.98,237.35,233.8,238.03,241.05,230.75,233.75,234.15,238.63,242.2,250.47,255.0,253.8,246.92,245.07,253.05,250.87,248.55,249.17,250.7,242.22,243.55,248.12,259.57,258.72,263.07,264.15,257.62,252.97,256.3,253.77,259.03,261.57,259.97,259.97,254.72,256.85,256.78,256.12,259.42,262.3,267.82,267.05,267.27,267.4,266.2,264.95,266.2,266.5,266.55,265.6,266.27,264.8,263.97,264.65,266.18,267.62,267.05,269.25,267.85,267.8,267.67,267.85,269.37,269.7,270.82,272.1,271.2,270.5,270.45,270.72,270.43,270.82,269.82,270.25,270.05,270.03,269.72,269.8,269.72,269.5,269.68,268.97,268.9,270.25,271.3,271.32,270.45,270.67,270.47,270.62
270.5,270.77,270.47,270.43,270.4,269.92,269.2,268.57,268.55,267.97,268.87,268.57,269.92,271.75,271.85,271.37,271.1,271.37,271.37,270.55,269.95,269.77,268.45,268.4,268.92,268.7,268.77,269.35,269.03,268.95,270.8,270.07,270.03,268.07,266.3,267.32,268.12,268.07,267.17,267.12,264.65,263.45,263.87,261.25,261.65,256.62,255.5,260.7,267.22,268.87,266.15,258.0,254.6,259.37,259.07,260.35,253.67,261.97,266.52,265.57,264.17,260.42,250.42,252.53,257.85,247.67,241.02,238.45,241.2,248.67,245.0,243.62,241.8,240.42,233.72,233.5,241.82,234.47,231.9,239.6,237.05,229.7,230.57,228.17,227.52,233.75,236.7,238.77,247.6,243.3,238.27,249.05,257.62,253.42,240.95,244.85,255.28,266.85,258.05,262.05,252.72,243.6,245.6,243.35,255.02,262.72,255.62,248.97,243.25,245.02,249.1,242.25,242.42,242.15,234.12,228.52,233.72,232.72,235.25,248.07,259.65,254.6,253.32,249.12,245.12,233.07,229.75,228.92,223.5,223.12,228.1,223.0,231.45,234.6,224.22,233.47,231.02,230.35,229.97,230.4,237.87,229.35,220.65,229.37,231.22,227.57,217.45,217.4,217.9,223.15,230.72,245.47,244.72,232.95,227.32,226.97,221.55,228.6,247.57,249.95,259.8,248.7,237.7,251.1,260.05,260.12,253.27,260.1,265.97,258.9,248.15,246.1,262.3,265.1,261.0,267.25,265.22,261.07,252.87,251.28,244.12,240.4,228.57,231.3,246.42,249.5,245.75,236.8,233.15,238.53,243.25,241.35,241.6,242.42,239.2,237.95,227.92,223.22,218.67,226.65,224.7,240.22,247.2,250.02,241.3,244.72,249.6,252.55,245.95,243.7,239.75,228.25,220.37,225.92,223.55,230.87,235.2,242.8,251.82,251.3,253.27,259.97,260.6,259.57,258.35,257.9,253.57,247.77,246.1,239.32,239.67,237.35,226.27,230.45,235.12,232.87,233.72,237.07,240.65,240.85,236.07,232.5,240.27,248.05,241.92,239.7,233.57,228.17,231.67,237.72,246.37,230.32,250.5,248.12,239.97,254.75,257.22,246.8,246.92,246.4,251.25,254.45,261.32,261.0,257.27,259.65,258.1,250.72,248.07,244.07,235.75,237.1,235.42,234.7,233.67,231.97,234.75,237.02,237.7,230.57,231.72,230.8,229.82,233.97,243.45,238.52,239.85,259.35,261.15,256.27,248.1,250.6,251.65,244.2,248.95,241.97,252.17,255.15,254.65,255.43,254.92,253.2,262.45,263.52,260.15,259.17,257.32,257.5,260.5,262.65,266.32,263.27,261.6,264.37,263.82,265.32,265.17,265.57,265.62,263.7,262.2,260.02,259.4,264.25,268.7,267.95,268.97,269.62,270.55,270.67,270.47,270.32,270.32,270.75,271.15,270.62,270.9,270.45,270.32,269.92,268.7,269.62,269.45,270.35,270.95,271.42,271.3,271.17,270.82,270.92,271.05,270.75,270.4,270.6,270.9,271.12,270.97,270.0,269.85,269.57,269.7,269.52,269.57,270.25,270.1
